id_paciente,edad,peso_kg,altura_cm,imc,perimetro_cintura_cm,perimetro_cadera_cm,presion_sistolica,presion_diastolica,frecuencia_cardiaca_reposo,glucosa_ayunas,hba1c,colesterol_total,hdl,ldl,trigliceridos,creatinina,filtrado_glomerular,pcr,vitamina_d,hemoglobina,ejercicio_sem_h,pasos_dia,horas_sueno,consumo_alcohol_sem,cigarrillos_dia,frutas_verduras_dia,sal_diaria_g,nivel_estres,sexo,antecedentes_familiares,actividad_laboral
PAC000000,29,72.2,166,26.2,83,97,136,72,90,100,4.6,182,65,145,106,1.02,99,0.1,17.1,10.2,4,10300,7.5,18,20,1,2.9,9,M,no,sedentario
PAC000001,75,79.9,191,21.9,106,108,142,74,79,148,6.9,199,33,155,192,1.13,98,11.0,41.1,12.9,0,3344,7.6,13,7,0,14.0,10,F,si,ligero
PAC000002,90,73.0,154,30.8,98,104,179,103,85,129,5.4,259,33,143,292,0.54,76,4.7,33.6,17.6,4,2105,3.6,1,14,1,12.3,10,F,no,ligero
PAC000003,69,107.1,150,47.6,83,104,118,80,68,104,6.1,255,49,95,105,0.4,81,0.7,35.0,13.8,3,6194,7.1,19,6,1,17.2,5,F,no,sedentario
PAC000004,28,55.3,169,19.4,84,93,103,79,48,72,4.7,139,69,68,113,1.06,118,1.0,17.9,15.5,11,12614,8.9,3,7,5,7.2,2,F,no,ligero
PAC000005,45,79.8,156,32.8,78,98,136,59,86,74,5.1,142,44,85,40,0.97,91,2.7,9.8,11.5,4,9723,7.4,17,30,2,8.4,9,M,si,ligero
PAC000006,29,63.0,158,25.2,86,110,99,73,92,118,6.0,210,66,183,47,0.86,102,2.5,19.4,12.3,8,10047,7.8,7,20,2,6.5,7,M,no,sedentario
PAC000007,69,107.0,193,28.7,96,89,161,83,67,129,7.4,229,55,207,207,1.22,74,7.9,35.3,17.1,0,3453,8.9,9,0,4,15.7,6,M,si,activo
PAC000008,30,63.8,155,26.6,74,103,122,68,88,78,5.4,209,56,143,103,1.2,88,5.0,18.7,10.0,6,9896,8.3,18,31,0,7.1,10,F,no,ligero
PAC000009,62,60.7,177,19.4,88,100,122,69,78,68,4.4,181,54,142,105,0.87,93,1.6,47.4,13.2,13,13794,9.1,22,0,4,6.3,2,M,no,activo
PAC000010,27,49.6,170,17.2,86,80,124,57,89,81,4.9,165,70,108,40,0.9,93,3.6,35.7,14.3,8,10002,7.4,25,27,5,7.8,9,F,no,activo
PAC000011,83,92.1,141,46.3,124,102,161,107,79,118,5.6,221,49,123,95,0.47,74,6.2,27.8,16.4,1,4454,5.0,14,9,2,12.7,9,M,si,activo
PAC000012,71,121.0,195,31.8,105,98,128,100,71,112,6.9,246,32,154,330,1.0,97,7.5,42.3,12.2,3,4694,6.3,14,12,1,6.5,9,M,no,sedentario
PAC000013,56,49.2,168,17.4,98,102,130,69,58,93,4.8,186,79,58,40,0.95,130,1.7,41.2,14.3,10,11201,8.0,2,4,4,9.3,5,M,no,sedentario
PAC000014,18,59.2,180,18.3,96,101,123,73,80,69,5.0,171,62,131,90,1.04,81,0.2,5.2,13.0,6,14053,8.8,19,22,2,10.2,7,F,si,sedentario
PAC000015,77,101.1,142,50.1,115,103,136,93,94,100,6.7,231,43,86,162,0.47,82,4.1,34.2,18.1,2,3507,6.7,16,18,0,10.2,6,M,si,ligero
PAC000016,72,79.4,205,18.9,133,103,155,84,83,147,7.6,216,65,158,189,1.06,108,7.9,43.9,15.1,0,3081,8.7,2,0,0,8.7,3,F,no,sedentario
PAC000017,71,96.0,192,26.0,113,106,143,94,70,110,8.3,226,30,172,337,1.49,75,7.2,52.9,15.9,1,2200,9.5,20,2,1,9.5,5,F,si,sedentario
PAC000018,77,77.9,141,39.2,88,111,164,97,86,111,4.7,225,53,131,93,0.47,88,0.6,19.6,15.0,0,1922,5.7,19,0,1,10.2,7,F,no,sedentario
PAC000019,47,103.1,190,28.6,106,106,151,90,84,122,7.3,228,51,131,312,1.1,86,4.0,32.6,15.7,0,2152,9.1,7,0,2,10.1,8,M,si,sedentario
PAC000020,78,75.1,198,19.2,107,75,122,90,96,144,6.9,203,26,130,230,1.11,82,5.1,38.4,16.4,2,5328,9.7,15,2,0,11.0,10,M,si,sedentario
PAC000021,60,93.7,189,26.2,111,116,134,81,71,133,7.0,220,32,164,314,1.08,72,4.0,31.9,15.4,0,3019,8.9,2,0,3,9.5,10,M,si,ligero
PAC000022,21,65.6,161,25.3,65,93,147,60,52,63,4.3,139,73,189,40,1.15,89,0.1,22.4,17.8,7,13123,8.5,10,0,6,5.4,5,M,no,sedentario
PAC000023,18,66.4,168,23.5,73,103,103,58,59,70,4.3,211,57,88,40,1.21,96,0.1,40.7,11.8,12,8976,8.2,0,0,5,2.0,2,M,no,ligero
PAC000024,24,54.8,151,24.0,94,115,110,63,80,78,5.1,199,81,182,126,0.93,98,0.1,26.3,10.9,3,8909,8.2,26,25,0,11.9,9,M,no,sedentario
PAC000025,28,71.3,149,32.1,82,89,104,76,93,82,5.7,187,55,120,174,0.73,98,2.2,23.3,13.3,5,5592,7.2,22,24,1,10.4,5,F,si,sedentario
PAC000026,74,79.9,140,40.8,128,95,161,103,97,111,5.4,188,70,122,59,0.51,82,2.3,27.1,14.6,0,2001,6.5,14,4,0,11.9,10,F,no,ligero
PAC000027,83,77.6,187,22.2,107,101,163,96,73,127,6.8,240,47,145,252,1.23,50,7.9,28.1,14.9,0,6033,7.2,0,11,1,11.5,7,F,no,sedentario
PAC000028,56,64.8,148,29.6,82,92,117,68,79,80,4.6,177,42,84,69,1.12,98,4.0,24.3,12.1,6,7522,9.8,19,23,3,6.7,6,M,si,sedentario
PAC000029,18,72.4,158,29.0,60,92,107,78,61,94,4.9,175,47,84,42,0.95,78,2.9,30.1,11.6,3,5584,7.5,14,24,0,6.5,9,M,no,activo
PAC000030,18,71.1,163,26.8,86,111,99,64,63,88,5.9,172,80,86,40,1.15,108,0.1,37.2,15.7,9,17038,7.8,12,0,5,4.2,3,F,si,ligero
PAC000031,65,76.1,149,34.3,100,108,148,98,61,95,6.2,198,25,121,136,0.51,66,6.0,26.5,15.9,0,9200,4.1,12,2,3,11.3,8,M,si,sedentario
PAC000032,38,76.6,155,31.9,92,82,120,80,93,73,5.6,136,58,129,92,0.78,111,0.1,35.8,11.4,4,11035,8.8,17,25,3,7.8,7,M,si,sedentario
PAC000033,64,84.2,140,43.0,108,105,156,86,74,112,6.6,256,59,155,170,0.51,66,6.3,22.1,15.5,0,2745,6.9,9,2,2,14.6,9,M,si,sedentario
PAC000034,34,98.4,205,23.4,96,97,130,82,79,132,7.5,235,58,210,327,0.97,95,6.1,37.5,16.3,1,1251,8.3,17,10,2,7.1,4,F,no,sedentario
PAC000035,69,92.5,199,23.4,129,98,163,97,95,136,8.6,231,52,131,297,1.4,85,6.9,40.4,15.7,0,4123,7.6,19,2,1,13.4,7,M,no,ligero
PAC000036,40,77.1,205,18.3,111,114,134,81,75,135,7.3,282,59,168,274,0.83,44,4.5,55.4,16.2,3,500,8.1,23,15,1,8.6,10,M,si,sedentario
PAC000037,49,78.8,148,36.0,77,96,112,79,76,100,4.6,188,67,124,124,1.1,76,1.2,30.8,11.8,9,7512,6.7,24,17,2,9.9,3,F,no,ligero
PAC000038,65,63.4,146,29.7,101,93,143,97,81,103,6.0,267,67,179,253,0.53,66,7.4,41.7,13.9,1,10042,5.1,21,0,8,12.4,5,F,si,ligero
PAC000039,48,85.9,187,24.6,121,109,143,91,97,141,8.2,297,29,181,244,1.22,75,9.1,31.1,10.2,0,2862,9.3,14,11,0,12.1,7,F,si,ligero
PAC000040,82,112.0,187,32.0,110,101,122,92,77,149,6.9,219,30,142,330,1.23,84,11.4,40.9,16.5,1,3982,9.0,10,8,0,8.3,8,M,no,ligero
PAC000041,18,45.0,156,18.5,96,91,110,55,64,105,5.2,189,47,104,96,0.83,114,0.1,33.0,14.0,5,7384,7.6,1,9,7,6.4,0,M,no,sedentario
PAC000042,62,90.2,198,23.0,101,84,144,84,70,95,6.9,207,38,152,322,1.25,63,7.5,34.6,14.7,1,1283,8.7,5,8,0,8.3,7,F,no,ligero
PAC000043,18,63.5,183,19.0,88,95,129,57,62,75,5.4,152,55,92,97,0.99,89,3.9,33.0,15.0,8,10042,7.8,6,3,2,9.7,1,M,no,ligero
PAC000044,18,64.3,157,26.1,85,107,103,69,70,60,5.3,212,66,125,40,1.08,118,4.1,44.6,14.8,7,13340,6.7,14,1,6,5.1,1,F,no,ligero
PAC000045,36,67.0,161,25.8,93,115,119,84,50,89,4.0,240,58,137,206,1.16,79,3.3,37.1,16.0,7,11159,9.8,0,0,5,5.1,4,M,no,ligero
PAC000046,47,69.6,168,24.7,83,104,130,81,61,72,4.0,189,51,131,40,0.93,98,0.1,42.5,13.5,7,13917,8.4,6,0,8,8.7,3,F,no,ligero
PAC000047,53,68.9,154,29.1,98,100,140,98,71,125,6.4,190,26,183,125,0.72,90,7.6,32.0,16.5,0,500,5.5,8,2,5,13.5,7,M,no,sedentario
PAC000048,42,64.5,162,24.6,93,103,108,63,77,69,5.8,199,57,65,177,0.98,94,3.9,36.2,13.3,4,13120,8.4,0,4,5,6.1,5,M,si,sedentario
PAC000049,90,116.9,142,58.0,102,87,139,98,77,111,5.7,280,57,145,178,0.69,59,1.0,43.6,17.7,0,500,4.9,12,6,1,13.2,7,F,no,activo
PAC000050,87,79.8,140,40.7,101,90,161,94,72,99,4.7,133,48,139,144,0.4,112,5.2,19.4,17.3,2,1815,3.9,13,8,2,9.9,9,F,no,sedentario
PAC000051,28,106.1,169,37.1,78,89,111,76,89,104,5.1,170,70,109,46,0.81,110,0.1,25.1,10.8,7,8712,8.0,26,29,4,10.2,7,M,no,activo
PAC000052,51,88.8,180,27.4,115,94,127,80,81,119,7.5,225,50,153,283,1.26,58,7.4,36.2,16.5,0,5154,9.7,26,8,1,16.0,8,F,si,sedentario
PAC000053,71,71.4,140,36.4,94,102,167,98,78,111,5.6,225,45,150,79,0.58,70,0.9,24.6,14.9,2,3192,4.3,0,10,0,9.1,4,M,no,ligero
PAC000054,28,71.2,156,29.3,68,113,134,74,56,81,4.0,217,54,118,231,1.19,99,0.1,56.2,15.1,11,11358,8.0,6,11,5,9.5,5,F,no,ligero
PAC000055,69,89.7,147,41.5,111,97,166,115,67,117,5.4,247,31,132,167,0.4,113,4.2,32.2,14.7,0,3640,7.3,9,0,1,15.1,8,M,si,sedentario
PAC000056,18,70.4,170,24.4,98,89,123,77,88,78,4.5,178,56,146,194,1.05,86,3.6,29.9,12.0,3,9847,8.5,16,15,0,5.7,9,F,no,activo
PAC000057,35,67.3,176,21.7,84,105,127,64,54,109,5.5,189,31,110,157,0.88,87,0.1,29.1,12.7,3,8688,8.4,0,0,5,4.7,3,M,no,activo
PAC000058,19,95.1,151,41.7,79,87,130,86,79,103,5.6,195,54,134,90,0.9,118,6.5,20.4,11.8,7,9326,5.6,17,26,2,9.5,10,M,si,ligero
PAC000059,18,69.3,176,22.4,84,118,109,80,70,88,5.4,157,83,94,40,1.37,83,0.1,27.0,14.5,11,7238,9.3,0,4,7,5.1,2,M,si,sedentario
PAC000060,71,97.4,150,43.3,108,99,169,92,72,117,4.6,193,61,141,179,0.43,90,1.6,40.8,16.8,4,10212,4.6,20,14,1,10.4,7,F,si,ligero
PAC000061,42,63.3,169,22.2,85,114,138,68,70,83,5.5,237,55,80,138,1.25,93,1.5,28.2,16.5,12,13598,6.0,0,4,4,4.0,7,M,no,ligero
PAC000062,44,56.6,164,21.0,76,116,106,71,49,80,6.7,175,64,97,56,0.62,105,2.2,30.7,14.5,8,12092,9.4,8,0,8,4.2,5,M,si,activo
PAC000063,28,69.1,159,27.3,69,112,128,76,56,60,4.5,182,57,78,171,1.09,77,0.1,37.1,12.3,2,19792,8.1,10,10,5,8.3,4,F,si,activo
PAC000064,37,73.1,163,27.5,80,105,116,77,91,80,5.0,178,46,151,137,0.76,75,5.7,22.9,12.1,9,7397,11.0,22,30,2,11.7,8,M,si,activo
PAC000065,90,82.7,158,33.1,124,118,154,95,74,106,6.0,230,57,178,201,0.55,62,4.4,33.8,13.8,7,951,6.2,8,10,1,15.3,6,F,si,sedentario
PAC000066,90,87.4,140,44.6,116,99,154,107,92,88,5.2,275,57,79,69,0.65,85,6.2,36.2,14.1,0,3804,7.1,10,3,4,10.6,5,M,no,ligero
PAC000067,61,72.6,140,37.0,120,105,139,94,71,100,6.0,185,46,156,241,0.5,87,4.9,16.3,15.0,0,500,4.8,25,2,1,12.4,4,F,no,sedentario
PAC000068,26,54.1,171,18.5,87,103,112,71,54,71,5.7,181,75,112,62,1.34,122,0.1,23.8,14.3,11,15040,9.1,1,0,8,7.9,1,M,si,activo
PAC000069,56,83.0,197,21.4,118,108,150,101,81,120,7.6,252,25,184,263,1.25,55,5.6,27.7,15.6,0,2600,9.9,22,7,3,9.7,7,F,si,sedentario
PAC000070,61,91.9,184,27.1,112,106,130,79,87,146,7.7,245,44,120,257,0.91,80,6.4,39.0,14.5,3,6805,6.7,5,10,3,7.8,10,M,si,ligero
PAC000071,37,60.3,165,22.1,107,99,120,86,73,99,4.7,145,63,110,40,1.07,101,2.8,32.5,10.5,3,6942,7.7,25,23,1,10.1,4,M,no,ligero
PAC000072,90,109.3,205,26.0,125,106,139,76,85,147,6.9,280,45,190,238,1.2,36,6.6,40.3,16.1,0,8149,9.3,25,6,4,10.9,7,F,no,ligero
PAC000073,90,82.1,151,36.0,89,107,181,107,74,93,6.1,221,53,130,60,0.4,63,3.3,36.4,17.4,2,5541,5.4,4,0,2,12.9,4,M,no,sedentario
PAC000074,53,118.8,202,29.1,108,94,137,91,77,141,7.8,330,64,159,189,0.76,59,3.8,20.6,18.0,0,5982,11.0,12,1,1,13.1,6,F,no,activo
PAC000075,18,73.4,152,31.8,70,111,126,68,87,85,5.4,208,60,113,119,0.94,63,3.7,22.5,11.1,4,6472,8.4,13,25,1,9.4,10,F,si,ligero
PAC000076,31,71.5,151,31.4,71,85,130,80,83,86,6.2,179,72,115,40,0.73,75,2.2,40.0,13.3,1,9642,9.4,20,23,3,10.6,7,M,no,ligero
PAC000077,18,98.0,151,43.0,91,107,125,87,72,68,5.0,231,63,138,133,0.89,90,0.1,34.9,14.6,4,7649,8.7,18,17,1,7.7,5,M,si,ligero
PAC000078,29,59.5,153,25.4,66,90,120,59,45,90,4.6,139,59,99,99,1.05,111,2.8,32.2,16.1,9,10536,7.7,6,15,7,10.4,3,F,no,activo
PAC000079,18,77.3,171,26.4,111,97,114,71,85,79,5.8,195,61,136,166,0.71,62,5.8,27.4,11.3,4,9334,9.0,20,17,0,9.8,5,M,no,activo
PAC000080,87,77.1,205,18.3,130,86,138,95,71,109,7.1,247,28,170,225,1.05,73,10.0,40.9,15.5,1,3002,8.5,20,5,0,16.8,7,F,si,ligero
PAC000081,47,103.2,185,30.2,92,98,122,89,72,139,8.3,259,31,169,258,1.41,73,6.8,50.5,15.7,0,1658,11.0,11,0,2,12.4,4,F,si,sedentario
PAC000082,66,97.7,169,34.2,108,92,140,98,56,153,7.1,203,40,204,265,0.76,98,6.3,21.0,13.7,3,2556,8.3,6,2,2,8.4,9,F,si,ligero
PAC000083,34,94.2,157,38.2,83,117,112,78,45,85,5.6,165,60,137,66,0.83,103,0.1,39.3,13.5,8,11186,8.1,7,0,4,7.2,0,F,no,sedentario
PAC000084,26,71.5,178,22.6,76,92,117,60,84,84,5.0,207,61,120,131,0.65,78,1.8,35.5,10.8,5,9664,7.7,20,22,1,9.5,7,M,si,activo
PAC000085,60,55.0,144,26.5,101,99,178,86,80,99,6.2,213,25,122,164,0.4,88,8.3,41.8,16.9,2,4802,5.8,1,8,2,11.8,4,M,no,sedentario
PAC000086,18,63.2,158,25.3,80,90,106,57,60,74,4.8,161,74,55,44,1.06,111,0.1,48.8,15.3,6,11217,6.2,7,0,6,6.2,4,F,no,activo
PAC000087,82,96.5,140,49.2,115,96,152,103,90,113,5.5,230,53,164,166,0.42,57,5.2,25.6,14.6,0,7087,6.3,16,10,2,9.9,6,F,si,sedentario
PAC000088,37,68.4,173,22.9,68,122,108,76,65,70,4.6,192,67,110,167,1.18,120,5.1,42.5,14.9,9,10237,7.7,6,12,6,7.2,2,F,no,activo
PAC000089,64,87.7,198,22.4,113,105,154,91,71,150,7.9,218,44,175,347,1.21,86,10.0,50.3,13.9,0,9382,8.3,24,11,2,11.1,10,M,si,ligero
PAC000090,69,55.0,153,23.5,110,79,172,98,89,96,4.7,221,43,157,157,0.77,68,1.9,21.4,17.0,2,500,5.7,3,0,4,13.1,9,F,no,activo
PAC000091,62,80.4,191,22.0,116,98,134,96,73,117,8.8,204,35,146,269,1.55,70,8.0,48.5,14.1,2,4888,9.1,3,0,1,13.6,4,M,si,sedentario
PAC000092,23,64.9,158,26.0,63,102,102,82,53,84,4.7,153,60,103,97,0.86,86,0.4,47.7,13.3,10,7037,7.5,0,9,7,2.9,6,F,si,sedentario
PAC000093,74,83.6,140,42.7,89,102,155,96,83,96,5.7,195,54,140,151,0.4,64,1.6,27.3,15.7,0,5085,5.1,13,0,2,16.8,3,F,si,activo
PAC000094,64,112.8,199,28.5,106,113,157,80,70,134,6.6,246,31,154,249,1.04,60,0.6,41.4,15.4,1,500,11.0,6,9,0,10.0,8,M,si,ligero
PAC000095,72,71.4,186,20.6,118,99,146,66,81,113,7.1,245,33,167,236,1.02,51,7.0,36.4,16.0,1,1840,10.5,9,3,3,15.1,6,F,si,ligero
PAC000096,18,66.0,194,17.5,60,93,113,88,58,104,4.1,271,77,103,40,0.89,85,2.8,32.3,15.0,4,11615,9.5,10,0,8,4.9,2,M,no,activo
PAC000097,32,61.3,159,24.2,100,102,101,75,69,92,4.0,190,82,105,42,1.14,93,0.5,44.2,16.0,6,12697,7.9,12,4,4,6.9,1,M,si,activo
PAC000098,18,84.9,151,37.2,95,104,125,59,79,87,4.5,197,53,105,161,0.9,114,3.6,21.2,11.1,8,10302,8.3,26,29,1,12.2,8,F,no,sedentario
PAC000099,73,85.0,146,39.9,89,97,169,111,85,123,6.3,254,59,104,66,0.85,95,4.5,36.1,17.3,0,7223,7.0,1,7,3,14.0,7,F,si,sedentario
PAC000100,68,106.0,140,54.1,87,101,160,102,88,100,6.0,254,56,147,160,0.59,72,0.4,39.2,14.3,0,2234,3.9,10,7,1,15.6,6,F,no,activo
PAC000101,68,102.5,155,42.7,111,104,173,103,87,93,5.9,212,53,135,247,0.68,75,1.1,54.3,15.4,0,6708,4.4,4,0,2,13.1,6,M,no,sedentario
PAC000102,65,73.1,201,18.1,117,97,136,74,74,136,7.2,241,40,185,198,1.6,69,8.0,39.3,16.3,2,1232,10.4,10,8,2,14.1,2,F,no,activo
PAC000103,19,56.0,151,24.6,71,99,101,60,76,60,4.0,159,44,124,40,1.07,90,1.0,27.8,12.9,11,12425,8.8,0,7,7,12.3,0,M,no,ligero
PAC000104,63,110.4,145,52.5,110,107,186,115,81,109,7.0,203,36,130,234,0.49,72,4.2,24.4,14.7,0,6224,5.3,0,6,3,14.2,7,M,no,sedentario
PAC000105,57,87.1,191,23.9,121,86,130,86,65,112,7.8,220,41,224,250,1.03,112,6.3,22.0,17.4,0,3790,9.7,7,4,5,13.1,9,M,no,ligero
PAC000106,62,102.6,192,27.8,120,83,146,93,87,148,6.8,264,39,167,202,0.91,69,8.2,43.8,13.2,0,6328,8.8,3,2,4,13.9,5,M,si,sedentario
PAC000107,29,74.0,165,27.2,105,99,117,69,63,93,5.3,156,67,129,95,1.08,104,0.1,26.2,13.3,11,13020,7.0,0,4,5,8.0,3,F,no,activo
PAC000108,55,85.3,197,22.0,125,100,133,74,84,174,6.8,245,43,114,320,1.29,71,4.7,43.8,12.8,4,8940,8.0,13,15,0,6.5,10,F,no,sedentario
PAC000109,45,40.0,164,14.9,64,75,108,72,74,74,6.5,199,72,131,154,0.89,82,0.1,30.6,14.5,9,18718,9.0,6,0,7,5.3,0,M,no,activo
PAC000110,23,65.5,153,28.0,80,84,123,83,72,86,4.1,209,55,102,68,0.86,120,2.1,19.7,8.9,5,8360,8.1,28,30,4,2.9,6,M,no,sedentario
PAC000111,78,106.8,198,27.2,102,119,149,84,91,157,7.6,186,30,141,244,1.07,101,5.6,35.0,15.3,0,500,10.5,14,1,2,11.6,7,F,si,ligero
PAC000112,39,79.5,153,34.0,73,87,144,107,85,84,5.4,230,34,163,170,0.64,77,4.7,24.5,16.1,1,3661,6.0,12,6,5,14.2,10,M,no,sedentario
PAC000113,75,65.7,153,28.1,85,93,139,103,76,109,5.4,199,50,177,175,0.72,53,3.6,40.1,15.4,0,2654,5.7,9,0,2,16.9,8,F,si,sedentario
PAC000114,72,83.2,205,19.8,123,112,137,81,74,153,7.2,228,33,224,288,1.28,109,10.7,35.1,14.5,2,6175,10.3,14,9,2,10.9,10,F,si,sedentario
PAC000115,76,106.7,205,25.4,108,125,128,82,76,119,5.8,205,34,130,319,1.22,100,9.9,34.2,16.3,0,6994,7.9,0,5,3,12.0,6,F,si,ligero
PAC000116,37,76.9,162,29.3,74,91,90,73,65,68,4.8,187,86,92,145,0.9,90,0.1,29.5,14.9,7,4723,7.8,0,0,5,5.1,2,F,no,ligero
PAC000117,56,76.1,151,33.4,117,92,178,96,73,118,7.1,229,53,109,237,0.42,78,3.8,33.6,17.0,0,4485,5.5,12,6,2,9.2,7,M,si,activo
PAC000118,28,74.5,173,24.9,99,97,121,92,84,65,4.8,245,61,119,46,1.34,101,4.8,22.1,13.3,10,14288,9.7,0,0,5,3.2,2,M,si,ligero
PAC000119,20,62.2,172,21.0,63,92,131,79,60,110,5.4,184,60,133,78,1.5,121,2.1,41.4,15.4,13,11412,9.4,3,0,8,3.8,2,F,si,sedentario
PAC000120,38,72.7,178,22.9,89,96,104,83,84,105,5.6,149,75,106,49,1.05,89,2.7,15.0,10.3,0,10164,6.3,17,25,5,9.1,6,M,no,sedentario
PAC000121,39,90.1,189,25.2,129,83,112,95,80,160,7.0,282,40,117,365,1.05,42,5.4,30.0,16.2,2,5160,9.5,12,13,2,8.0,10,M,si,sedentario
PAC000122,63,110.8,192,30.1,148,109,139,80,99,119,5.8,190,35,163,348,1.13,75,5.0,40.7,17.5,0,1509,9.0,4,2,0,12.6,7,M,si,sedentario
PAC000123,84,92.8,140,47.3,133,91,161,97,78,104,4.0,228,50,144,71,0.4,56,3.4,27.0,16.7,0,1763,6.5,14,11,1,11.6,10,F,no,ligero
PAC000124,28,55.0,165,20.2,87,106,133,59,48,81,4.8,187,58,142,106,1.04,102,0.1,36.4,14.6,10,11771,7.0,0,0,6,7.2,2,M,si,sedentario
PAC000125,55,96.2,200,24.0,109,88,133,93,84,125,7.2,189,25,121,233,1.17,90,5.1,46.7,15.8,1,500,9.2,9,0,1,11.8,7,F,si,sedentario
PAC000126,62,80.2,190,22.2,107,94,136,97,85,119,7.5,221,35,167,229,1.29,60,7.3,17.0,17.4,0,3913,8.5,11,12,1,16.1,9,F,si,sedentario
PAC000127,77,85.9,147,39.8,80,84,158,109,90,115,6.0,251,39,148,164,0.56,55,4.3,17.7,17.2,0,500,5.5,9,6,4,13.8,8,M,si,ligero
PAC000128,29,83.8,164,31.2,90,97,103,78,65,90,6.0,207,59,85,81,1.24,80,0.1,49.0,14.7,7,9637,8.4,1,0,5,6.0,6,F,si,ligero
PAC000129,49,74.4,190,20.6,120,115,139,92,79,146,6.9,254,25,153,288,1.17,75,9.1,33.0,13.5,0,3909,9.3,14,0,2,8.8,10,M,si,ligero
PAC000130,38,71.2,160,27.8,87,90,120,91,79,82,5.0,154,51,105,120,0.83,114,3.1,17.5,12.3,10,7510,7.0,12,21,0,11.4,7,F,no,sedentario
PAC000131,64,111.4,165,40.9,95,95,143,92,74,114,4.1,233,25,120,203,0.45,46,3.7,25.9,15.8,1,841,4.0,11,0,1,15.6,9,F,no,sedentario
PAC000132,65,103.2,205,24.6,114,98,138,75,80,124,7.4,266,35,210,233,1.29,79,6.2,44.3,16.0,0,4031,10.9,13,8,1,11.5,8,F,si,sedentario
PAC000133,33,89.1,166,32.3,85,99,126,70,69,120,5.3,187,65,121,68,0.94,107,0.1,31.9,15.8,7,12944,6.6,2,0,5,2.0,2,M,no,ligero
PAC000134,23,85.4,143,41.8,60,108,103,75,75,89,6.1,166,56,122,63,1.11,90,0.4,30.7,14.5,10,12914,9.2,1,0,4,4.5,8,F,no,activo
PAC000135,18,73.3,149,33.0,89,92,109,88,85,111,5.9,166,36,131,73,0.89,111,2.9,21.3,10.0,10,2980,8.5,12,8,3,9.7,10,F,si,ligero
PAC000136,18,71.1,144,34.3,85,101,123,71,84,107,5.0,198,48,92,145,1.01,104,6.5,25.4,13.5,7,6078,7.7,16,33,1,9.5,5,M,no,sedentario
PAC000137,18,66.2,170,22.9,79,92,107,81,67,79,5.0,179,73,100,108,0.95,130,0.5,33.3,13.2,2,9551,7.5,15,23,0,11.2,7,M,no,ligero
PAC000138,64,105.7,205,25.2,101,104,150,92,89,78,7.1,210,50,173,204,1.22,76,5.7,41.5,14.1,0,1193,10.0,8,0,3,9.7,7,M,no,ligero
PAC000139,73,88.5,140,45.2,108,100,166,109,65,94,5.5,214,35,177,139,0.6,39,5.0,24.3,14.9,3,6034,6.3,9,3,3,12.2,2,F,no,sedentario
PAC000140,18,59.9,162,22.8,81,106,104,86,61,116,4.0,132,63,89,114,1.27,105,4.2,20.2,14.5,14,10122,7.8,0,8,6,2.1,3,M,si,activo
PAC000141,39,77.5,153,33.1,100,100,109,89,68,94,5.2,240,56,132,176,1.0,82,5.3,13.9,10.4,7,5407,9.5,21,28,1,11.0,6,F,si,ligero
PAC000142,32,77.6,143,37.9,124,91,161,111,69,70,5.5,232,33,152,94,0.59,65,6.3,18.6,14.7,1,7303,5.8,4,0,3,7.0,8,F,si,sedentario
PAC000143,37,61.2,173,20.4,84,95,110,64,67,75,4.7,200,75,112,49,0.83,80,0.1,13.4,13.9,12,11457,6.6,0,15,7,5.2,6,M,no,activo
PAC000144,41,91.7,175,29.9,78,115,108,75,59,103,6.3,175,61,59,40,1.06,88,2.4,27.2,15.2,10,9301,8.9,0,0,6,8.2,0,F,no,sedentario
PAC000145,58,73.6,199,18.6,107,99,128,97,68,135,7.5,243,40,201,188,1.51,103,8.6,29.6,15.4,0,4400,9.2,19,6,2,10.8,6,F,si,sedentario
PAC000146,83,57.6,159,22.8,63,99,177,103,73,114,4.7,205,43,153,385,0.65,77,6.2,40.9,15.6,0,500,5.4,18,2,3,12.3,7,M,si,sedentario
PAC000147,86,45.9,149,20.7,108,99,145,105,70,80,6.8,207,46,105,150,0.67,95,9.0,33.2,16.2,2,8049,4.4,0,0,1,12.5,9,F,no,sedentario
PAC000148,18,47.6,158,19.1,84,121,90,74,63,74,5.8,201,78,67,98,1.33,117,3.3,38.2,13.4,7,9359,9.8,0,0,6,6.6,0,F,no,sedentario
PAC000149,37,63.4,157,25.7,89,104,117,68,68,119,5.4,208,68,123,54,1.05,117,1.5,13.4,12.7,3,3448,7.0,24,25,4,8.3,8,F,si,ligero
PAC000150,77,87.1,143,42.6,122,94,152,98,75,114,4.4,250,56,170,121,0.4,53,3.1,39.1,14.2,0,6322,4.8,20,2,2,12.3,3,M,si,ligero
PAC000151,21,64.0,153,27.3,87,92,109,69,84,86,5.7,153,78,123,150,1.16,127,6.1,10.9,10.9,2,8957,6.7,28,21,1,9.3,6,M,no,sedentario
PAC000152,34,42.7,155,17.8,88,92,98,69,61,86,4.8,142,71,40,55,1.18,113,0.1,31.7,16.6,14,13296,8.7,0,8,6,2.0,2,M,si,activo
PAC000153,18,58.4,158,23.4,89,108,121,91,45,106,4.0,175,67,72,67,0.71,106,0.1,30.7,15.6,5,14713,8.6,13,0,7,10.0,3,M,si,ligero
PAC000154,52,84.7,153,36.2,86,98,147,94,83,91,7.4,204,35,152,296,0.71,79,4.3,33.4,14.4,0,7813,4.9,13,0,1,15.5,8,F,no,activo
PAC000155,18,91.7,170,31.7,95,96,107,72,82,72,5.1,212,58,68,119,0.78,130,3.7,14.9,10.8,3,10126,8.7,20,28,0,5.8,8,F,no,sedentario
PAC000156,55,116.0,182,35.0,106,93,168,81,70,142,6.2,290,46,128,259,1.03,78,9.5,44.3,13.0,0,500,9.2,15,0,2,11.5,6,F,si,ligero
PAC000157,59,78.2,170,27.1,76,99,118,85,66,107,4.6,136,72,62,40,1.04,106,0.1,21.5,15.3,9,18193,8.4,18,0,6,7.2,3,M,no,activo
PAC000158,57,91.9,197,23.7,103,100,126,100,70,141,6.9,287,25,195,293,1.31,54,7.2,27.5,13.7,2,2028,8.0,2,2,2,11.8,6,M,si,sedentario
PAC000159,33,75.2,152,32.5,97,81,121,72,77,62,4.2,140,60,97,167,0.93,108,1.7,5.0,11.4,3,5691,8.9,26,19,0,11.3,7,M,no,activo
PAC000160,21,56.9,157,23.1,75,75,104,64,89,87,5.5,231,67,103,95,0.98,96,4.4,14.1,11.8,3,10791,8.5,16,27,2,8.0,8,F,no,activo
PAC000161,24,73.3,169,25.7,86,91,119,62,66,60,5.0,154,66,77,154,0.91,92,3.4,55.9,14.7,5,16086,8.2,11,21,5,4.6,2,M,no,sedentario
PAC000162,30,40.0,160,15.6,78,96,119,74,74,85,5.7,155,77,113,64,0.96,111,2.6,29.9,13.5,9,6874,8.9,1,0,3,5.8,2,M,no,ligero
PAC000163,79,100.6,205,23.9,117,83,126,93,74,95,7.4,286,39,142,188,1.37,72,3.7,38.2,14.7,0,500,9.7,1,10,2,10.3,9,M,si,sedentario
PAC000164,44,79.8,202,19.6,110,91,120,74,100,144,7.8,315,48,161,249,1.28,68,4.6,49.6,14.7,0,4647,9.6,13,0,0,10.8,7,F,si,sedentario
PAC000165,32,81.0,171,27.7,90,97,108,77,78,64,5.8,169,56,92,104,0.88,81,2.8,23.3,14.6,2,6703,7.7,15,29,2,12.6,9,M,no,ligero
PAC000166,53,82.2,205,19.6,129,124,151,79,73,114,7.4,269,29,166,194,1.19,54,7.0,38.9,16.3,0,500,7.3,14,25,3,12.8,7,F,si,ligero
PAC000167,22,59.0,158,23.6,64,104,126,94,53,90,4.5,205,86,105,102,0.75,73,2.4,43.9,13.5,6,13202,8.0,0,18,3,5.1,1,F,no,ligero
PAC000168,53,96.1,193,25.8,100,76,166,91,71,150,6.6,264,27,145,360,1.14,66,6.9,44.2,15.9,0,500,8.9,25,6,3,6.0,8,F,si,sedentario
PAC000169,34,46.3,183,13.8,108,89,101,69,61,119,5.4,179,53,79,69,0.95,74,3.1,48.8,11.9,9,14901,8.3,10,4,4,4.5,2,F,si,ligero
PAC000170,55,80.7,142,40.0,100,101,189,116,67,117,5.8,192,63,108,218,0.77,81,4.6,31.3,16.0,1,2254,5.4,1,22,4,13.5,6,M,no,sedentario
PAC000171,19,64.0,152,27.7,98,84,131,87,94,78,4.0,165,72,125,106,0.66,119,5.7,17.7,9.9,6,13104,9.0,17,34,1,8.5,6,M,si,ligero
PAC000172,89,74.1,149,33.4,105,97,146,95,76,105,5.7,188,35,131,156,0.72,84,2.6,34.8,16.5,2,2125,6.9,1,11,0,11.0,6,M,si,sedentario
PAC000173,25,66.0,162,25.1,66,112,104,67,49,106,5.4,184,71,40,140,0.72,130,0.9,39.1,14.2,6,11966,7.4,5,1,5,4.1,0,M,si,activo
PAC000174,30,58.1,165,21.3,103,83,120,75,87,93,4.3,224,46,79,150,0.75,85,4.6,19.4,12.0,5,7825,10.9,23,30,0,6.2,7,M,si,sedentario
PAC000175,63,102.3,190,28.3,143,98,145,87,69,124,6.2,217,30,153,154,0.97,64,10.0,38.9,14.2,0,2537,9.0,25,0,1,10.2,7,F,si,activo
PAC000176,34,55.4,168,19.6,81,108,119,71,62,83,4.8,124,62,86,40,1.46,119,0.1,35.9,13.9,9,9589,8.6,13,1,2,5.8,0,F,si,activo
PAC000177,33,81.8,181,25.0,105,89,122,71,49,60,5.2,203,56,74,68,0.86,115,4.4,35.9,15.9,5,10574,7.9,4,0,2,5.4,3,M,no,sedentario
PAC000178,83,85.7,194,22.8,118,112,125,89,78,110,8.3,253,32,159,279,0.95,70,7.1,22.3,17.2,0,2182,9.1,13,3,1,15.0,10,F,si,sedentario
PAC000179,28,102.6,163,38.6,93,89,119,75,84,79,5.4,183,83,136,108,0.97,70,7.0,28.7,12.2,9,9230,7.5,9,22,5,5.9,8,F,si,ligero
PAC000180,18,61.6,164,22.9,87,116,117,70,67,71,4.0,152,84,114,148,1.02,117,3.4,36.6,13.1,8,13331,7.9,0,2,4,9.5,0,F,no,sedentario
PAC000181,64,116.7,146,54.7,92,92,144,111,82,88,5.8,204,36,122,81,0.43,64,7.4,40.7,18.3,4,3669,4.5,23,8,2,14.4,9,M,si,ligero
PAC000182,18,53.4,159,21.1,67,85,117,67,63,67,4.9,162,54,90,75,0.92,114,0.1,41.6,14.7,11,16809,10.1,6,0,6,5.0,3,M,no,ligero
PAC000183,18,75.4,148,34.4,95,91,115,85,91,65,6.4,216,55,99,129,0.85,89,5.0,16.7,13.7,6,8942,9.4,26,30,0,5.0,1,M,no,sedentario
PAC000184,79,73.4,161,28.3,90,86,142,110,63,108,6.2,191,51,120,223,0.47,103,2.7,25.5,17.1,5,5481,6.5,0,13,4,12.9,8,M,si,activo
PAC000185,50,75.7,170,26.2,81,106,115,82,61,89,4.0,190,66,75,41,1.05,96,2.1,26.7,13.4,7,12346,6.7,9,5,5,6.7,4,M,no,activo
PAC000186,30,59.1,158,23.7,62,99,120,81,71,92,4.3,159,73,63,61,0.97,101,1.7,35.8,15.5,12,10011,7.7,4,0,6,4.0,1,F,no,activo
PAC000187,19,84.5,166,30.7,67,95,105,68,50,60,4.5,219,56,72,95,0.96,75,1.4,42.3,15.3,5,11508,5.6,3,8,8,6.9,0,M,no,activo
PAC000188,39,57.1,162,21.8,82,113,107,62,55,96,4.6,158,80,143,117,1.06,130,0.9,36.4,15.0,5,10068,8.6,17,18,3,5.1,0,F,no,activo
PAC000189,65,74.6,142,37.0,98,93,154,102,92,105,5.4,268,57,165,203,0.6,60,3.8,27.8,19.0,1,1397,7.7,10,1,2,15.6,6,M,si,sedentario
PAC000190,56,77.4,198,19.7,136,108,154,73,67,134,6.4,197,28,121,237,1.2,96,5.8,16.5,13.6,0,4528,11.0,4,0,1,10.0,7,M,si,sedentario
PAC000191,78,101.0,140,51.5,96,117,163,95,77,106,5.5,229,44,153,145,0.64,69,3.6,43.1,16.3,0,1954,4.9,5,0,4,15.3,4,F,no,sedentario
PAC000192,36,55.9,163,21.0,82,105,115,71,69,82,5.2,160,67,131,93,1.07,103,0.1,33.4,12.5,8,13967,7.8,0,0,5,8.2,6,M,si,ligero
PAC000193,18,75.0,152,32.5,94,91,130,78,84,61,6.0,226,60,163,97,1.08,79,5.5,14.6,14.1,7,9304,6.4,23,30,2,15.6,6,M,no,sedentario
PAC000194,32,73.3,177,23.4,77,87,126,66,65,88,4.6,179,59,107,53,1.0,92,0.1,34.5,13.6,5,11713,8.1,0,6,6,5.3,3,F,si,activo
PAC000195,72,80.8,143,39.5,120,81,161,107,81,96,6.4,233,40,186,125,0.82,76,3.2,43.5,17.8,3,4959,3.0,16,1,1,15.2,8,F,no,sedentario
PAC000196,58,85.1,197,21.9,132,108,157,79,63,138,5.6,278,32,167,118,1.29,55,4.4,8.7,12.7,0,500,11.0,0,0,1,14.8,8,M,no,sedentario
PAC000197,21,47.3,161,18.2,87,83,148,80,68,79,6.2,202,65,74,211,0.94,79,3.4,35.9,13.5,4,8101,7.1,17,32,0,10.1,6,F,no,sedentario
PAC000198,22,66.2,162,25.2,73,102,126,67,92,76,6.2,248,68,103,40,1.12,88,6.3,20.9,11.8,1,7301,7.9,30,17,3,12.3,8,M,no,ligero
PAC000199,65,64.3,181,19.6,104,108,157,83,80,151,7.5,253,37,211,220,1.28,61,6.2,44.3,16.5,5,500,8.6,6,12,0,15.7,7,F,no,ligero
PAC000200,57,78.9,192,21.4,129,103,112,88,77,129,6.4,273,53,188,270,0.83,69,2.9,34.1,14.9,0,500,8.5,15,9,0,9.9,6,F,no,ligero
PAC000201,72,98.2,197,25.3,114,102,139,80,76,165,7.0,222,28,87,353,0.93,65,7.6,27.5,14.8,0,2412,10.7,19,8,1,14.1,8,F,si,sedentario
PAC000202,41,63.3,166,23.0,91,107,152,76,66,91,6.3,186,57,76,59,1.0,88,4.1,43.9,12.6,8,12784,9.8,0,0,5,2.9,2,M,no,activo
PAC000203,78,83.8,145,39.9,105,92,169,92,66,79,5.2,226,51,129,263,0.4,54,8.3,42.2,16.8,3,1868,4.2,6,3,2,11.6,5,F,si,ligero
PAC000204,27,71.7,149,32.3,84,78,121,81,74,93,4.3,157,65,105,68,1.34,61,3.9,11.3,13.5,3,15343,10.4,5,30,1,12.1,8,F,no,ligero
PAC000205,75,90.1,194,23.9,117,117,153,79,82,140,9.3,261,56,225,244,1.27,83,9.3,44.0,17.0,0,500,9.2,4,10,0,10.3,7,M,si,sedentario
PAC000206,18,74.9,158,30.0,92,84,119,75,82,113,6.0,160,49,119,210,1.3,83,7.7,20.5,11.7,7,7997,8.4,23,18,2,6.9,9,M,si,sedentario
PAC000207,42,79.8,169,27.9,63,105,117,79,65,68,4.9,173,68,140,106,0.78,98,3.2,26.0,16.8,7,8702,10.0,10,0,5,10.4,2,M,no,activo
PAC000208,35,96.8,159,38.3,73,105,105,83,56,127,4.7,151,73,146,40,1.01,100,5.0,38.9,15.9,10,10182,8.5,2,4,4,5.3,7,M,si,ligero
PAC000209,57,57.1,142,28.3,72,93,122,72,81,125,5.7,202,63,104,98,0.85,106,3.2,7.1,12.9,6,6811,6.9,21,27,0,12.1,8,F,si,activo
PAC000210,18,65.8,157,26.7,88,109,115,66,80,90,4.9,155,53,97,127,0.95,114,4.8,21.6,9.7,5,9832,8.2,19,25,0,14.7,7,M,si,activo
PAC000211,65,85.6,199,21.6,114,119,148,97,88,124,6.6,210,25,172,352,0.95,83,6.7,37.5,12.8,0,500,9.8,21,14,0,10.1,7,M,no,ligero
PAC000212,74,101.7,158,40.7,84,100,160,81,79,106,4.9,197,57,165,238,0.47,64,4.3,34.1,16.0,1,2969,6.9,22,9,2,6.3,6,F,si,sedentario
PAC000213,48,87.7,174,29.0,99,107,109,90,70,145,5.9,261,36,148,240,1.2,84,5.6,35.2,16.9,2,1968,9.6,12,15,2,9.3,9,M,si,activo
PAC000214,43,70.4,170,24.4,60,106,119,88,74,110,4.8,181,75,70,147,1.14,99,2.3,36.9,14.6,6,10595,7.5,6,0,8,6.5,2,M,no,activo
PAC000215,79,102.0,205,24.3,110,106,143,90,70,143,5.9,228,28,131,196,1.11,83,9.2,29.2,14.7,1,5419,8.3,11,17,0,8.1,6,F,no,sedentario
PAC000216,18,100.8,154,42.5,84,102,112,70,85,74,5.3,194,58,151,185,0.88,115,2.4,25.7,14.4,6,6190,7.3,23,17,3,12.7,10,M,no,sedentario
PAC000217,62,61.5,192,16.7,117,116,145,99,72,129,8.3,265,25,150,269,1.17,100,8.3,16.2,12.7,0,500,8.9,8,4,2,13.0,7,F,si,activo
PAC000218,18,91.6,150,40.7,68,85,139,77,74,71,4.4,183,67,130,139,0.9,92,0.2,23.4,12.2,5,6882,8.8,22,23,1,5.5,7,M,no,ligero
PAC000219,18,97.2,161,37.5,70,101,107,75,62,111,5.2,165,72,146,40,0.75,106,1.8,40.1,13.4,12,9353,9.3,0,0,6,8.0,1,M,si,sedentario
PAC000220,66,92.8,142,46.0,106,103,176,105,73,80,5.1,238,40,127,263,0.78,76,8.5,29.2,15.9,0,9892,4.4,4,18,2,13.2,7,M,si,ligero
PAC000221,90,56.5,151,24.8,120,88,174,108,85,95,6.5,247,39,172,133,0.7,68,3.6,19.6,15.2,7,2523,4.4,11,2,3,20.0,7,F,no,activo
PAC000222,18,71.0,151,31.1,91,77,126,61,88,78,5.4,172,52,101,234,1.13,67,2.7,25.0,11.4,5,9428,5.6,33,26,1,7.4,9,M,no,sedentario
PAC000223,80,71.7,197,18.5,103,112,137,85,93,156,5.6,238,47,136,249,1.19,86,4.0,37.6,15.2,0,3816,11.0,14,5,1,12.9,4,M,si,ligero
PAC000224,82,89.7,204,21.6,100,100,164,92,78,132,7.4,190,30,224,315,1.14,92,4.8,26.1,15.7,0,1803,9.7,16,22,1,11.5,6,F,no,sedentario
PAC000225,37,54.7,140,27.9,89,116,136,82,78,60,5.2,162,82,98,40,0.95,85,0.5,43.0,12.9,4,9665,8.8,0,0,6,5.4,0,M,no,ligero
PAC000226,81,96.6,177,30.8,120,92,148,105,76,104,4.5,143,46,170,147,0.59,69,3.1,30.8,16.6,5,4833,3.9,1,0,3,11.5,8,M,no,activo
PAC000227,43,43.7,183,13.0,70,100,109,73,62,98,5.5,161,70,131,60,1.07,104,0.1,30.0,14.5,7,16022,5.9,3,3,6,2.0,1,F,no,activo
PAC000228,80,71.6,169,25.1,118,83,162,95,79,92,5.2,237,54,143,303,0.4,83,2.2,30.1,14.8,0,2251,6.3,12,0,2,9.7,8,F,no,sedentario
PAC000229,18,103.8,151,45.5,66,83,90,62,82,82,5.4,171,66,106,136,1.19,76,3.1,24.5,14.1,10,8465,8.4,27,5,5,9.5,4,F,no,ligero
PAC000230,28,51.3,166,18.6,93,95,103,86,81,111,6.3,156,73,126,156,1.09,73,2.5,31.0,12.4,11,14922,7.2,13,0,6,4.4,2,F,si,activo
PAC000231,50,75.5,184,22.3,115,91,113,97,83,123,6.1,238,25,152,217,1.16,94,7.3,31.1,13.3,0,5970,9.1,13,10,0,8.3,8,F,si,sedentario
PAC000232,67,91.1,205,21.7,130,115,160,86,91,143,7.4,290,29,149,306,1.23,68,5.2,35.2,16.3,1,5352,9.2,18,1,0,11.2,8,F,si,sedentario
PAC000233,18,71.7,159,28.4,87,104,116,71,82,61,6.1,213,50,103,102,0.76,106,1.7,28.2,12.4,3,8725,9.5,16,28,3,10.4,10,F,no,ligero
PAC000234,54,59.4,162,22.6,73,87,125,68,50,73,4.1,178,71,82,132,1.21,108,0.5,29.0,11.9,7,17217,9.0,18,0,5,4.2,2,M,si,ligero
PAC000235,18,72.6,181,22.2,84,75,129,65,92,118,4.7,229,54,128,142,0.9,111,3.2,8.7,11.1,6,6281,8.4,18,24,3,9.9,8,F,no,activo
PAC000236,39,80.9,149,36.4,114,95,116,88,53,116,4.0,225,79,96,206,0.97,110,0.1,42.8,12.2,3,14490,6.7,6,8,6,4.6,0,M,no,sedentario
PAC000237,43,71.5,170,24.7,93,109,104,60,57,96,5.9,178,71,143,101,1.15,130,1.9,26.6,16.3,12,10862,8.9,4,0,4,3.1,6,F,no,activo
PAC000238,48,58.8,155,24.5,77,111,119,79,84,105,4.9,224,39,121,183,1.08,74,0.1,5.0,11.6,3,7345,8.3,25,9,2,10.8,8,M,si,sedentario
PAC000239,18,73.3,163,27.6,89,109,101,62,67,90,4.1,129,55,157,131,1.23,79,0.9,32.2,17.1,8,12013,8.7,0,6,6,4.2,3,F,no,sedentario
PAC000240,79,97.6,154,41.2,100,106,165,99,69,107,6.7,279,36,153,202,0.51,60,4.6,21.9,17.0,0,1778,6.6,9,1,0,13.5,3,F,no,sedentario
PAC000241,64,103.5,181,31.6,122,95,145,76,79,123,8.0,291,51,156,176,1.23,77,10.5,25.2,12.9,1,5690,8.8,19,0,2,7.2,7,M,si,ligero
PAC000242,18,85.5,169,29.9,92,107,136,79,80,96,5.6,224,40,179,166,0.87,106,4.2,37.5,8.3,5,6606,7.4,17,22,4,11.5,7,M,no,sedentario
PAC000243,69,83.0,143,40.6,92,98,162,98,66,98,6.8,267,25,92,173,0.67,77,5.0,52.5,17.2,2,3897,4.4,13,3,6,16.2,5,M,no,sedentario
PAC000244,48,68.0,141,34.2,81,100,127,83,95,90,5.0,148,90,92,97,0.87,111,1.3,10.9,13.9,2,7115,8.9,25,29,2,11.4,9,F,si,ligero
PAC000245,82,91.6,148,41.8,86,109,158,97,72,103,5.7,242,40,113,212,0.81,72,5.3,36.3,18.7,0,3717,5.9,0,19,3,11.5,4,M,si,sedentario
PAC000246,73,96.3,192,26.1,106,109,134,86,72,136,8.3,261,27,142,215,1.19,74,7.9,32.8,14.1,0,500,8.9,14,6,2,13.6,7,M,no,sedentario
PAC000247,28,63.2,166,22.9,80,81,117,75,65,101,4.0,203,58,123,52,1.09,71,2.9,29.1,10.9,4,9663,6.7,28,17,1,11.0,10,F,no,sedentario
PAC000248,38,58.8,167,21.1,79,103,94,79,62,105,4.0,166,70,134,102,1.05,110,6.9,44.5,14.1,8,13497,9.2,2,1,7,6.8,3,F,no,sedentario
PAC000249,90,69.8,140,35.6,94,82,178,89,80,96,6.2,228,38,125,117,0.55,67,1.5,34.4,18.8,1,1979,4.5,0,0,2,17.8,4,M,no,sedentario
PAC000250,37,87.9,150,39.1,74,114,136,74,69,115,4.1,216,69,128,118,1.31,97,0.1,49.7,15.3,8,13173,7.3,0,18,5,2.9,3,M,no,sedentario
PAC000251,27,67.3,166,24.4,89,106,125,65,49,85,5.8,200,64,88,171,1.17,113,0.2,46.5,15.8,5,10746,8.8,7,3,6,2.7,0,F,no,ligero
PAC000252,66,99.1,202,24.3,119,113,134,81,97,138,7.3,252,25,153,261,1.16,95,7.5,26.4,13.8,0,500,7.9,3,8,0,7.9,7,M,si,sedentario
PAC000253,71,112.6,205,26.8,136,94,140,90,84,164,6.7,183,54,215,322,0.92,90,6.6,41.6,15.4,0,3504,9.8,14,5,3,9.2,6,F,si,ligero
PAC000254,32,55.5,171,19.0,73,108,110,72,52,81,5.5,195,89,84,104,1.09,92,2.1,37.5,14.6,5,15345,8.8,12,7,7,6.0,0,F,si,sedentario
PAC000255,64,98.7,198,25.2,96,96,160,83,88,121,7.6,234,31,155,343,1.37,55,5.2,44.8,15.0,0,2102,7.7,26,3,1,9.2,10,M,si,sedentario
PAC000256,58,96.0,188,27.2,109,93,141,99,65,140,6.9,222,56,161,141,1.58,79,6.2,42.1,15.5,3,2787,9.4,10,1,2,13.4,10,M,si,sedentario
PAC000257,40,65.0,170,22.5,72,106,120,70,54,84,5.8,143,85,83,40,0.87,105,0.1,28.3,14.4,4,15105,8.8,5,2,5,7.3,1,F,si,sedentario
PAC000258,68,83.3,190,23.1,130,77,126,100,73,140,7.1,174,25,197,282,1.25,92,6.8,36.0,13.6,2,500,7.8,22,0,0,15.0,4,F,si,sedentario
PAC000259,85,91.9,140,46.9,106,109,150,99,63,108,6.2,238,56,141,299,0.48,66,2.5,37.6,18.1,0,8692,6.9,4,7,0,11.3,4,F,no,sedentario
PAC000260,25,63.9,159,25.3,92,97,125,58,47,92,5.8,141,72,40,40,0.82,102,0.1,29.4,14.8,9,12022,10.1,9,0,3,8.5,0,M,no,sedentario
PAC000261,39,91.0,200,22.8,126,107,141,92,79,130,6.9,268,28,156,169,1.14,73,11.5,37.7,17.2,0,5161,7.7,8,6,0,7.5,7,F,si,sedentario
PAC000262,49,62.3,157,25.3,70,125,109,60,59,60,4.6,207,66,82,52,0.71,69,0.3,20.7,12.5,4,12029,7.6,8,9,5,6.5,2,M,no,sedentario
PAC000263,40,54.9,161,21.2,71,90,109,71,65,91,7.3,223,93,125,138,1.18,72,3.7,37.2,16.6,8,13898,8.2,4,0,3,7.1,1,M,no,activo
PAC000264,30,66.5,150,29.6,75,99,129,70,64,93,6.4,214,72,98,96,1.0,104,4.1,30.0,14.0,11,7690,10.6,0,3,6,5.6,4,F,si,ligero
PAC000265,39,58.5,171,20.0,65,103,115,66,73,84,4.8,130,73,98,82,1.15,102,4.9,15.8,11.9,4,10386,8.2,20,38,1,10.0,4,M,no,ligero
PAC000266,62,91.7,196,23.9,115,95,148,92,77,138,7.8,192,36,222,318,1.22,59,5.0,39.1,15.9,0,3620,7.3,10,0,3,10.9,8,F,si,sedentario
PAC000267,44,86.9,186,25.1,124,100,171,84,76,126,7.2,209,42,120,288,1.21,67,8.7,48.8,17.0,0,5647,7.1,14,0,2,10.5,8,F,si,activo
PAC000268,25,40.0,154,16.9,88,101,132,83,89,88,5.1,204,48,115,73,0.89,101,1.3,19.9,11.6,4,8411,7.9,19,16,0,8.5,10,M,si,sedentario
PAC000269,23,69.0,176,22.3,72,108,99,70,66,80,5.0,147,73,83,50,1.09,85,0.1,25.6,12.7,4,16065,8.7,3,0,6,4.5,5,M,no,sedentario
PAC000270,46,49.9,161,19.3,95,93,104,67,56,60,4.3,123,61,98,48,0.88,85,2.4,45.1,15.7,5,10289,7.3,8,6,3,9.5,5,M,no,sedentario
PAC000271,38,56.9,163,21.4,78,91,107,64,68,101,5.9,149,59,133,70,0.93,130,1.8,39.8,14.0,8,9682,8.2,0,0,5,8.8,1,M,no,ligero
PAC000272,23,75.4,165,27.7,94,101,117,74,57,94,4.7,176,81,93,77,1.12,114,3.5,34.9,17.4,8,16484,7.8,12,0,7,7.6,3,M,si,ligero
PAC000273,20,60.7,173,20.3,69,104,99,80,47,93,5.6,192,61,86,154,1.27,101,2.4,30.9,13.6,12,9303,7.0,0,4,4,6.8,2,F,no,ligero
PAC000274,76,81.8,152,35.4,112,117,163,85,98,83,6.0,174,30,159,232,0.4,49,7.9,51.3,14.0,0,500,8.0,9,1,0,13.5,4,F,si,sedentario
PAC000275,61,91.3,155,38.0,108,92,164,102,74,107,6.7,200,40,126,168,0.4,60,5.3,29.1,16.3,4,980,4.3,10,16,2,13.6,7,M,si,sedentario
PAC000276,69,121.3,199,30.6,103,108,154,88,77,150,7.7,280,25,154,241,0.63,73,8.9,31.8,15.0,1,3410,9.7,0,2,3,10.9,1,F,si,sedentario
PAC000277,38,47.7,165,17.5,69,86,100,78,90,60,5.1,187,45,87,117,0.94,97,1.8,17.0,14.0,7,8588,7.9,25,32,1,9.3,6,M,no,ligero
PAC000278,75,91.5,141,46.0,120,84,176,105,85,101,5.3,247,57,123,179,0.4,87,7.3,22.7,13.9,1,536,5.6,5,2,3,13.8,7,F,si,ligero
PAC000279,40,65.6,156,27.0,74,87,116,86,98,78,5.1,191,46,110,152,1.02,115,4.6,27.4,12.8,7,5958,9.8,21,26,4,11.8,10,M,si,sedentario
PAC000280,77,95.5,147,44.2,91,114,150,102,70,98,5.7,213,31,142,129,0.43,62,4.1,13.6,16.3,1,5908,5.9,16,3,4,8.7,7,M,no,ligero
PAC000281,58,94.7,191,26.0,113,125,135,72,83,124,7.1,220,41,144,214,1.47,75,7.6,39.9,13.4,0,7184,6.0,20,19,0,13.5,10,M,si,ligero
PAC000282,33,68.0,175,22.2,87,96,121,68,60,99,4.0,195,33,107,112,1.37,97,2.2,48.9,13.0,7,11810,9.0,6,0,4,5.4,0,F,no,sedentario
PAC000283,54,76.8,181,23.4,74,100,132,75,76,70,5.5,153,85,131,144,1.18,123,0.1,39.4,14.7,8,12295,8.0,1,3,7,6.0,3,F,no,activo
PAC000284,64,80.8,176,26.1,132,120,141,80,75,113,7.0,258,49,169,263,1.27,88,9.0,53.2,14.6,0,6970,9.4,12,3,2,10.8,10,F,si,sedentario
PAC000285,47,77.2,177,24.6,82,93,146,76,65,69,6.8,204,81,144,123,1.14,130,0.1,35.6,14.3,6,15225,8.0,12,0,8,9.7,4,F,no,sedentario
PAC000286,50,80.9,148,36.9,103,97,142,94,78,80,5.7,249,59,155,150,0.6,59,7.1,12.5,13.6,0,4052,6.1,3,3,5,11.6,5,F,si,ligero
PAC000287,33,71.7,151,31.4,75,116,114,86,58,108,4.0,196,71,89,85,1.01,80,1.1,44.1,13.9,11,14161,8.9,0,13,4,7.1,2,F,no,ligero
PAC000288,86,101.6,188,28.7,115,123,128,95,56,134,8.3,256,25,174,271,1.28,59,5.2,27.1,14.6,0,2292,9.2,17,5,0,8.8,7,M,no,sedentario
PAC000289,58,78.7,193,21.1,124,98,146,87,87,125,8.7,231,25,188,305,1.17,86,7.2,30.2,16.0,0,6609,9.8,8,5,3,12.2,5,F,si,sedentario
PAC000290,67,93.0,202,22.8,114,121,135,86,78,129,7.2,217,31,116,317,1.23,78,7.1,36.5,13.8,1,1449,9.6,7,4,0,10.7,10,F,si,sedentario
PAC000291,23,55.0,190,15.2,80,114,107,86,60,92,4.9,187,55,116,40,1.41,91,3.7,47.0,16.4,7,12258,7.8,1,0,7,4.0,2,M,si,sedentario
PAC000292,79,92.5,140,47.2,104,87,158,94,83,106,6.1,258,25,156,122,0.64,92,2.4,44.9,15.4,2,5994,5.6,20,9,2,14.7,8,M,no,ligero
PAC000293,77,84.1,145,40.0,100,100,165,104,71,88,5.3,209,45,159,186,0.4,73,3.8,14.8,15.3,0,7993,4.4,0,0,3,12.1,8,F,si,sedentario
PAC000294,55,84.9,187,24.3,133,92,135,87,78,113,7.7,212,46,166,435,1.19,78,5.2,35.5,14.4,0,4477,8.7,23,0,1,7.7,5,F,si,sedentario
PAC000295,73,78.7,186,22.7,100,99,148,96,90,141,7.2,229,34,159,294,1.21,98,6.6,33.5,12.7,1,4266,9.0,5,7,0,13.9,10,M,no,activo
PAC000296,72,91.5,155,38.1,120,92,161,96,87,98,5.7,232,50,140,248,0.47,82,4.7,16.4,13.5,2,5505,5.4,11,23,5,10.2,3,F,si,ligero
PAC000297,18,52.4,169,18.3,66,96,99,75,59,82,5.1,132,74,92,102,0.99,91,1.7,43.1,15.6,7,10066,6.1,0,0,7,2.0,6,M,no,ligero
PAC000298,83,101.6,152,44.0,105,93,165,110,67,87,5.2,210,50,156,181,0.4,87,7.7,27.3,15.5,0,9905,6.7,11,4,1,17.8,8,F,no,activo
PAC000299,53,100.1,205,23.8,84,101,151,86,82,124,6.2,255,61,141,273,1.16,80,6.9,21.6,16.6,0,3167,6.4,6,17,1,14.2,6,M,no,sedentario
PAC000300,86,90.6,157,36.8,98,96,163,102,85,133,5.5,276,25,126,162,0.4,91,5.4,53.2,14.8,3,1399,6.2,5,0,1,10.3,4,M,no,sedentario
PAC000301,61,69.6,143,34.0,120,103,165,86,80,92,6.0,184,63,183,219,0.63,65,3.6,39.6,15.8,6,7604,6.6,11,0,3,8.1,8,M,no,activo
PAC000302,80,86.0,204,20.7,105,93,133,76,77,121,6.9,217,25,181,246,1.06,88,4.5,47.4,16.0,0,4653,9.3,5,5,0,10.0,7,M,si,sedentario
PAC000303,30,52.1,152,22.6,83,113,90,88,50,106,5.0,166,65,91,55,0.91,101,1.5,28.7,14.7,10,10554,8.3,0,4,2,8.5,1,M,si,sedentario
PAC000304,82,78.7,197,20.3,100,99,172,104,87,130,6.6,287,47,212,217,1.17,82,8.2,29.3,15.5,0,5800,7.4,10,2,1,9.2,7,F,si,sedentario
PAC000305,18,71.3,170,24.7,83,104,120,90,54,71,4.0,168,63,64,104,1.03,89,0.1,56.1,15.9,9,10539,6.5,4,0,6,5.9,6,F,no,activo
PAC000306,64,73.3,140,37.4,129,97,149,106,78,100,6.1,238,57,129,167,0.55,56,4.2,57.9,15.5,5,1898,6.1,12,0,5,14.7,7,M,no,ligero
PAC000307,76,110.8,140,56.5,109,108,142,95,78,115,5.6,283,40,197,169,0.4,70,4.0,32.6,15.6,4,3948,4.6,0,10,2,9.5,10,M,si,sedentario
PAC000308,75,84.8,197,21.9,96,114,151,88,78,153,7.3,297,28,144,217,1.12,75,3.3,34.9,14.7,3,4329,9.9,11,0,2,8.8,10,F,no,sedentario
PAC000309,35,66.9,163,25.2,96,98,123,74,67,82,4.1,176,70,68,40,1.18,127,1.6,40.8,14.8,8,10836,10.0,2,0,2,3.8,3,M,si,ligero
PAC000310,85,92.5,197,23.8,136,100,126,87,86,82,6.2,211,49,135,283,0.96,92,6.1,47.0,15.9,0,812,7.0,16,8,3,9.1,5,F,si,sedentario
PAC000311,60,84.4,159,33.4,107,116,160,95,59,94,6.4,244,46,146,187,0.64,61,6.1,32.0,18.4,0,6978,6.3,14,12,4,14.7,8,M,si,sedentario
PAC000312,72,90.2,192,24.5,115,96,129,76,88,107,8.1,211,47,106,210,1.01,93,6.5,41.6,15.6,0,4069,9.6,9,8,0,13.8,10,F,no,sedentario
PAC000313,32,54.9,186,15.9,97,109,116,67,63,94,4.3,207,64,143,105,0.94,96,2.2,52.6,15.5,10,9751,9.6,3,6,3,4.1,4,M,no,sedentario
PAC000314,31,83.1,178,26.2,74,108,136,69,58,120,4.6,167,55,78,40,1.32,77,0.2,32.3,14.1,13,16114,9.3,0,0,5,12.9,3,F,no,ligero
PAC000315,47,97.9,189,27.4,144,101,149,88,93,131,5.5,210,32,243,276,1.04,99,6.0,31.4,14.9,0,500,6.5,13,15,0,11.8,8,F,no,sedentario
PAC000316,25,64.9,156,26.7,96,113,129,74,84,101,5.0,150,73,58,87,1.2,107,2.3,19.3,12.9,4,13272,7.9,14,14,0,11.4,8,M,no,sedentario
PAC000317,50,100.1,198,25.5,111,122,123,70,80,127,7.7,204,39,79,266,0.8,93,8.0,26.8,13.8,1,6155,9.1,8,15,0,8.7,5,F,si,ligero
PAC000318,88,81.0,156,33.3,97,96,156,100,81,99,5.6,223,40,112,271,0.93,75,4.6,40.1,15.9,1,2210,5.8,0,10,1,11.4,9,F,si,sedentario
PAC000319,88,68.6,140,35.0,86,84,169,87,83,102,4.4,201,28,138,71,0.61,74,4.1,24.4,14.7,0,5900,5.6,12,5,3,12.5,4,F,no,sedentario
PAC000320,36,56.7,170,19.6,73,103,110,80,65,111,5.4,129,77,74,74,0.74,88,1.0,28.2,14.0,8,9914,8.1,0,0,8,2.0,2,F,no,ligero
PAC000321,73,113.3,191,31.1,110,119,127,89,71,141,6.6,279,51,162,227,1.02,66,7.0,53.1,14.5,2,4300,8.2,12,0,0,8.5,9,F,no,sedentario
PAC000322,66,88.7,185,25.9,104,108,137,87,79,116,7.7,243,30,157,271,1.21,69,4.4,30.8,16.8,2,5413,10.2,12,15,2,4.2,6,F,no,sedentario
PAC000323,41,101.3,205,24.1,126,102,134,75,77,125,8.0,220,25,138,214,0.96,70,8.5,32.2,15.3,1,6177,10.5,9,10,0,16.7,6,F,si,ligero
PAC000324,18,60.6,148,27.7,75,94,131,89,89,96,5.0,181,63,109,62,1.06,103,4.2,36.9,10.9,2,6001,8.0,16,25,1,8.4,8,F,si,sedentario
PAC000325,22,51.0,157,20.7,103,113,104,50,66,60,5.7,163,62,105,62,1.07,93,1.3,42.2,15.8,8,13108,10.3,0,0,9,6.7,2,F,si,ligero
PAC000326,26,71.0,159,28.1,82,92,130,63,74,86,4.1,193,56,146,148,0.79,102,2.7,31.5,11.6,7,11789,6.5,19,24,4,10.7,8,F,si,ligero
PAC000327,53,94.7,205,22.5,132,98,119,89,77,128,6.2,213,51,138,201,1.26,96,9.5,44.3,17.2,0,500,7.8,14,5,3,12.9,8,M,si,ligero
PAC000328,57,120.5,188,34.1,104,106,131,74,88,103,7.3,213,26,136,272,1.52,65,5.8,36.2,14.6,0,4206,9.3,16,9,4,14.7,10,M,si,ligero
PAC000329,32,81.1,140,41.4,108,94,148,100,73,67,4.7,217,49,158,111,0.59,65,3.1,23.9,18.0,0,2890,5.9,15,9,3,15.7,7,F,si,ligero
PAC000330,79,105.3,204,25.3,109,88,144,91,72,117,7.6,251,55,123,282,0.99,78,6.1,20.0,14.7,0,2110,10.6,8,8,1,14.8,8,M,si,sedentario
PAC000331,18,75.4,161,29.1,97,110,134,57,59,85,5.4,146,46,63,116,1.21,88,0.1,28.1,15.4,10,13948,8.3,4,7,7,3.6,1,F,no,sedentario
PAC000332,54,86.8,147,40.2,88,111,194,111,60,80,5.1,210,28,146,119,0.66,72,2.3,20.5,15.4,2,3894,7.2,5,0,0,20.0,8,M,no,ligero
PAC000333,18,70.7,158,28.3,82,91,111,78,65,109,4.0,132,43,115,139,0.69,109,3.3,29.7,16.7,11,14767,8.1,27,8,6,7.2,0,M,no,activo
PAC000334,27,68.5,173,22.9,92,110,118,81,97,111,5.4,195,53,106,144,1.02,104,4.8,25.4,10.4,5,7492,7.5,27,27,3,9.2,10,F,si,ligero
PAC000335,70,99.3,205,23.6,127,106,159,87,66,156,8.0,296,26,105,230,1.16,85,7.1,44.5,14.6,0,3784,7.6,7,13,2,8.7,10,F,si,sedentario
PAC000336,18,40.0,170,13.8,84,94,106,83,101,77,5.3,201,45,176,170,0.88,106,4.1,29.5,11.6,2,4223,8.0,6,40,3,10.2,6,M,no,activo
PAC000337,79,112.3,195,29.5,140,100,159,92,90,144,6.5,234,39,214,268,1.3,81,6.1,45.9,14.2,1,500,10.2,0,5,0,13.8,8,F,si,activo
PAC000338,90,96.4,160,37.7,108,110,124,110,83,86,5.8,253,39,158,157,0.48,59,3.3,42.6,17.1,2,4277,5.8,1,3,3,14.5,8,M,si,ligero
PAC000339,68,113.9,195,30.0,115,100,135,89,71,154,7.7,282,52,124,223,1.05,80,4.8,31.6,13.2,2,5803,9.7,14,4,0,9.6,9,M,si,sedentario
PAC000340,21,68.0,180,21.0,84,94,113,77,60,78,4.4,158,60,114,40,0.92,108,0.1,28.6,14.0,6,14779,7.7,6,0,5,8.2,1,M,no,ligero
PAC000341,31,83.4,157,33.8,76,98,108,75,66,84,5.8,203,27,86,85,0.98,111,3.3,22.4,12.3,9,9213,9.0,20,18,1,6.9,7,M,no,sedentario
PAC000342,70,94.0,140,48.0,113,95,148,95,82,107,5.3,240,52,109,109,0.54,73,7.1,37.8,17.6,2,3889,6.1,12,3,2,12.3,7,F,si,sedentario
PAC000343,73,88.6,176,28.6,101,128,147,94,83,148,6.3,176,29,160,258,1.16,47,9.1,22.4,14.2,0,3820,9.0,18,18,4,14.4,8,M,si,ligero
PAC000344,22,56.3,149,25.4,78,96,123,80,91,99,4.7,179,64,111,89,0.65,95,5.1,5.0,9.9,3,10943,7.6,22,26,1,4.8,9,F,si,activo
PAC000345,58,71.7,152,31.0,92,87,170,102,91,82,5.8,244,52,145,96,0.4,66,0.1,33.1,18.0,3,5167,6.8,18,0,2,10.9,10,F,si,sedentario
PAC000346,69,98.9,191,27.1,91,98,128,103,83,130,5.8,264,36,181,253,1.01,60,4.0,46.2,13.3,0,3819,9.2,15,19,3,14.1,7,F,no,sedentario
PAC000347,18,61.2,160,23.9,93,106,118,65,52,103,4.0,204,70,110,181,1.21,74,2.4,21.0,13.5,10,11942,8.3,4,2,4,5.1,4,M,no,sedentario
PAC000348,63,119.1,177,38.0,107,113,168,87,61,101,6.1,242,38,202,253,0.95,83,5.5,26.3,15.1,0,500,8.4,10,0,3,11.9,10,F,si,sedentario
PAC000349,21,85.2,148,38.9,84,101,117,75,77,100,6.1,139,69,135,108,0.99,99,3.8,21.5,14.4,2,8845,8.6,28,17,2,10.1,3,F,no,activo
PAC000350,52,84.8,153,36.2,71,81,116,69,58,94,5.8,128,77,169,40,1.3,91,0.1,45.7,15.0,15,14775,8.8,0,0,4,6.2,1,F,si,activo
PAC000351,80,102.2,184,30.2,112,106,162,71,60,104,7.1,265,40,148,221,1.4,66,9.9,42.4,15.8,2,4846,6.4,1,15,1,10.4,7,M,si,sedentario
PAC000352,66,81.8,155,34.0,114,92,165,95,80,103,6.7,205,27,192,227,0.49,77,6.9,34.3,19.0,0,6551,5.8,12,11,5,15.3,5,F,no,ligero
PAC000353,83,82.9,198,21.1,100,97,138,96,70,163,7.4,225,25,157,250,1.24,72,9.3,30.0,13.7,0,1881,7.8,6,11,1,11.1,10,M,si,sedentario
PAC000354,80,77.9,190,21.6,135,108,129,79,76,139,7.2,233,37,226,193,1.05,80,6.6,45.5,17.0,0,3756,10.4,10,4,1,14.3,7,M,si,sedentario
PAC000355,20,57.7,188,16.3,86,105,117,66,61,95,4.0,142,66,123,40,1.05,130,0.7,20.2,15.1,10,13113,7.4,0,13,6,6.1,3,M,si,ligero
PAC000356,18,67.7,174,22.4,74,107,133,72,96,89,5.5,193,32,67,54,0.61,86,3.2,28.2,11.5,4,7680,6.6,39,37,1,10.1,7,M,no,activo
PAC000357,41,77.2,166,28.0,74,94,128,85,71,94,4.4,126,75,146,115,1.15,105,1.2,17.2,13.5,9,13908,11.0,2,1,4,10.0,6,M,si,sedentario
PAC000358,56,101.9,185,29.8,116,112,139,80,75,146,8.7,302,32,160,289,1.13,63,5.1,30.4,13.2,0,4398,8.2,21,3,2,10.6,6,F,si,sedentario
PAC000359,35,56.9,174,18.8,95,108,97,65,57,69,5.2,147,67,117,186,0.91,78,0.1,37.7,15.2,8,9086,8.3,6,0,5,5.9,2,F,si,ligero
PAC000360,77,81.6,205,19.4,119,100,131,87,60,107,7.5,230,26,120,254,1.3,87,6.4,43.3,18.1,0,1962,8.8,16,0,0,18.2,10,F,si,sedentario
PAC000361,80,46.1,162,17.6,105,82,123,107,83,90,5.6,269,52,108,188,0.9,69,9.4,36.5,17.0,0,2869,7.6,1,24,2,19.3,7,M,no,sedentario
PAC000362,23,74.0,145,35.2,82,90,131,81,83,102,5.7,219,58,106,107,0.62,120,4.2,17.7,15.0,8,6101,8.4,17,11,1,7.7,5,M,no,ligero
PAC000363,18,76.2,174,25.2,110,108,125,67,82,127,4.4,181,77,97,40,1.09,116,0.1,44.7,14.0,8,13565,6.2,4,0,6,7.5,3,M,no,activo
PAC000364,71,96.3,186,27.8,100,97,139,89,83,139,7.5,278,36,135,260,0.92,73,7.4,31.9,17.0,1,2285,8.1,6,9,1,14.5,9,M,si,sedentario
PAC000365,49,82.3,155,34.3,91,96,136,99,60,81,6.7,240,55,184,189,0.4,63,3.8,33.4,15.6,0,500,4.8,12,14,4,13.7,8,M,si,ligero
PAC000366,66,106.4,192,28.9,123,110,153,78,56,136,6.8,255,40,124,337,1.14,87,8.9,21.9,13.1,4,5270,9.4,0,1,1,9.8,6,F,no,activo
PAC000367,29,64.3,160,25.1,68,120,132,70,95,89,5.9,189,60,122,230,1.11,103,3.0,16.5,11.2,3,13001,8.1,31,17,2,4.9,7,M,si,sedentario
PAC000368,34,66.1,162,25.2,82,113,127,71,85,92,4.9,120,61,137,102,0.94,125,0.1,47.8,12.6,8,12832,9.7,3,0,5,5.1,4,M,si,ligero
PAC000369,26,59.2,177,18.9,73,93,116,93,61,106,4.0,203,62,89,160,1.27,68,2.1,33.3,14.7,13,16627,10.5,0,2,6,8.1,4,F,no,ligero
PAC000370,58,99.0,140,50.5,111,111,153,100,88,80,5.7,221,47,141,260,0.52,75,6.7,27.7,15.1,6,1172,7.1,10,6,0,13.0,10,M,si,sedentario
PAC000371,72,82.4,149,37.1,88,93,178,102,101,130,6.3,279,41,93,240,0.47,93,1.4,31.1,16.0,2,5856,6.9,10,0,3,13.6,8,M,no,sedentario
PAC000372,29,72.0,169,25.2,67,77,134,62,73,87,5.2,175,53,86,227,1.07,91,0.9,16.7,15.2,3,11099,6.9,17,32,1,9.7,3,F,no,ligero
PAC000373,20,54.5,165,20.0,92,99,106,78,55,83,6.1,207,88,106,51,1.0,68,0.1,39.0,14.1,6,14758,7.8,15,2,8,4.6,3,F,si,ligero
PAC000374,18,54.8,160,21.4,74,90,115,76,57,90,5.3,113,53,98,74,0.71,99,4.3,37.0,14.8,10,13887,7.6,8,3,5,6.8,1,F,no,sedentario
PAC000375,19,47.7,171,16.3,75,98,110,71,75,87,4.8,195,62,149,138,0.92,98,3.3,24.2,14.0,8,8678,8.3,7,0,7,3.5,2,F,no,sedentario
PAC000376,18,68.9,163,25.9,74,99,124,82,98,87,5.3,216,70,97,134,0.88,92,5.3,14.6,12.3,3,9090,7.1,11,37,3,9.1,9,F,no,sedentario
PAC000377,90,112.9,200,28.2,141,113,120,93,92,133,7.3,160,55,145,302,0.8,83,5.5,24.5,13.2,2,6526,8.4,16,0,4,11.1,7,F,si,sedentario
PAC000378,48,81.1,186,23.4,108,100,119,93,76,126,8.4,253,34,114,277,1.11,69,8.3,40.8,12.7,3,771,8.8,8,11,3,14.9,5,M,si,sedentario
PAC000379,18,61.4,157,24.9,66,110,148,80,65,94,5.2,194,77,115,86,1.13,85,3.6,39.0,15.8,10,11477,8.8,6,7,3,6.0,6,F,no,ligero
PAC000380,18,76.9,164,28.6,62,99,111,92,49,76,5.2,200,57,63,162,1.37,107,1.1,31.7,15.4,8,13202,7.5,13,0,7,4.7,2,M,si,sedentario
PAC000381,51,45.3,164,16.8,77,97,121,81,57,98,5.5,152,51,118,62,1.26,110,0.1,37.5,17.8,4,14077,11.0,0,5,5,2.7,3,M,no,sedentario
PAC000382,83,93.3,144,45.0,119,108,173,105,80,94,5.9,218,37,107,202,0.64,68,3.1,33.7,15.0,1,1339,6.3,14,0,3,14.6,9,M,no,ligero
PAC000383,18,54.5,153,23.3,92,95,116,58,64,75,5.9,136,55,107,108,1.42,90,1.1,26.7,15.6,1,7842,7.9,0,1,7,6.6,0,M,no,sedentario
PAC000384,69,110.0,151,48.2,97,92,182,93,76,139,5.9,267,32,131,77,0.4,74,5.5,22.7,15.6,0,5057,4.0,0,0,4,11.1,7,F,si,sedentario
PAC000385,54,112.1,199,28.3,126,104,144,87,60,127,7.3,270,43,195,210,1.19,116,10.9,38.8,15.8,1,500,8.4,0,0,0,11.3,6,M,si,activo
PAC000386,37,54.4,157,22.1,66,103,90,66,53,61,4.8,164,62,70,166,0.9,111,2.7,28.8,15.8,8,12426,9.5,0,0,5,11.5,0,M,no,sedentario
PAC000387,44,47.5,156,19.5,78,103,100,75,53,81,4.4,191,67,115,165,1.07,120,0.1,36.3,13.7,12,11571,11.0,0,0,5,3.4,2,M,no,ligero
PAC000388,40,68.3,182,20.6,91,124,147,81,45,60,5.8,159,67,52,64,1.21,106,2.3,25.7,16.7,6,13112,7.5,7,0,7,10.2,0,F,no,activo
PAC000389,21,48.9,163,18.4,86,75,117,85,96,76,5.3,180,44,112,136,0.87,86,1.5,29.0,8.8,3,6258,7.5,22,29,2,10.2,8,M,si,activo
PAC000390,67,81.7,144,39.4,108,106,149,97,77,103,5.9,164,41,147,156,0.4,83,4.9,27.7,14.2,0,4056,5.7,2,15,4,12.3,6,M,si,ligero
PAC000391,90,92.4,146,43.3,133,105,180,92,91,99,7.0,275,71,164,204,0.5,61,6.3,37.7,15.5,2,2646,3.6,8,0,3,15.5,5,F,si,sedentario
PAC000392,52,88.8,205,21.1,110,103,127,82,78,112,6.9,275,26,205,255,1.48,56,2.9,28.1,17.0,0,1182,8.7,14,0,0,11.5,4,F,si,sedentario
PAC000393,37,58.4,171,20.0,72,102,116,58,68,92,4.0,146,49,106,66,0.82,97,2.1,39.8,14.8,7,10565,10.1,0,4,6,2.0,0,F,no,activo
PAC000394,48,62.9,143,30.8,98,98,154,99,77,142,5.1,217,32,84,279,0.64,60,4.7,29.1,16.2,0,1168,7.4,23,0,3,13.9,8,M,si,sedentario
PAC000395,22,77.6,160,30.3,71,88,106,72,72,89,5.8,156,65,130,129,0.94,95,0.1,26.3,10.5,8,9191,8.7,18,27,2,2.1,9,F,si,ligero
PAC000396,29,77.9,159,30.8,80,103,135,60,56,67,4.6,228,59,106,158,0.78,98,0.1,38.9,15.5,8,13814,9.6,1,0,4,6.0,4,F,no,ligero
PAC000397,66,81.9,195,21.5,99,117,156,85,80,133,7.3,195,25,172,338,1.22,61,7.2,37.6,15.6,1,500,9.4,2,0,3,18.9,8,F,no,sedentario
PAC000398,39,91.4,158,36.6,92,86,132,64,94,67,4.0,223,62,49,99,0.98,121,2.1,15.6,12.1,4,8171,7.8,19,29,0,12.3,10,F,no,activo
PAC000399,61,80.4,142,39.9,96,93,151,114,81,101,6.1,232,42,122,252,0.47,35,10.1,28.1,16.7,5,5323,5.9,12,7,1,11.3,6,M,no,sedentario
PAC000400,48,60.4,163,22.7,77,95,122,65,49,74,4.0,178,72,82,92,1.16,118,0.1,24.4,14.6,8,16266,8.4,0,0,7,6.6,0,F,no,activo
PAC000401,33,47.7,169,16.7,93,104,101,67,48,89,5.4,154,86,115,71,0.85,119,3.5,39.7,15.5,11,13905,5.2,1,7,8,6.1,3,F,si,sedentario
PAC000402,18,66.2,184,19.6,106,120,131,68,63,80,6.4,191,72,73,81,1.47,104,3.4,27.9,14.9,12,13327,8.9,15,11,6,8.4,4,F,no,activo
PAC000403,24,70.6,171,24.1,99,96,131,75,78,85,5.9,160,48,81,204,0.8,102,4.0,46.6,11.2,4,10653,8.7,12,30,1,9.4,5,F,no,activo
PAC000404,26,70.4,162,26.8,81,87,126,82,86,106,4.9,220,57,141,99,0.78,92,6.5,39.5,11.3,6,5711,7.2,19,32,3,6.5,7,F,no,sedentario
PAC000405,18,68.6,158,27.5,84,101,133,86,64,100,5.7,161,57,130,108,1.45,107,1.8,25.8,14.6,10,14315,10.6,0,1,8,6.2,1,F,si,activo
PAC000406,76,91.4,140,46.6,82,94,160,102,82,83,6.1,195,56,123,186,0.66,83,8.2,34.0,13.4,0,1117,4.7,17,2,7,16.9,6,F,si,sedentario
PAC000407,29,63.8,164,23.7,72,91,97,87,70,110,4.0,208,72,129,116,1.45,81,3.5,17.8,15.7,6,14284,9.0,5,0,4,5.5,4,M,si,ligero
PAC000408,18,57.4,186,16.6,65,116,90,81,55,60,4.8,210,63,112,40,0.99,89,3.6,38.8,14.1,7,15763,8.2,0,5,7,9.4,0,M,no,activo
PAC000409,65,76.5,185,22.4,113,88,135,90,78,126,6.9,261,51,112,222,1.01,79,11.3,25.6,13.3,0,3027,10.6,4,12,1,9.2,7,M,si,activo
PAC000410,18,61.3,163,23.1,79,106,129,67,70,87,5.1,187,72,96,59,1.12,85,0.1,36.1,14.4,6,11625,6.2,2,5,5,7.6,3,F,no,activo
PAC000411,47,71.6,163,26.9,97,105,174,111,85,76,5.9,213,51,116,85,0.44,63,2.8,28.5,14.1,0,8952,7.7,9,13,4,15.6,5,M,si,sedentario
PAC000412,20,49.4,167,17.7,65,76,116,51,51,99,4.8,172,71,106,103,0.9,111,0.1,33.5,15.1,6,17083,8.0,4,0,10,3.0,4,M,no,ligero
PAC000413,20,66.4,169,23.2,73,96,130,90,77,71,4.8,192,82,83,88,1.08,115,3.3,53.3,14.6,6,15089,7.3,4,2,7,6.0,3,F,no,activo
PAC000414,23,75.8,159,30.0,72,97,108,71,72,79,4.9,181,86,134,59,1.21,81,1.1,24.6,13.4,4,13979,7.4,16,1,6,7.8,0,M,no,sedentario
PAC000415,28,71.8,151,31.5,80,92,132,86,69,76,4.0,147,78,73,155,0.75,95,3.3,36.8,14.0,9,12966,8.3,5,0,4,5.4,3,F,no,ligero
PAC000416,43,89.4,174,29.5,82,107,111,66,76,105,5.8,133,65,128,43,1.0,107,2.9,26.5,10.0,4,9145,5.5,18,35,1,8.1,8,M,si,activo
PAC000417,81,100.9,140,51.5,115,88,133,91,83,79,6.9,235,47,125,67,0.42,91,2.4,36.3,14.5,1,6674,7.8,5,8,0,14.9,5,M,no,ligero
PAC000418,57,82.5,152,35.7,90,99,172,101,73,98,5.6,240,51,149,138,0.64,58,8.7,33.5,13.6,1,3253,6.1,6,0,0,18.7,8,M,si,ligero
PAC000419,79,60.4,152,26.1,102,89,157,95,64,83,6.9,197,56,107,88,0.4,74,4.6,38.4,15.6,2,2831,7.8,21,4,0,11.8,6,M,no,sedentario
PAC000420,30,72.9,178,23.0,87,88,98,64,62,78,4.3,131,82,83,40,0.86,115,1.4,33.1,12.1,12,9941,9.6,11,0,3,10.4,5,F,si,activo
PAC000421,29,57.9,163,21.8,88,105,90,66,65,77,4.5,186,77,103,40,1.35,76,0.1,41.5,13.9,8,15137,9.6,5,1,4,4.9,4,M,no,sedentario
PAC000422,67,93.5,205,22.2,116,103,143,80,90,143,6.5,217,28,118,224,0.76,94,6.5,41.2,15.1,0,3114,11.0,8,4,2,12.4,10,M,si,sedentario
PAC000423,30,73.8,166,26.8,86,79,113,68,91,95,4.2,156,57,111,68,0.97,104,0.1,29.7,10.1,4,8737,7.4,17,14,3,12.1,7,M,no,ligero
PAC000424,82,95.6,161,36.9,77,107,143,84,82,84,5.3,225,57,117,213,0.52,49,2.6,31.5,13.8,0,2882,6.0,22,12,1,10.0,6,F,si,activo
PAC000425,54,90.6,205,21.6,107,106,117,88,81,167,7.0,233,25,178,217,1.29,71,10.8,25.9,13.1,0,6798,8.9,17,27,2,11.6,8,M,si,ligero
PAC000426,50,54.0,165,19.8,71,101,101,77,62,63,4.1,145,61,71,136,1.01,107,2.9,40.2,11.8,9,12704,6.1,0,0,7,6.9,4,M,no,ligero
PAC000427,30,69.5,162,26.5,87,99,111,87,74,75,5.9,166,49,130,87,1.11,109,2.3,31.7,12.9,9,8223,6.4,22,28,3,6.2,6,M,si,sedentario
PAC000428,86,75.1,140,38.3,111,75,174,88,86,97,4.0,245,68,147,239,0.69,23,2.8,27.0,17.6,0,3369,6.4,14,10,3,14.3,10,F,si,sedentario
PAC000429,38,68.8,154,29.0,103,80,133,63,71,119,5.3,259,68,108,56,0.95,69,6.0,18.5,10.8,4,8680,6.9,27,27,5,8.7,6,M,si,ligero
PAC000430,41,76.1,166,27.6,68,100,105,68,52,84,5.1,233,48,94,40,0.9,82,1.0,27.5,14.9,9,12064,7.7,12,0,4,5.4,0,F,si,sedentario
PAC000431,30,70.0,168,24.8,73,86,90,77,92,95,6.3,200,45,125,124,0.98,81,1.8,30.7,11.1,4,10673,6.1,28,35,1,6.9,7,F,no,activo
PAC000432,31,54.2,173,18.1,60,92,113,72,60,84,5.1,161,91,73,52,1.1,102,0.1,49.1,15.6,9,13380,7.1,1,0,7,4.9,1,M,no,activo
PAC000433,55,114.1,199,28.8,132,108,144,99,78,126,8.1,197,35,136,174,0.97,86,5.6,32.8,16.6,0,2092,9.8,16,14,1,10.5,3,F,no,activo
PAC000434,37,80.8,184,23.9,104,99,120,97,78,141,5.7,237,33,152,215,1.24,107,9.4,16.0,13.6,0,1873,8.5,5,24,2,11.6,7,M,si,sedentario
PAC000435,49,55.5,170,19.2,85,101,137,62,50,116,5.4,144,55,120,41,0.97,87,3.3,35.5,15.6,9,12109,8.3,0,4,4,4.8,3,M,no,ligero
PAC000436,33,70.5,170,24.4,103,91,94,84,70,68,5.0,181,79,101,164,0.59,88,5.7,29.2,10.8,9,9607,10.2,4,25,2,6.4,10,M,no,sedentario
PAC000437,37,106.4,188,30.1,118,101,133,95,88,155,7.4,240,55,185,276,1.14,63,10.0,37.3,15.4,0,4950,9.7,19,7,2,11.5,4,M,no,sedentario
PAC000438,49,78.5,164,29.2,70,109,130,73,62,110,5.2,186,58,79,69,0.97,83,3.9,36.8,16.6,8,12978,8.5,14,0,7,4.8,4,M,no,sedentario
PAC000439,71,97.7,156,40.1,115,106,167,79,76,99,4.1,243,44,106,137,0.49,104,0.1,31.9,16.2,7,2408,4.9,21,9,2,17.8,6,M,no,activo
PAC000440,75,94.6,198,24.1,121,94,120,99,83,93,7.4,240,48,139,250,0.91,86,4.1,31.8,14.2,0,1795,7.9,9,0,0,16.5,10,M,si,sedentario
PAC000441,67,71.4,140,36.4,98,104,178,103,61,110,5.2,198,33,195,226,0.53,53,1.2,31.1,18.1,4,5726,5.4,12,4,1,13.7,1,M,no,sedentario
PAC000442,52,82.6,140,42.1,85,90,172,102,74,101,6.4,234,66,118,219,0.67,43,5.5,33.4,16.8,4,9897,6.5,5,7,3,16.3,6,F,no,sedentario
PAC000443,18,89.7,172,30.3,97,96,124,82,76,121,4.7,186,51,53,87,1.27,118,4.6,29.5,11.9,4,13337,10.1,18,20,2,7.1,8,F,no,sedentario
PAC000444,81,79.7,140,40.7,97,106,186,107,76,123,4.7,221,30,153,283,0.41,76,2.3,44.9,17.5,0,3639,7.8,6,7,1,10.3,6,F,no,sedentario
PAC000445,75,68.6,156,28.2,102,104,170,100,76,92,6.4,210,37,143,263,0.4,59,3.7,35.9,16.6,0,2645,4.0,0,13,3,10.6,7,M,no,sedentario
PAC000446,32,48.1,153,20.5,83,105,127,65,78,106,5.0,200,34,95,44,1.23,112,1.3,21.6,10.0,11,5549,7.3,28,23,0,6.8,10,F,si,activo
PAC000447,74,107.6,200,26.9,102,90,115,80,81,143,5.8,232,30,113,193,1.27,66,6.1,43.0,13.7,1,500,9.9,11,8,0,14.3,10,F,no,ligero
PAC000448,49,85.6,182,25.8,117,102,152,84,82,132,8.1,223,31,158,184,1.12,43,5.0,35.4,14.5,0,3674,9.3,14,0,3,10.3,9,F,si,sedentario
PAC000449,70,81.5,140,41.6,85,100,154,94,68,84,5.1,225,73,152,249,0.61,97,0.1,23.1,16.8,7,500,4.3,15,0,2,15.4,4,F,si,sedentario
PAC000450,53,95.4,140,48.7,93,100,159,101,78,119,6.4,184,49,139,138,0.48,112,5.7,47.1,16.1,2,5693,7.8,16,6,3,13.7,9,F,no,ligero
PAC000451,86,95.6,190,26.5,108,88,144,70,81,141,6.6,291,33,147,241,1.23,76,7.9,43.5,13.5,0,3963,7.2,8,18,4,12.4,10,F,no,sedentario
PAC000452,18,65.1,169,22.8,87,83,145,67,83,73,5.8,150,66,66,40,0.74,92,1.7,23.1,11.9,4,724,7.1,23,24,0,4.8,9,M,si,activo
PAC000453,18,98.1,170,33.9,99,98,120,59,92,70,5.1,110,90,151,117,0.9,92,3.0,5.0,11.3,3,8571,7.9,10,20,2,8.4,9,M,no,activo
PAC000454,42,77.5,173,25.9,81,91,104,81,91,104,4.3,177,47,99,198,0.79,102,0.1,25.0,12.5,2,11216,7.4,35,19,3,9.6,6,M,no,ligero
PAC000455,64,98.5,140,50.3,109,97,149,93,60,106,5.9,194,69,116,194,0.53,69,6.5,30.0,15.7,0,8905,5.9,15,2,0,10.4,8,M,no,ligero
PAC000456,21,74.2,160,29.0,77,78,133,62,70,95,5.9,162,61,105,113,0.94,83,2.5,30.4,12.5,7,9663,6.5,12,19,2,9.3,5,F,no,ligero
PAC000457,39,58.6,158,23.5,111,97,124,77,80,96,4.0,153,60,127,134,0.55,111,2.4,22.9,11.2,4,11577,9.7,20,22,1,9.0,10,F,no,ligero
PAC000458,52,69.6,140,35.5,96,101,151,102,67,83,7.1,242,26,189,230,0.66,81,8.5,21.9,18.3,0,2749,8.4,9,18,4,15.2,10,F,si,sedentario
PAC000459,24,79.0,159,31.2,89,109,120,68,89,81,5.9,180,63,117,228,0.75,113,1.9,15.7,12.1,0,13051,7.1,16,19,0,8.2,7,M,no,ligero
PAC000460,61,95.8,148,43.7,90,87,159,88,65,83,5.4,296,52,164,196,0.55,72,3.7,29.4,15.9,0,6841,7.2,23,8,1,7.0,7,F,no,sedentario
PAC000461,57,90.1,189,25.2,128,115,142,89,79,122,7.4,196,38,132,187,1.4,97,7.1,34.8,14.5,0,3149,8.4,7,9,1,12.8,9,M,si,sedentario
PAC000462,68,91.7,192,24.9,108,94,133,83,77,112,7.0,210,50,205,284,1.34,54,5.1,27.2,14.8,0,1050,6.9,1,6,3,10.7,8,M,no,sedentario
PAC000463,18,46.1,166,16.7,81,97,114,89,68,65,4.1,175,66,45,143,1.09,100,3.4,31.9,14.2,10,11315,7.9,4,2,4,2.2,4,M,no,ligero
PAC000464,19,78.2,163,29.4,81,87,90,68,74,82,4.2,209,75,45,117,1.06,82,3.5,11.0,12.2,2,8733,8.4,25,22,1,7.5,7,M,no,ligero
PAC000465,23,42.8,144,20.6,76,85,127,77,81,73,6.3,112,51,94,74,1.06,94,0.1,57.9,13.6,8,12506,8.7,4,0,5,2.0,0,M,no,ligero
PAC000466,50,108.9,176,35.2,118,108,159,90,80,153,7.4,239,40,174,224,0.93,70,5.5,23.7,13.4,0,6808,7.8,17,12,1,11.2,8,F,no,sedentario
PAC000467,25,69.9,164,26.0,61,111,106,76,46,65,5.6,170,76,59,109,1.05,91,1.8,37.2,14.9,11,10166,9.5,10,0,6,8.5,1,F,si,activo
PAC000468,29,69.7,154,29.4,70,85,124,56,85,110,6.0,172,78,88,58,0.8,100,0.1,35.2,13.8,3,7981,9.0,21,25,0,10.9,7,F,no,sedentario
PAC000469,90,83.4,140,42.6,123,87,153,113,90,88,5.7,206,30,166,72,0.4,72,3.9,30.2,15.0,3,6781,5.5,0,5,3,12.6,6,F,no,sedentario
PAC000470,24,75.7,147,35.0,84,90,123,79,94,98,5.9,194,76,105,215,0.6,127,1.2,13.7,9.8,6,10835,7.2,25,4,3,6.7,7,F,si,ligero
PAC000471,48,92.7,153,39.6,93,93,95,53,89,80,5.5,209,44,151,251,0.73,97,4.7,42.4,12.8,6,3242,7.8,18,30,2,11.9,10,F,no,sedentario
PAC000472,81,98.5,155,41.0,91,106,142,87,77,125,6.4,217,62,114,271,0.4,62,2.0,46.3,16.7,0,7965,4.9,5,21,3,12.2,6,F,no,sedentario
PAC000473,59,80.7,140,41.2,117,112,135,96,69,111,6.3,227,55,137,137,0.44,41,4.0,38.2,16.7,0,5087,6.0,8,12,3,16.5,6,F,si,sedentario
PAC000474,70,66.4,145,31.6,110,93,165,94,73,86,5.3,228,53,167,216,0.8,62,2.7,34.6,15.2,0,4553,6.2,3,7,0,9.8,2,M,no,sedentario
PAC000475,39,73.8,162,28.1,63,127,110,72,94,116,4.7,206,68,115,147,0.91,107,4.5,21.2,11.2,5,10908,6.9,7,26,1,5.7,10,F,no,ligero
PAC000476,31,93.9,155,39.1,93,114,118,75,55,74,6.2,211,60,101,137,1.09,102,0.6,24.8,14.5,8,14401,10.7,0,6,8,2.4,0,M,no,ligero
PAC000477,27,57.4,148,26.2,87,109,119,73,67,113,4.2,167,76,98,40,1.09,78,0.1,34.5,13.5,7,8388,7.9,5,11,7,3.6,2,M,no,sedentario
PAC000478,65,84.2,143,41.2,97,95,178,82,68,113,6.9,189,61,135,203,0.53,75,3.6,26.7,15.8,1,11950,4.1,2,0,4,6.7,3,M,no,activo
PAC000479,78,89.1,183,26.6,116,107,102,79,85,143,6.3,177,44,169,159,1.16,100,6.7,39.5,14.0,1,7138,8.8,18,10,2,8.6,7,F,si,sedentario
PAC000480,43,69.4,164,25.8,61,103,127,80,92,103,4.9,185,47,83,170,0.85,118,5.7,13.6,12.3,6,5705,8.6,22,33,4,11.6,7,M,si,ligero
PAC000481,61,92.1,194,24.5,108,89,139,71,71,119,7.4,212,37,117,205,1.1,85,7.1,31.5,17.0,2,4993,9.0,26,14,3,11.9,6,F,si,sedentario
PAC000482,18,77.4,170,26.8,65,109,108,70,59,78,4.7,191,53,116,75,0.89,78,2.7,23.7,14.6,6,12038,7.9,3,0,6,5.2,2,F,no,activo
PAC000483,18,78.6,171,26.9,82,103,92,59,62,79,5.5,214,81,100,88,1.3,91,0.1,33.4,14.2,11,5920,7.1,3,0,7,5.5,3,F,no,activo
PAC000484,18,75.2,161,29.0,89,89,99,59,69,113,4.6,146,58,81,86,1.17,79,0.1,30.2,15.8,7,11907,8.3,2,3,3,2.0,0,F,no,ligero
PAC000485,25,104.3,193,28.0,91,119,147,89,68,141,7.5,240,50,160,247,1.33,89,8.6,33.6,12.6,0,500,8.0,15,8,2,9.3,7,F,si,sedentario
PAC000486,26,85.5,141,43.0,85,114,115,79,64,110,5.4,170,58,138,64,1.09,105,6.7,29.2,15.5,9,11668,10.1,2,0,3,2.0,1,F,no,ligero
PAC000487,68,70.5,152,30.5,114,105,161,93,85,88,7.1,204,56,162,138,0.66,60,6.7,20.1,15.6,6,5651,5.8,11,0,3,10.6,7,M,si,activo
PAC000488,72,94.2,205,22.4,123,104,131,94,62,122,7.0,256,27,165,350,1.45,83,6.9,25.8,16.9,1,2705,9.1,19,15,0,9.4,10,M,si,sedentario
PAC000489,44,64.8,151,28.4,98,123,118,78,63,74,4.8,129,63,90,67,0.9,120,0.1,34.6,16.2,4,11788,9.4,16,0,7,7.2,3,M,no,activo
PAC000490,32,60.8,152,26.3,106,99,126,71,84,109,4.0,233,64,104,139,0.99,126,2.8,35.9,11.8,6,7024,4.8,7,22,2,11.0,6,F,si,sedentario
PAC000491,18,88.5,161,34.1,88,81,114,81,93,72,4.5,165,48,94,118,0.79,72,9.3,16.6,9.2,5,7171,6.6,2,32,4,9.6,4,F,no,activo
PAC000492,63,79.4,149,35.8,100,91,171,98,97,78,4.4,223,43,230,112,0.46,65,0.7,29.8,10.5,1,7489,6.6,9,0,2,13.2,10,F,no,sedentario
PAC000493,43,49.8,159,19.7,87,97,107,66,53,95,4.6,173,54,108,173,1.19,102,2.1,18.3,16.0,8,11014,9.7,3,16,3,5.7,4,F,no,ligero
PAC000494,61,114.3,189,32.0,106,86,132,89,91,109,7.6,267,41,195,212,1.03,43,6.8,40.6,15.9,0,5227,9.4,7,10,1,10.9,8,M,si,sedentario
PAC000495,66,74.1,148,33.8,109,100,146,95,77,94,5.4,221,61,154,263,0.58,112,2.8,24.6,13.2,3,500,6.0,22,8,0,9.4,4,M,si,sedentario
PAC000496,60,109.4,205,26.0,113,98,135,90,76,114,7.4,216,40,162,194,1.04,77,6.2,27.7,13.1,0,9990,10.1,21,0,2,8.5,8,M,no,sedentario
PAC000497,25,57.8,166,21.0,77,97,106,69,48,91,5.6,198,61,102,94,1.05,117,0.1,32.8,13.8,10,10558,9.3,4,3,3,11.1,3,F,no,activo
PAC000498,60,84.8,193,22.8,114,94,139,86,87,121,6.2,216,56,151,291,1.15,81,11.6,41.8,13.2,0,2987,10.3,3,0,4,12.9,8,M,si,ligero
PAC000499,32,84.3,154,35.5,89,100,133,76,101,97,4.6,172,55,148,160,0.78,111,2.0,15.9,10.7,9,11275,9.6,24,23,4,7.5,10,M,no,activo
PAC000500,21,55.9,167,20.0,90,98,100,71,65,131,5.7,183,60,107,143,1.24,104,3.4,47.0,13.3,7,11175,9.0,7,4,5,2.0,3,F,no,sedentario
PAC000501,18,75.7,150,33.6,77,107,108,72,58,102,4.0,132,81,143,74,0.7,69,4.0,21.9,14.4,8,13700,8.4,4,12,3,6.1,5,M,no,ligero
PAC000502,76,80.7,142,40.0,99,90,170,99,70,85,6.0,263,49,212,186,0.95,79,7.4,38.2,16.1,0,4295,7.6,5,0,2,15.2,7,M,si,ligero
PAC000503,48,75.6,162,28.8,94,99,102,90,83,97,5.4,142,65,52,66,0.92,105,6.6,25.1,12.4,3,4619,7.6,19,23,2,7.1,7,M,si,ligero
PAC000504,90,74.3,152,32.2,123,98,148,111,54,115,5.3,260,52,168,233,0.54,87,1.0,32.5,15.3,0,1230,5.1,3,4,1,14.1,7,F,si,sedentario
PAC000505,18,62.7,157,25.4,78,82,103,77,87,61,5.1,204,31,118,40,1.02,112,1.2,19.7,10.9,4,8885,8.3,23,33,5,9.3,7,M,si,activo
PAC000506,77,105.4,202,25.8,115,99,140,90,71,149,7.5,260,39,175,222,1.29,64,2.7,25.0,13.8,6,685,6.2,9,6,2,13.9,7,F,si,sedentario
PAC000507,47,83.2,140,42.4,88,90,166,95,90,117,6.3,207,68,127,176,0.44,74,8.4,36.5,17.2,4,9585,5.8,8,9,4,9.7,5,M,no,ligero
PAC000508,60,89.8,189,25.1,109,118,143,73,84,123,6.6,200,46,126,328,1.0,73,9.3,37.8,16.2,0,1615,7.4,18,9,1,12.9,4,F,no,sedentario
PAC000509,76,81.2,149,36.6,102,91,174,109,71,95,5.6,219,43,120,268,0.4,62,1.4,28.9,17.2,6,1443,4.2,0,8,4,12.8,10,F,no,sedentario
PAC000510,41,80.6,165,29.6,91,103,116,78,57,79,4.3,153,74,87,100,0.97,108,0.8,26.1,13.1,10,12002,6.3,2,0,8,7.0,4,F,si,sedentario
PAC000511,58,78.9,198,20.1,134,95,167,89,69,113,5.7,219,49,182,332,0.74,78,4.8,42.0,19.0,0,7470,8.6,11,10,1,9.5,4,F,si,sedentario
PAC000512,37,83.4,182,25.2,131,116,133,87,80,139,7.0,233,30,111,365,1.3,71,5.2,25.5,15.0,3,500,9.5,23,10,1,14.6,7,M,no,sedentario
PAC000513,23,42.6,149,19.2,81,90,125,64,64,76,5.1,171,76,90,40,1.35,97,4.1,20.0,14.9,7,13039,9.9,16,0,7,3.5,4,M,no,activo
PAC000514,67,116.8,194,31.0,121,77,157,86,85,142,7.2,289,25,124,265,0.96,49,7.0,24.1,15.7,0,1763,9.4,10,1,0,9.1,6,F,si,sedentario
PAC000515,56,76.6,142,38.0,99,90,170,112,75,94,5.2,203,43,129,263,0.74,91,2.0,32.6,16.8,2,4528,5.8,11,17,0,15.9,6,F,no,sedentario
PAC000516,42,74.0,164,27.5,96,100,110,88,85,66,4.0,188,77,54,41,1.11,74,2.2,36.4,13.6,2,11090,8.9,6,0,2,2.2,1,F,si,activo
PAC000517,18,70.9,158,28.4,94,90,99,72,77,93,6.0,168,58,123,57,1.18,107,3.4,23.5,12.8,7,8846,7.6,10,22,2,3.7,7,F,no,ligero
PAC000518,18,64.4,170,22.3,86,107,113,75,51,73,5.7,159,85,116,40,1.34,112,1.5,16.5,12.1,5,7487,6.0,0,0,5,4.4,6,M,no,sedentario
PAC000519,18,55.6,148,25.4,81,107,130,62,90,66,5.5,209,58,98,87,0.79,76,1.0,24.6,12.7,4,13157,7.2,20,29,2,12.6,5,F,no,sedentario
PAC000520,22,56.4,166,20.5,69,104,119,95,58,89,5.2,190,76,102,106,1.23,124,0.1,42.7,13.7,15,14945,8.2,0,0,6,5.9,1,M,no,ligero
PAC000521,64,109.5,205,26.1,103,93,128,93,84,122,8.5,222,39,141,330,1.02,107,11.1,41.8,15.1,0,1516,8.7,17,3,3,12.4,9,F,no,ligero
PAC000522,21,64.7,180,20.0,60,109,111,64,62,106,4.1,237,54,75,140,0.93,92,1.5,33.1,16.2,8,13683,8.3,0,2,7,12.4,3,M,si,activo
PAC000523,37,73.7,166,26.7,91,107,115,63,76,93,5.3,185,85,91,79,1.19,116,1.0,36.8,13.1,8,8027,10.0,3,0,5,8.5,1,F,si,ligero
PAC000524,30,96.7,152,41.9,79,93,145,82,79,72,4.3,193,67,119,154,0.95,88,2.3,31.8,13.1,5,2743,6.9,22,31,2,10.4,9,F,no,ligero
PAC000525,52,92.9,140,47.4,116,100,153,115,79,103,6.4,146,64,139,231,0.42,70,4.4,39.1,13.3,0,6437,6.0,2,9,0,11.8,6,M,si,sedentario
PAC000526,39,107.5,156,44.2,82,93,126,66,76,70,4.8,221,58,102,143,1.19,92,3.6,28.0,12.6,3,12537,8.3,15,27,0,8.0,9,F,si,activo
PAC000527,49,95.8,205,22.8,113,103,136,92,71,145,6.9,222,50,131,314,1.22,83,8.2,36.6,12.0,0,3502,9.2,12,0,3,10.3,4,F,si,sedentario
PAC000528,25,44.8,170,15.5,76,121,112,80,54,85,4.0,155,52,144,40,1.19,105,1.8,26.5,11.1,10,14031,7.1,5,0,7,4.7,5,M,si,ligero
PAC000529,33,53.5,166,19.4,72,82,134,72,61,85,4.9,159,39,127,52,0.95,108,0.3,24.2,15.9,8,12763,9.2,0,6,7,9.6,0,F,no,sedentario
PAC000530,71,99.7,203,24.2,113,106,157,81,73,127,7.2,216,34,145,239,1.11,75,9.5,48.2,13.7,1,2414,10.1,3,0,2,8.6,9,F,si,sedentario
PAC000531,37,64.4,163,24.2,73,105,132,79,77,83,4.8,195,66,110,40,0.82,89,0.7,32.0,11.2,5,7762,8.6,16,26,0,8.4,7,F,si,sedentario
PAC000532,31,76.4,152,33.1,79,90,129,83,83,109,4.6,200,48,135,59,0.85,126,6.3,27.1,12.9,5,7499,8.7,16,31,1,10.2,6,M,no,sedentario
PAC000533,60,65.0,152,28.1,127,98,160,95,84,112,5.9,249,65,118,157,0.4,65,1.6,38.6,18.3,3,2418,7.2,6,5,2,14.7,8,F,no,ligero
PAC000534,37,48.3,177,15.4,68,78,117,90,60,76,5.3,146,62,59,61,1.11,87,0.2,30.5,14.3,9,14408,10.0,10,3,4,7.6,3,F,no,sedentario
PAC000535,46,68.7,155,28.6,65,94,119,65,58,95,4.3,168,80,132,151,1.12,97,1.3,53.8,17.1,9,7751,7.1,0,0,5,4.7,1,F,no,activo
PAC000536,79,67.6,140,34.5,111,102,150,104,85,102,5.8,263,40,150,162,0.4,72,9.6,39.3,16.8,2,3917,6.7,14,16,4,10.9,10,M,no,sedentario
PAC000537,76,88.3,141,44.4,108,108,146,98,64,77,5.1,211,38,116,177,0.41,69,6.3,45.0,17.3,3,2240,5.5,14,0,3,11.0,1,M,si,sedentario
PAC000538,18,59.3,166,21.5,98,97,146,63,88,85,5.3,199,67,79,163,1.05,116,2.7,32.9,11.7,2,7698,8.4,16,33,2,8.7,7,M,no,ligero
PAC000539,84,97.9,184,28.9,120,104,151,77,83,132,7.6,231,43,78,207,1.06,95,8.0,46.2,17.3,0,536,6.3,11,11,3,13.7,7,F,no,ligero
PAC000540,47,40.7,176,13.1,69,112,118,63,57,66,4.9,194,64,98,104,0.92,98,0.5,41.4,15.8,6,10893,8.7,4,2,7,4.8,1,F,no,ligero
PAC000541,41,40.7,159,16.1,67,102,129,53,54,86,5.6,171,72,88,180,1.26,123,0.1,42.2,15.0,5,13911,8.3,9,0,8,6.6,2,F,no,sedentario
PAC000542,76,84.1,140,42.9,104,94,167,96,76,118,5.8,263,34,110,77,0.4,55,2.0,24.2,14.2,2,1843,5.2,6,11,2,12.1,7,F,no,sedentario
PAC000543,37,63.9,154,26.9,94,75,125,60,83,101,6.3,197,60,120,103,0.97,97,7.7,16.3,11.8,7,6866,9.4,24,16,3,6.6,8,F,si,ligero
PAC000544,80,60.6,150,26.9,109,99,132,104,80,88,6.4,260,58,140,173,0.79,62,3.3,37.8,15.7,1,4223,5.7,0,0,1,10.5,3,M,no,sedentario
PAC000545,38,68.3,185,20.0,78,84,101,74,74,96,4.3,190,57,140,208,1.03,120,0.3,43.0,12.6,7,12685,9.1,11,9,6,6.3,1,M,no,activo
PAC000546,56,67.9,154,28.6,111,95,158,115,78,103,6.4,243,37,134,188,0.4,63,4.7,5.0,15.4,0,8514,7.3,16,0,1,18.6,6,M,si,activo
PAC000547,37,71.3,169,25.0,82,85,127,84,88,84,4.3,184,34,52,109,0.7,87,4.3,18.4,10.9,3,8541,9.6,24,36,2,7.6,6,F,no,ligero
PAC000548,66,95.8,190,26.5,113,109,149,62,78,133,7.3,253,25,137,303,1.32,65,4.8,33.3,16.7,0,500,8.5,11,16,0,8.8,10,M,si,ligero
PAC000549,29,56.3,168,19.9,92,112,121,71,59,87,5.1,110,71,121,59,1.14,66,0.1,37.5,13.0,7,8788,8.0,0,0,5,9.6,1,F,si,ligero
PAC000550,18,83.5,148,38.1,82,90,117,69,59,70,4.9,122,77,97,40,1.2,94,0.2,31.6,16.0,7,14885,9.1,0,0,5,5.6,3,F,no,activo
PAC000551,74,89.1,147,41.2,118,116,165,110,82,101,7.1,256,38,149,80,0.5,55,3.7,27.1,13.9,5,6025,6.0,9,0,6,16.3,6,M,si,sedentario
PAC000552,40,69.7,164,25.9,62,100,101,79,66,79,5.0,194,65,52,40,1.06,113,0.1,28.3,14.8,3,8108,9.7,0,0,6,6.7,0,M,no,ligero
PAC000553,65,98.8,180,30.5,111,115,158,86,80,147,6.7,264,37,127,229,1.25,93,7.4,31.9,16.0,0,500,8.1,12,3,0,10.9,8,F,si,sedentario
PAC000554,18,92.8,169,32.5,97,92,119,70,84,100,5.5,165,53,132,62,0.7,88,2.7,35.6,11.0,2,9220,8.5,30,22,0,10.9,8,F,no,sedentario
PAC000555,27,59.2,152,25.6,75,100,150,65,57,73,4.0,212,55,40,76,1.2,90,1.9,25.5,13.7,17,13550,8.3,1,0,3,7.6,0,M,no,ligero
PAC000556,78,86.6,183,25.9,90,111,144,68,87,128,6.4,251,25,163,296,0.93,69,10.1,42.3,16.1,0,1262,9.4,13,6,0,15.7,6,M,si,sedentario
PAC000557,90,78.6,152,34.0,109,75,159,97,66,120,4.1,286,52,106,226,0.89,61,3.9,26.6,18.1,1,3617,6.8,8,0,1,14.7,6,F,si,ligero
PAC000558,27,75.7,155,31.5,96,93,104,73,54,63,5.2,188,64,112,158,0.93,71,3.2,28.6,14.4,10,12571,8.7,10,1,7,9.4,4,M,si,sedentario
PAC000559,18,70.5,173,23.6,75,94,121,63,76,87,5.3,212,37,100,60,0.94,104,3.8,24.2,11.5,2,9491,7.1,11,26,4,11.3,9,M,no,sedentario
PAC000560,51,63.2,184,18.7,84,100,139,57,61,74,4.3,148,58,146,129,0.79,102,1.8,36.2,14.6,3,14281,8.2,2,1,5,3.9,4,F,no,ligero
PAC000561,63,77.0,145,36.6,110,89,162,86,73,67,5.3,205,60,164,143,0.4,79,5.7,28.1,16.8,1,7148,4.4,8,12,4,15.6,2,M,si,sedentario
PAC000562,18,58.8,183,17.6,77,98,134,70,63,96,6.3,171,66,144,119,1.66,101,0.6,40.1,14.7,11,10151,9.2,1,16,5,10.0,0,M,no,sedentario
PAC000563,32,65.2,148,29.8,91,90,125,82,98,89,5.1,190,54,97,40,0.78,74,0.8,9.0,14.4,2,7202,7.7,29,19,3,10.5,7,M,si,sedentario
PAC000564,79,81.7,188,23.1,123,108,146,94,79,110,6.8,228,36,132,254,1.08,69,9.1,29.1,14.1,0,2387,8.0,16,1,0,13.9,9,F,si,sedentario
PAC000565,27,58.9,182,17.8,102,98,117,82,60,108,4.7,184,66,90,107,1.14,90,0.1,32.8,14.4,7,13164,7.4,6,0,4,2.0,4,M,si,sedentario
PAC000566,45,47.4,165,17.4,79,94,123,86,61,75,5.1,173,61,96,40,0.87,110,0.1,41.3,13.8,12,14081,8.4,1,0,4,3.8,0,F,si,ligero
PAC000567,43,49.0,167,17.6,93,109,138,67,67,60,5.5,165,86,84,99,1.2,99,1.9,33.7,15.2,12,8107,7.8,4,0,6,8.8,2,F,si,sedentario
PAC000568,22,40.0,173,13.4,81,118,113,82,74,77,5.1,242,75,69,96,0.93,100,2.3,29.3,14.4,8,9486,9.6,14,1,7,4.1,4,F,no,sedentario
PAC000569,18,51.3,172,17.3,65,75,121,79,85,104,5.0,190,59,77,104,0.85,117,3.3,23.2,11.9,6,10850,7.2,22,29,1,14.6,6,M,no,activo
PAC000570,48,59.4,153,25.4,91,107,135,65,55,127,6.1,231,68,86,74,0.99,106,3.5,30.1,15.2,8,14423,9.4,10,12,7,8.1,4,M,si,sedentario
PAC000571,21,62.1,148,28.4,76,89,134,85,83,92,4.6,218,38,138,40,0.92,118,1.8,22.1,10.1,9,7150,7.5,19,14,2,4.5,8,F,no,ligero
PAC000572,18,59.7,155,24.8,97,81,117,69,88,71,6.0,212,69,128,132,0.86,73,1.5,17.2,12.3,4,10282,6.4,30,27,0,11.6,8,F,si,activo
PAC000573,80,87.0,140,44.4,100,107,168,85,69,93,5.1,187,42,141,184,0.46,88,6.5,28.1,15.6,7,9094,6.0,16,5,3,15.0,10,M,si,sedentario
PAC000574,34,76.4,181,23.3,90,98,151,56,49,70,4.9,181,92,116,40,1.14,76,4.2,41.7,14.4,9,14711,7.7,0,8,6,6.1,3,M,no,sedentario
PAC000575,62,92.2,194,24.5,120,117,146,74,78,126,7.3,187,38,170,227,1.15,72,12.4,38.7,13.7,0,1977,8.2,15,2,1,10.5,6,F,si,sedentario
PAC000576,64,88.3,143,43.2,97,109,160,87,88,79,5.5,239,49,147,188,0.5,69,3.9,22.2,16.0,0,1192,5.7,17,4,3,10.0,6,F,no,ligero
PAC000577,72,98.2,190,27.2,116,97,141,83,72,121,9.2,280,48,151,350,1.31,85,6.2,33.5,15.2,0,1190,8.0,16,5,0,11.9,7,F,si,sedentario
PAC000578,89,80.9,152,35.0,97,97,173,111,68,112,5.9,220,38,185,237,0.72,77,2.7,22.6,15.8,1,1658,4.7,6,7,2,14.9,4,F,si,sedentario
PAC000579,76,86.6,153,37.0,115,99,176,106,89,112,5.8,184,37,181,154,0.4,82,6.0,26.8,14.7,0,2950,6.3,5,2,3,13.9,5,M,no,sedentario
PAC000580,18,40.0,162,15.2,88,97,103,58,74,102,4.7,229,65,87,100,1.26,112,3.7,31.2,15.5,10,9910,9.3,9,0,3,8.0,2,M,si,activo
PAC000581,28,77.7,156,31.9,106,104,99,84,60,60,5.2,183,82,119,107,0.81,102,3.3,39.6,12.6,5,13272,6.6,4,6,5,6.3,0,F,si,ligero
PAC000582,56,90.5,140,46.2,92,96,166,101,83,91,5.8,258,39,164,175,0.4,91,7.0,24.6,14.5,0,8354,6.8,2,6,3,14.7,5,M,si,sedentario
PAC000583,71,101.8,177,32.5,110,107,151,67,69,130,7.6,210,25,108,301,1.33,69,6.6,45.3,14.8,0,3024,7.6,2,0,2,10.4,10,M,no,ligero
PAC000584,44,81.1,174,26.8,117,125,154,85,76,152,7.1,261,33,171,308,1.06,64,3.8,45.2,18.0,0,2021,9.7,15,8,1,10.1,4,F,no,sedentario
PAC000585,37,62.9,173,21.0,77,105,103,71,59,82,6.2,177,53,152,77,0.81,84,0.1,24.0,14.3,7,17731,7.7,4,6,6,6.2,3,M,no,ligero
PAC000586,33,75.4,163,28.4,98,88,115,77,81,63,6.2,224,65,132,139,0.71,118,4.5,21.5,13.1,6,11971,10.1,7,22,1,10.1,8,F,si,ligero
PAC000587,43,40.0,160,15.6,88,115,111,67,60,83,5.0,189,76,156,40,1.13,79,2.7,33.4,15.3,12,14995,9.4,0,0,7,3.4,1,M,no,activo
PAC000588,72,89.9,143,44.0,108,100,177,102,77,124,4.9,275,45,149,125,0.4,81,5.6,23.0,17.4,3,3068,5.9,17,1,3,14.2,8,F,si,sedentario
PAC000589,63,79.4,169,27.8,94,107,99,66,79,97,6.3,207,63,95,143,1.02,117,1.4,38.1,13.1,8,15472,8.5,15,3,9,4.8,3,F,no,activo
PAC000590,60,76.2,148,34.8,117,99,139,100,89,101,6.7,210,42,107,106,0.64,92,7.6,26.0,16.4,0,5620,5.7,0,2,4,13.3,8,F,si,sedentario
PAC000591,80,91.9,177,29.3,115,84,135,90,78,119,8.3,240,25,122,274,1.28,83,4.4,42.3,16.2,0,911,8.3,16,0,0,13.0,5,M,si,sedentario
PAC000592,26,54.6,160,21.3,84,80,102,96,80,86,4.0,110,57,117,110,0.84,119,1.1,10.2,11.1,4,8407,7.8,12,22,1,10.5,6,F,no,ligero
PAC000593,75,104.5,153,44.6,93,116,162,101,78,87,5.6,223,29,100,200,0.59,89,3.7,49.0,15.6,1,5111,8.0,6,12,0,13.6,6,F,no,sedentario
PAC000594,18,64.6,165,23.7,73,108,127,90,95,64,5.5,187,43,159,119,1.03,86,4.1,21.0,12.8,6,6531,7.1,17,15,1,5.4,7,M,si,activo
PAC000595,66,81.0,140,41.3,98,97,152,89,74,108,6.1,219,36,165,127,0.51,51,3.5,29.9,13.1,4,2605,6.2,8,11,3,12.3,7,F,si,sedentario
PAC000596,30,68.5,152,29.6,74,109,120,70,86,71,5.3,169,73,103,131,0.53,96,1.0,46.7,12.5,5,10424,7.8,17,22,1,12.4,6,M,no,sedentario
PAC000597,49,84.5,205,20.1,107,101,104,92,79,107,7.8,192,31,98,272,1.03,80,6.0,33.1,16.0,5,500,6.6,15,0,0,10.2,10,M,no,ligero
PAC000598,64,75.8,161,29.2,110,89,176,88,81,118,5.3,168,51,151,262,0.62,85,9.1,39.4,14.5,0,7661,5.3,16,10,3,15.5,1,M,no,sedentario
PAC000599,62,72.6,140,37.0,104,96,149,97,90,118,6.6,220,48,133,101,0.4,59,3.4,42.0,17.3,2,500,5.7,2,0,1,11.4,6,F,si,sedentario
PAC000600,32,74.7,171,25.5,85,107,132,74,61,74,5.3,181,70,77,40,1.03,96,0.1,32.2,16.9,6,15509,9.5,0,0,6,5.7,0,M,si,ligero
PAC000601,58,69.9,158,28.0,95,96,158,101,69,117,5.0,168,44,216,191,0.4,85,11.5,48.3,15.5,2,500,6.8,17,3,3,14.6,8,M,si,sedentario
PAC000602,49,102.3,205,24.3,112,112,133,89,85,123,7.7,238,28,183,334,1.05,79,7.1,39.8,15.2,1,500,10.2,9,0,2,11.7,8,F,si,sedentario
PAC000603,19,78.3,164,29.1,78,92,112,70,87,82,6.5,163,28,78,95,0.64,94,6.0,17.6,11.2,5,7808,7.4,27,28,4,10.1,8,M,si,ligero
PAC000604,82,90.1,195,23.7,96,108,141,104,61,138,6.4,239,50,189,293,1.08,79,7.6,39.1,13.0,0,3714,7.6,4,0,1,11.1,9,F,no,ligero
PAC000605,20,59.4,155,24.7,85,110,122,93,73,75,4.9,182,43,123,40,1.08,76,1.6,15.1,10.9,9,10807,7.8,28,29,2,10.3,7,M,no,ligero
PAC000606,76,88.1,193,23.7,95,105,137,92,68,103,6.9,228,25,183,256,1.44,79,2.2,42.9,11.2,1,3882,10.4,18,9,1,8.6,6,F,no,ligero
PAC000607,86,81.8,188,23.1,137,97,140,78,84,145,7.8,212,46,151,299,1.2,69,10.4,42.6,14.1,0,3780,9.4,18,0,2,9.8,7,F,si,sedentario
PAC000608,63,78.8,141,39.6,114,87,147,100,73,118,7.3,215,50,128,109,0.83,69,4.4,14.2,15.4,6,4963,5.1,3,2,3,11.2,6,F,si,activo
PAC000609,19,71.8,156,29.5,115,105,106,67,54,80,5.0,159,70,102,40,1.09,84,0.1,28.3,16.4,9,12230,9.7,7,11,5,6.9,3,M,no,activo
PAC000610,60,109.1,196,28.4,124,103,164,97,79,141,7.5,319,51,165,245,1.31,74,9.2,30.7,12.7,3,5336,8.0,13,0,0,14.5,6,F,no,sedentario
PAC000611,22,43.5,153,18.6,98,87,126,81,86,103,4.7,186,74,102,92,0.96,86,0.1,20.3,11.1,2,9794,8.7,11,21,1,9.3,7,M,si,ligero
PAC000612,63,80.1,140,40.9,125,103,159,105,78,96,6.4,198,57,140,115,0.7,86,4.5,23.6,16.6,1,3246,5.8,4,4,1,11.3,4,M,si,sedentario
PAC000613,29,52.8,169,18.5,60,112,139,88,86,93,5.8,193,59,99,104,0.9,101,3.3,22.2,11.9,1,9737,6.2,8,40,0,8.1,5,M,si,sedentario
PAC000614,20,56.2,149,25.3,60,75,134,75,79,95,5.0,175,48,150,40,1.09,107,3.3,38.9,11.2,4,8184,8.0,27,17,3,11.6,10,F,si,ligero
PAC000615,26,65.7,172,22.2,94,115,111,80,62,101,4.5,183,62,92,84,1.25,106,3.4,35.0,17.1,14,12074,9.3,3,0,6,8.7,0,F,si,activo
PAC000616,25,75.8,176,24.5,76,109,126,69,57,105,4.8,184,43,86,61,0.81,123,2.0,31.4,15.9,12,11942,6.7,13,0,3,3.4,3,M,no,sedentario
PAC000617,65,57.0,142,28.3,113,93,131,98,70,109,5.8,201,69,136,159,0.45,98,1.8,37.9,17.2,1,500,4.7,13,16,4,12.7,7,M,si,sedentario
PAC000618,73,76.3,199,19.3,127,89,138,71,72,129,6.4,220,52,146,269,1.19,50,9.5,37.8,14.6,1,3827,8.4,17,0,0,14.5,6,F,si,ligero
PAC000619,76,68.0,143,33.3,117,91,182,95,75,95,6.0,230,36,153,238,0.91,76,2.8,24.6,18.8,2,2889,6.3,0,0,2,8.3,6,M,no,activo
PAC000620,62,75.4,180,23.3,119,92,143,97,85,121,6.8,270,50,161,282,1.25,65,5.5,49.4,14.7,0,500,7.2,16,9,0,11.1,7,M,si,ligero
PAC000621,18,51.6,164,19.2,96,113,90,75,77,89,5.7,157,89,103,71,1.07,117,0.1,41.2,17.1,6,13503,7.8,15,7,4,5.7,6,M,si,ligero
PAC000622,18,71.8,156,29.5,85,87,125,74,70,91,4.0,181,53,99,143,0.92,100,3.7,34.1,14.3,10,6026,9.7,0,0,6,8.4,6,M,no,ligero
PAC000623,54,78.9,149,35.5,96,92,154,94,83,84,6.1,211,55,156,152,0.43,67,5.4,28.8,14.6,0,3402,6.3,10,3,1,13.9,6,F,no,sedentario
PAC000624,18,63.1,165,23.2,78,108,118,83,86,95,4.5,220,78,98,97,0.72,88,0.1,13.9,14.0,6,4213,8.5,4,16,0,9.9,6,F,no,activo
PAC000625,18,53.4,163,20.1,74,124,101,74,62,78,4.0,180,75,80,142,0.9,94,0.1,40.7,15.0,11,14098,9.6,0,0,4,6.7,0,F,no,activo
PAC000626,50,70.6,203,17.1,127,94,130,102,83,144,7.5,244,42,142,275,0.64,78,7.3,41.2,12.4,0,500,6.9,14,2,4,8.8,8,M,no,sedentario
PAC000627,88,98.5,140,50.3,102,101,168,101,76,102,6.0,220,38,126,188,0.45,61,6.4,28.1,15.0,0,500,7.7,3,2,1,17.5,6,F,si,activo
PAC000628,32,70.9,155,29.5,84,92,129,88,90,91,6.3,140,46,72,40,1.0,71,0.1,42.9,11.4,8,8035,8.3,6,14,1,11.0,6,M,si,ligero
PAC000629,25,67.3,177,21.5,95,107,122,67,70,68,4.9,148,79,73,40,1.15,113,0.1,33.0,15.6,12,13822,8.1,0,0,7,9.9,5,F,no,sedentario
PAC000630,84,84.8,182,25.6,129,90,134,94,82,148,7.7,268,38,112,260,1.01,83,4.4,34.4,17.7,0,4707,9.1,24,13,1,6.3,8,F,no,sedentario
PAC000631,83,81.4,142,40.4,110,85,158,98,81,83,5.4,271,41,110,157,0.41,75,4.6,40.0,17.4,5,500,6.3,11,0,4,9.5,6,M,si,sedentario
PAC000632,52,63.1,177,20.1,84,100,123,63,67,88,4.0,127,45,46,41,1.12,108,0.1,40.3,15.6,10,12390,7.6,1,2,8,6.2,0,M,no,activo
PAC000633,52,85.1,142,42.2,122,85,165,94,80,98,7.4,222,53,134,226,0.53,92,5.3,34.6,18.0,0,1692,5.8,13,4,3,12.5,10,F,no,ligero
PAC000634,31,78.3,160,30.6,82,99,123,85,62,69,4.0,194,66,69,40,1.02,100,0.1,26.9,12.3,5,10964,9.5,4,0,3,5.7,6,F,no,ligero
PAC000635,86,93.7,196,24.4,111,101,127,83,73,135,6.7,248,50,176,244,1.21,62,7.7,28.0,14.7,3,5708,9.4,17,12,1,11.9,10,F,si,activo
PAC000636,82,83.6,147,38.7,108,75,178,108,69,90,5.0,247,35,176,142,0.53,71,3.2,26.5,15.5,0,8579,6.3,20,1,3,11.3,7,M,no,sedentario
PAC000637,22,48.2,161,18.6,68,98,114,61,58,94,4.9,192,66,114,50,1.03,81,0.1,35.3,12.8,5,11678,6.0,0,1,4,3.2,3,M,no,activo
PAC000638,60,102.6,180,31.7,127,106,144,97,74,150,7.0,220,31,163,192,1.27,50,8.7,42.2,17.3,2,4260,8.3,10,27,1,12.7,4,M,si,sedentario
PAC000639,58,80.2,190,22.2,108,92,145,73,79,158,7.8,285,33,154,289,1.22,72,7.5,43.7,16.7,0,2121,9.3,1,0,2,8.3,7,M,si,activo
PAC000640,28,40.0,172,13.5,91,99,102,73,65,88,4.9,192,52,115,106,0.95,76,1.9,45.4,12.5,7,11692,9.5,2,6,8,6.6,5,F,no,activo
PAC000641,18,74.5,177,23.8,97,96,103,79,71,97,5.2,165,77,73,141,0.93,118,4.0,35.3,14.2,12,16342,8.5,10,5,6,4.0,6,M,no,activo
PAC000642,77,79.8,141,40.1,113,110,167,106,89,113,5.7,202,56,154,215,0.46,95,4.3,28.0,15.5,2,8166,6.7,8,0,1,15.3,9,M,no,sedentario
PAC000643,69,80.7,200,20.2,101,110,147,94,69,129,6.7,266,45,189,195,0.98,97,5.7,48.9,15.7,0,2574,8.0,26,0,2,12.9,6,M,si,sedentario
PAC000644,42,79.7,188,22.5,100,107,142,90,73,105,7.7,204,32,169,196,0.87,81,6.8,53.2,13.2,0,6162,8.9,0,8,2,9.2,9,M,no,ligero
PAC000645,48,93.3,201,23.1,112,94,149,101,75,113,7.0,261,44,152,379,1.14,91,8.4,40.3,14.5,0,595,10.1,4,5,2,10.9,10,M,si,sedentario
PAC000646,83,94.4,197,24.3,121,97,144,74,73,130,7.5,305,48,164,286,1.43,112,8.9,29.5,14.9,0,3199,8.9,3,3,2,11.1,8,F,si,sedentario
PAC000647,75,79.0,142,39.2,93,108,134,105,86,102,6.4,208,45,185,155,0.52,86,3.2,27.6,17.4,1,5428,5.0,15,1,2,6.8,4,F,no,sedentario
PAC000648,45,83.5,147,38.6,110,98,156,93,88,87,6.6,267,43,140,265,0.45,79,5.3,26.0,15.6,0,5653,7.6,15,0,1,12.8,10,F,no,ligero
PAC000649,52,95.5,194,25.4,115,106,139,90,84,134,7.8,235,62,168,249,1.6,98,2.8,49.1,16.1,5,500,8.0,15,3,1,10.6,8,F,no,ligero
PAC000650,74,68.9,140,35.2,102,92,164,103,71,90,5.3,196,58,130,231,0.65,52,4.8,29.7,19.0,0,6039,7.4,7,7,2,15.9,7,M,si,ligero
PAC000651,65,98.0,194,26.0,89,87,131,93,78,147,5.8,208,36,153,147,1.53,82,5.3,35.2,15.9,1,4132,7.7,8,0,2,14.3,8,M,si,ligero
PAC000652,66,109.0,197,28.1,121,130,111,100,70,129,7.0,243,37,166,295,1.0,61,9.8,36.7,14.8,0,5108,7.9,4,9,1,11.3,2,F,si,activo
PAC000653,90,94.1,180,29.0,144,111,130,81,73,142,5.9,227,55,153,304,0.85,116,7.6,30.2,16.1,0,500,6.7,8,0,0,10.4,8,F,si,sedentario
PAC000654,23,75.8,163,28.5,63,104,151,80,67,77,4.3,222,67,156,117,1.16,127,0.1,41.0,14.2,10,14983,8.6,5,0,4,4.1,1,M,si,sedentario
PAC000655,18,56.8,155,23.6,101,107,109,71,58,103,4.9,154,45,83,180,1.18,93,4.1,41.3,15.7,5,15909,7.7,4,2,7,4.7,4,F,no,ligero
PAC000656,23,70.9,165,26.0,92,103,126,75,78,89,4.1,190,71,133,86,0.97,122,5.2,16.0,10.7,8,7787,7.4,18,25,3,10.4,7,F,si,activo
PAC000657,69,83.6,205,19.9,94,100,149,96,81,127,6.3,242,56,179,251,1.13,73,5.8,42.0,16.0,5,5369,8.9,9,4,2,11.5,10,F,si,activo
PAC000658,32,65.5,171,22.4,92,106,122,71,71,100,4.0,191,78,45,87,1.16,109,2.3,33.4,15.7,6,10061,10.0,0,6,6,6.8,1,F,no,activo
PAC000659,76,72.1,156,29.6,95,93,172,83,92,99,6.8,238,39,137,138,0.58,50,7.2,36.2,16.8,4,6262,4.0,3,0,0,9.4,8,M,si,ligero
PAC000660,21,70.7,145,33.6,100,77,90,71,108,60,5.4,187,69,93,109,0.9,111,6.6,15.8,11.9,6,3511,5.6,13,17,2,9.2,3,M,no,sedentario
PAC000661,55,105.0,189,29.4,130,107,123,98,72,133,6.7,263,44,143,324,1.26,69,7.6,43.1,12.8,0,1646,9.1,0,3,4,14.7,10,M,si,ligero
PAC000662,90,83.2,203,20.2,127,107,165,105,69,97,7.5,191,51,208,219,1.41,98,4.1,30.4,13.5,0,500,9.7,16,11,5,15.6,9,F,si,ligero
PAC000663,47,48.6,159,19.2,97,90,111,74,90,89,5.2,233,81,142,83,0.96,98,3.9,16.1,9.0,9,7727,7.2,13,20,0,11.8,3,F,no,sedentario
PAC000664,18,72.8,151,31.9,80,79,99,68,85,85,5.6,194,57,120,161,1.05,106,3.6,22.5,11.8,4,9099,7.9,17,33,2,6.5,8,F,si,ligero
PAC000665,36,50.1,163,18.9,87,87,152,75,85,80,5.1,232,57,89,66,0.94,77,2.8,29.6,11.5,6,10478,7.8,14,16,3,10.2,10,M,no,sedentario
PAC000666,43,94.7,186,27.4,119,111,140,93,85,139,7.0,224,51,108,272,1.12,69,7.5,47.0,16.4,0,2274,10.0,15,14,5,10.1,6,F,no,sedentario
PAC000667,32,98.3,189,27.5,97,115,116,87,89,115,7.4,202,27,207,245,0.86,43,6.7,43.1,14.7,1,500,10.1,1,1,3,13.1,4,F,si,ligero
PAC000668,36,71.8,156,29.5,93,90,110,72,66,87,6.1,192,86,79,69,0.94,91,0.4,40.4,14.7,7,13140,6.6,0,0,6,3.3,3,M,no,ligero
PAC000669,90,87.5,142,43.4,119,107,166,96,78,74,6.6,259,46,109,156,0.68,62,4.3,27.2,18.9,3,5150,7.3,0,0,2,6.8,5,M,si,ligero
PAC000670,49,67.6,172,22.9,60,88,105,84,68,80,4.1,135,72,138,122,0.82,130,2.7,25.5,15.5,7,11049,8.0,0,6,1,4.5,2,F,si,activo
PAC000671,72,86.3,144,41.6,122,106,152,111,68,77,5.1,224,48,137,294,0.65,85,3.7,31.4,17.7,0,2662,4.9,6,1,5,10.7,6,F,si,ligero
PAC000672,24,69.1,157,28.0,80,83,114,75,73,108,5.5,195,36,141,179,0.97,111,0.5,31.8,11.4,7,8739,7.7,26,23,0,11.8,6,M,si,ligero
PAC000673,66,95.5,190,26.5,109,115,128,78,77,139,8.7,263,25,144,232,1.07,70,6.9,34.4,13.2,1,500,8.0,11,3,2,11.9,10,F,si,sedentario
PAC000674,50,89.7,140,45.8,116,88,137,88,76,95,6.1,208,55,171,207,0.56,83,0.3,37.9,16.0,0,6961,6.6,5,12,1,15.0,8,M,si,sedentario
PAC000675,77,78.5,151,34.4,96,95,166,107,77,107,5.6,300,48,122,197,0.4,63,1.6,35.9,16.3,0,4468,5.4,6,0,4,8.7,5,M,si,sedentario
PAC000676,20,64.3,174,21.2,70,90,117,64,66,76,4.7,204,55,73,98,1.2,106,1.2,44.4,16.0,7,13110,7.0,2,0,5,7.1,4,M,si,activo
PAC000677,70,41.3,181,12.6,116,105,128,74,74,153,6.0,241,29,186,193,1.25,53,5.2,37.4,12.5,4,1948,11.0,8,6,3,6.0,6,F,si,sedentario
PAC000678,74,95.7,191,26.2,130,109,140,109,77,141,6.6,223,28,221,257,1.23,78,9.2,55.1,13.7,0,500,8.9,12,1,0,14.4,9,M,si,sedentario
PAC000679,68,70.1,150,31.2,102,100,145,85,79,115,6.9,223,50,150,157,0.51,85,5.6,43.3,15.1,3,5204,3.7,12,16,0,10.4,10,M,si,sedentario
PAC000680,49,89.5,163,33.7,84,85,145,84,71,69,5.6,162,63,141,131,0.95,72,7.9,27.7,12.2,7,8368,7.6,28,28,0,9.5,5,M,si,activo
PAC000681,59,89.0,147,41.2,103,89,149,91,80,123,5.0,218,62,170,125,0.59,32,6.2,35.0,15.1,1,980,6.4,15,7,3,15.0,6,F,si,sedentario
PAC000682,79,75.6,151,33.2,104,99,170,105,79,126,5.6,250,44,119,336,0.82,65,3.6,14.3,18.7,0,2073,6.3,13,7,2,9.5,8,F,si,sedentario
PAC000683,32,70.4,169,24.6,87,134,110,82,63,82,6.0,186,62,119,40,1.42,123,2.6,41.8,15.3,10,13938,7.7,0,3,8,7.7,4,F,si,ligero
PAC000684,65,93.4,205,22.2,119,105,138,89,84,132,6.8,216,45,167,245,1.27,64,9.2,36.9,15.6,0,3673,7.8,0,5,4,13.6,6,M,si,sedentario
PAC000685,72,79.5,204,19.1,91,97,147,101,75,158,6.6,236,40,156,358,1.26,66,6.4,44.1,12.8,0,500,9.2,7,4,4,13.8,7,M,si,ligero
PAC000686,71,79.1,141,39.8,126,94,159,111,69,97,6.1,205,49,163,162,0.91,64,6.0,29.5,15.2,2,4829,4.7,0,11,3,10.0,5,F,si,ligero
PAC000687,18,62.0,158,24.8,63,99,121,79,84,85,6.2,183,68,107,63,0.77,95,5.0,11.9,12.1,4,8356,7.1,21,21,0,10.7,9,F,si,activo
PAC000688,53,68.7,190,19.0,95,107,132,62,69,128,7.7,232,31,178,396,0.9,83,7.1,38.9,15.1,0,4493,9.1,11,4,1,9.3,7,F,si,sedentario
PAC000689,18,61.0,170,21.1,76,77,114,80,96,119,4.7,186,47,120,164,0.92,91,1.2,29.5,10.0,4,14824,6.3,12,23,3,17.9,7,M,no,ligero
PAC000690,50,74.7,188,21.1,124,93,116,79,79,120,6.5,207,46,126,301,1.45,86,8.4,25.3,12.5,0,4647,9.2,20,1,2,10.5,5,F,si,sedentario
PAC000691,42,40.0,173,13.4,60,103,90,56,67,68,4.3,203,61,95,63,0.86,111,2.3,35.7,14.0,6,12968,8.7,5,2,4,7.8,2,M,no,ligero
PAC000692,38,76.8,177,24.5,90,91,125,67,45,91,4.8,114,83,92,45,0.94,121,0.1,46.3,16.4,10,13839,9.1,7,4,5,5.6,0,F,no,sedentario
PAC000693,34,66.4,151,29.1,82,95,113,54,62,74,4.0,149,73,114,163,0.91,110,3.6,19.4,16.0,14,12068,7.1,3,0,5,8.6,1,M,no,ligero
PAC000694,64,70.8,191,19.4,97,108,113,86,90,119,7.9,298,43,118,277,1.32,97,5.4,49.3,16.1,0,3884,9.0,10,8,2,12.2,10,M,no,sedentario
PAC000695,59,91.8,140,46.8,80,112,153,120,90,95,4.7,180,56,129,67,0.44,84,6.1,29.2,16.4,0,5012,8.1,12,1,2,11.9,10,F,si,sedentario
PAC000696,19,81.3,161,31.4,92,100,135,80,86,71,6.2,155,53,87,74,1.09,103,3.9,8.7,10.5,6,8251,8.7,22,26,0,12.9,6,M,si,ligero
PAC000697,80,99.1,194,26.3,120,105,147,84,65,116,8.0,263,62,125,256,1.36,78,7.3,39.3,13.9,3,3062,8.9,6,8,3,9.4,9,F,no,ligero
PAC000698,69,86.1,192,23.4,119,113,144,89,79,150,7.0,256,25,202,167,1.49,93,2.7,44.4,13.9,3,1557,7.3,11,3,1,13.0,10,F,no,ligero
PAC000699,58,72.4,191,19.8,111,97,127,91,78,110,6.7,246,47,151,236,1.04,94,3.6,37.8,14.3,0,6783,10.7,9,3,4,5.0,10,M,no,sedentario
PAC000700,66,124.3,199,31.4,114,105,148,70,84,145,5.9,227,35,223,232,1.4,99,4.7,41.4,15.3,0,6094,6.9,7,0,2,12.7,7,F,si,sedentario
PAC000701,39,64.6,161,24.9,63,94,112,78,67,83,5.6,168,83,103,65,1.08,109,5.0,11.6,14.3,12,17547,9.0,0,0,5,10.0,2,M,no,activo
PAC000702,67,70.8,149,31.9,97,80,153,107,78,77,5.5,202,42,137,135,0.41,96,4.3,26.9,15.4,6,7305,5.9,0,9,4,10.9,6,F,si,sedentario
PAC000703,35,65.1,155,27.1,94,98,113,74,47,98,4.0,134,46,128,42,1.14,111,1.1,39.3,13.9,10,8987,7.6,0,15,4,8.4,3,F,no,ligero
PAC000704,83,90.7,145,43.1,125,108,155,90,83,125,6.1,178,45,174,173,0.54,72,4.5,17.1,16.4,2,3356,5.3,16,8,3,12.7,9,M,no,sedentario
PAC000705,68,87.1,148,39.8,94,96,149,99,80,85,5.4,288,45,142,139,0.44,64,5.8,27.7,19.0,6,3806,4.2,7,10,0,13.0,4,M,no,sedentario
PAC000706,75,98.5,182,29.7,123,97,150,104,75,129,6.4,293,33,197,240,1.05,71,4.9,28.4,15.2,1,3915,8.7,10,0,0,11.0,9,M,si,sedentario
PAC000707,39,52.1,152,22.6,87,91,112,68,80,102,5.0,168,64,136,151,1.07,63,2.6,26.3,12.8,1,11343,8.3,17,24,1,10.9,7,M,no,ligero
PAC000708,45,74.7,205,17.8,116,96,129,81,95,147,7.0,243,56,141,262,1.03,85,3.5,29.1,13.3,0,2259,7.1,13,6,3,10.2,7,M,si,sedentario
PAC000709,32,51.5,153,22.0,79,95,100,80,70,116,5.5,198,55,102,107,0.78,108,6.0,35.5,11.8,5,9692,9.6,31,27,1,12.0,6,F,no,ligero
PAC000710,74,64.3,145,30.6,104,84,163,95,80,93,6.8,259,51,118,135,0.4,72,2.9,34.2,14.6,2,1621,4.5,3,1,3,13.4,6,F,si,activo
PAC000711,18,79.7,174,26.3,83,101,110,54,61,85,6.1,151,51,120,69,0.96,97,0.1,34.8,10.9,8,10896,8.0,9,0,4,3.5,4,M,si,ligero
PAC000712,56,99.7,183,29.8,120,110,153,87,72,113,7.4,232,34,194,197,1.2,78,8.2,40.1,16.3,0,6609,9.2,4,11,2,11.4,8,F,no,activo
PAC000713,37,40.7,163,15.3,95,96,127,76,60,104,4.9,159,62,86,115,1.09,130,1.7,35.7,16.6,8,10819,6.3,5,0,7,3.8,4,M,si,ligero
PAC000714,53,78.6,188,22.2,119,110,156,82,78,146,7.0,251,47,165,252,1.4,90,7.3,39.0,14.8,0,892,11.0,14,8,0,12.8,8,F,si,sedentario
PAC000715,32,50.9,152,22.0,82,119,129,73,72,60,4.9,163,62,116,40,1.24,108,2.6,35.0,11.8,10,13551,10.1,13,6,5,3.9,1,M,no,ligero
PAC000716,37,46.5,163,17.5,70,107,118,68,72,78,5.8,132,65,120,113,1.08,69,0.3,40.6,15.1,8,10535,9.8,0,7,9,3.0,0,M,no,ligero
PAC000717,53,97.0,205,23.1,88,115,168,96,78,165,6.3,239,30,135,291,1.09,59,7.2,34.4,15.8,1,2549,7.8,10,16,1,10.9,9,M,si,sedentario
PAC000718,53,81.2,150,36.1,121,97,156,103,76,114,5.3,258,61,109,219,0.4,56,1.8,39.6,15.4,0,9836,5.4,9,2,2,8.4,9,M,no,ligero
PAC000719,23,71.8,168,25.4,81,108,111,76,69,84,5.6,194,62,60,106,0.92,98,0.1,51.3,15.2,8,11096,6.7,8,4,3,4.4,6,M,no,activo
PAC000720,84,103.3,141,52.0,112,86,146,105,81,113,5.9,266,67,167,151,0.51,66,4.6,26.1,16.9,1,6201,4.2,0,17,1,15.0,5,M,si,sedentario
PAC000721,72,88.0,147,40.7,112,93,163,103,83,89,5.8,220,50,120,273,0.48,56,0.1,21.5,14.8,2,2181,4.6,13,0,3,9.1,7,M,no,ligero
PAC000722,18,53.8,161,20.8,84,94,115,78,69,83,6.2,189,63,103,94,0.93,116,7.0,12.9,13.1,10,13453,9.5,22,24,2,6.2,4,F,si,sedentario
PAC000723,81,71.3,185,20.8,113,87,137,99,84,126,7.2,284,33,119,171,1.07,79,6.7,44.8,14.9,0,3793,7.3,11,9,0,11.0,1,F,si,sedentario
PAC000724,18,51.8,159,20.5,89,79,119,71,104,69,4.0,130,53,104,50,0.76,106,5.5,7.9,11.3,2,8851,7.4,20,23,2,4.6,6,M,no,sedentario
PAC000725,38,71.8,152,31.1,71,95,140,84,93,95,5.4,137,60,119,141,0.93,82,2.1,44.8,14.2,4,7020,7.1,26,28,0,6.8,4,F,si,sedentario
PAC000726,19,74.9,163,28.2,103,98,109,68,88,86,6.1,232,54,139,76,1.1,112,3.7,18.1,11.5,8,8290,7.7,21,25,1,7.7,7,F,no,sedentario
PAC000727,77,81.2,184,24.0,100,120,144,89,70,138,7.9,254,45,147,300,1.03,77,7.7,40.3,16.0,0,7216,9.7,22,0,3,11.5,9,F,no,ligero
PAC000728,21,78.9,161,30.4,71,94,114,74,65,66,6.1,125,76,128,47,0.77,67,2.0,30.6,14.8,12,8703,8.1,2,0,5,3.6,4,F,si,sedentario
PAC000729,35,40.0,162,15.2,73,99,116,83,59,107,5.4,215,65,124,40,0.84,89,5.6,25.0,15.3,9,8797,10.0,0,0,7,10.0,3,M,no,ligero
PAC000730,18,58.0,151,25.4,97,83,107,89,70,120,4.6,136,49,133,76,0.98,93,0.5,21.3,10.2,6,10694,7.0,22,28,3,4.4,10,F,no,ligero
PAC000731,40,89.9,172,30.4,89,90,145,72,64,89,4.0,167,63,54,40,1.2,103,1.7,44.8,13.2,8,14021,11.0,14,0,5,7.0,1,M,no,sedentario
PAC000732,68,87.7,205,20.9,108,108,133,99,71,118,7.8,206,38,177,247,1.02,86,7.7,33.7,14.7,0,2438,9.4,0,11,1,11.2,8,F,si,sedentario
PAC000733,46,72.2,160,28.2,78,89,122,78,70,109,5.2,218,56,101,180,0.96,103,0.2,19.9,13.0,5,8053,7.1,31,18,2,10.0,10,F,si,ligero
PAC000734,18,69.8,168,24.7,83,106,116,80,63,75,5.1,165,80,73,88,1.17,103,1.1,31.7,14.6,9,17641,9.3,1,4,5,8.1,0,M,no,ligero
PAC000735,18,62.3,157,25.3,85,121,134,66,57,68,5.8,151,63,85,158,1.1,98,0.1,36.1,15.6,12,11434,7.2,6,5,9,5.9,1,M,si,activo
PAC000736,47,85.8,165,31.5,85,108,116,72,64,81,5.7,130,56,40,107,1.19,87,0.1,56.1,14.4,5,19614,7.4,2,7,8,6.1,0,M,si,activo
PAC000737,87,75.6,142,37.5,107,105,172,120,51,107,6.5,193,42,197,183,0.61,63,5.7,42.8,17.2,0,5416,6.6,9,8,1,7.3,6,F,si,activo
PAC000738,80,83.4,146,39.1,101,99,173,102,83,94,6.0,202,52,137,96,0.73,41,7.8,56.1,16.3,2,5006,6.7,0,0,3,8.5,6,F,no,sedentario
PAC000739,18,75.1,160,29.3,65,97,111,77,63,76,5.4,120,69,78,40,1.16,104,0.1,40.0,11.5,11,13508,7.2,13,20,5,8.3,4,M,no,ligero
PAC000740,31,68.3,162,26.0,89,115,96,72,63,101,4.9,178,84,95,152,0.79,120,0.1,38.6,15.4,14,11770,7.9,0,3,5,7.1,6,M,si,sedentario
PAC000741,57,77.8,149,35.0,101,96,172,93,87,108,5.2,213,38,185,254,0.65,80,5.5,21.5,17.0,1,9449,7.0,9,6,1,11.5,7,M,no,sedentario
PAC000742,67,85.1,195,22.4,109,105,106,93,78,116,5.7,241,38,98,213,0.84,89,5.4,34.7,13.5,0,3809,8.5,11,0,2,6.9,7,M,si,sedentario
PAC000743,72,91.0,157,36.9,97,116,152,105,82,86,6.2,222,35,163,144,0.61,86,5.9,27.4,16.6,0,5630,4.2,15,10,1,17.3,9,M,no,activo
PAC000744,24,78.3,164,29.1,82,82,119,83,56,100,4.9,158,88,122,212,1.04,107,3.9,19.9,14.4,13,12421,10.3,0,0,1,7.7,3,F,no,activo
PAC000745,59,80.3,204,19.3,115,109,156,89,77,140,8.0,245,58,195,325,1.28,65,9.9,42.9,14.3,3,1265,8.6,17,10,1,15.6,7,F,no,sedentario
PAC000746,51,82.7,143,40.4,78,75,123,63,84,69,4.4,211,31,117,101,0.91,85,5.0,19.4,13.7,8,6958,7.8,16,18,3,9.1,6,M,no,sedentario
PAC000747,33,81.8,177,26.1,87,76,90,71,74,110,4.6,142,49,127,221,0.74,87,3.8,21.6,8.9,6,11394,8.2,22,22,1,11.2,9,F,no,ligero
PAC000748,69,73.7,149,33.2,115,91,149,115,71,116,5.5,230,46,113,233,0.4,66,4.2,35.1,17.5,0,2424,7.3,10,3,4,12.2,6,F,no,sedentario
PAC000749,35,45.0,157,18.3,91,108,145,78,93,92,4.8,194,70,114,97,1.06,103,1.3,30.6,12.0,3,8234,9.9,22,27,3,8.1,10,F,no,ligero
PAC000750,43,59.4,165,21.8,94,106,109,84,45,89,4.5,185,77,87,61,0.98,73,0.1,24.0,15.7,7,15002,8.8,1,0,6,6.6,3,M,si,sedentario
PAC000751,64,58.0,183,17.3,113,95,138,88,91,145,6.7,297,26,154,259,0.96,73,9.5,21.8,14.7,2,3608,9.9,12,0,1,13.6,9,F,si,sedentario
PAC000752,18,102.1,151,44.8,104,90,114,84,86,84,5.4,158,70,65,101,0.54,89,4.1,20.6,15.6,9,8302,9.7,7,36,0,9.6,9,F,no,sedentario
PAC000753,66,56.6,166,20.5,125,104,154,103,90,99,5.4,219,40,119,166,0.6,83,3.4,41.8,19.0,6,1965,6.6,1,0,1,9.2,10,F,no,sedentario
PAC000754,36,71.6,163,26.9,74,95,112,75,49,83,4.5,208,83,137,61,1.21,95,1.5,33.6,15.4,7,14378,7.4,7,1,3,6.1,0,F,no,sedentario
PAC000755,64,99.7,205,23.7,117,115,148,91,81,112,5.7,244,54,136,259,1.32,49,6.6,50.2,17.6,2,3389,7.5,2,12,2,11.2,9,F,si,sedentario
PAC000756,24,64.0,159,25.3,60,76,138,61,82,71,5.4,176,35,102,40,1.06,119,2.4,51.1,15.1,10,15214,7.5,12,4,2,2.5,3,F,si,ligero
PAC000757,26,63.6,180,19.6,78,110,100,71,74,106,4.4,185,43,108,119,0.79,87,2.9,14.1,11.3,9,14134,8.1,15,9,1,10.4,8,F,si,ligero
PAC000758,18,40.0,184,11.8,94,98,113,88,62,100,4.0,171,76,59,63,0.64,73,0.2,38.0,13.1,10,19418,8.7,0,4,6,6.1,1,F,si,activo
PAC000759,72,85.5,172,28.9,114,116,154,93,69,127,8.1,298,31,161,312,1.2,74,7.1,54.6,16.1,0,989,9.1,11,0,3,5.0,3,F,si,sedentario
PAC000760,71,92.0,205,21.9,100,112,143,80,86,133,8.7,270,32,142,199,1.13,78,9.7,27.7,14.2,1,5877,9.0,5,8,3,13.7,8,M,si,sedentario
PAC000761,60,104.1,193,27.9,102,106,129,92,81,133,7.5,278,25,129,375,1.26,88,4.4,47.5,15.0,1,3556,8.9,6,0,2,13.7,5,M,no,sedentario
PAC000762,18,70.8,157,28.7,97,92,98,54,81,102,4.4,204,58,165,62,1.08,98,0.6,31.1,10.3,6,8314,8.3,24,27,2,9.0,6,M,no,sedentario
PAC000763,37,97.0,161,37.4,66,91,106,90,53,79,4.0,186,56,79,91,1.12,106,0.1,23.0,12.8,9,13329,8.4,0,2,5,6.4,4,M,no,ligero
PAC000764,53,53.4,170,18.5,100,93,97,71,56,74,4.9,164,61,155,58,1.33,109,0.1,20.9,16.5,10,13750,8.3,3,0,6,7.1,3,F,si,ligero
PAC000765,21,64.6,169,22.6,86,95,96,64,64,80,4.0,197,58,117,40,1.47,85,3.3,33.1,15.9,11,16409,5.1,0,3,4,7.9,5,M,no,sedentario
PAC000766,59,77.7,192,21.1,97,107,159,98,81,127,5.6,218,44,195,195,0.91,88,7.7,33.7,15.8,0,3217,10.0,8,14,1,10.3,8,M,si,activo
PAC000767,18,71.9,157,29.2,66,90,125,73,93,113,4.3,172,61,113,75,0.75,97,2.5,17.9,12.4,5,7847,10.4,15,20,1,4.8,10,F,no,ligero
PAC000768,90,63.2,140,32.2,117,93,187,103,85,111,6.0,233,48,154,180,0.73,28,3.2,22.1,12.9,0,2907,5.0,3,0,1,16.4,6,M,si,sedentario
PAC000769,79,88.9,204,21.4,138,101,133,84,79,139,7.6,202,31,188,225,1.04,83,8.0,31.9,16.2,0,7878,10.0,15,4,1,10.9,6,M,si,sedentario
PAC000770,66,88.5,194,23.5,138,103,125,90,66,114,6.9,261,44,120,268,1.14,110,5.8,41.2,16.6,0,3428,9.7,16,13,5,6.8,9,M,si,ligero
PAC000771,27,57.0,148,26.0,87,105,104,65,91,74,5.8,160,60,94,112,1.03,130,1.6,15.6,15.0,10,7686,8.1,28,32,1,14.2,10,M,no,activo
PAC000772,76,76.7,149,34.5,103,89,149,101,69,115,5.3,275,62,142,297,0.45,89,2.0,25.9,16.0,3,3137,5.9,16,12,1,15.6,5,M,no,activo
PAC000773,60,69.7,148,31.8,94,104,162,84,79,99,5.8,221,50,113,254,0.42,76,3.9,45.1,15.8,2,4571,4.6,13,2,1,11.6,6,M,si,sedentario
PAC000774,35,66.4,140,33.9,99,88,128,78,91,75,4.2,184,60,105,47,0.67,105,4.9,27.4,13.3,4,6011,8.0,21,7,1,10.8,9,M,no,sedentario
PAC000775,18,62.4,174,20.6,93,75,114,66,51,83,5.5,174,73,40,71,0.77,130,2.4,38.7,16.2,7,8143,7.5,0,0,3,7.9,2,F,no,ligero
PAC000776,23,58.3,155,24.3,83,101,131,79,87,103,5.4,189,46,103,108,0.87,108,5.5,26.2,10.4,2,7459,7.6,16,29,0,6.3,6,M,no,ligero
PAC000777,40,52.5,157,21.3,91,83,118,72,79,87,4.8,212,63,101,70,1.12,95,3.3,29.1,11.2,5,8068,7.7,16,27,0,9.2,6,F,no,activo
PAC000778,72,114.4,181,34.9,115,102,147,85,68,167,7.2,253,54,151,187,1.23,77,9.2,40.5,17.9,3,2454,9.8,23,14,0,10.3,7,M,si,ligero
PAC000779,21,75.1,153,32.1,64,96,103,80,65,98,5.3,181,72,108,106,0.85,111,0.1,30.1,13.7,9,13277,9.5,7,2,3,3.6,0,M,si,sedentario
PAC000780,48,88.4,176,28.5,90,105,148,56,62,90,5.1,163,53,118,80,1.14,103,0.1,57.3,14.6,5,9885,9.2,4,0,7,7.0,2,M,si,ligero
PAC000781,23,56.7,163,21.3,97,88,122,69,83,76,6.2,192,65,114,40,0.79,95,0.1,33.1,13.4,0,13282,6.6,15,20,2,9.0,7,F,no,sedentario
PAC000782,27,43.1,167,15.5,62,105,96,70,51,86,5.3,175,63,90,117,1.01,91,0.1,19.1,12.7,4,11307,8.2,0,1,6,7.1,4,M,no,ligero
PAC000783,69,67.8,157,27.5,99,84,122,91,94,83,5.4,169,38,120,107,0.75,71,7.7,40.2,15.3,5,500,4.2,6,0,1,14.8,7,M,no,sedentario
PAC000784,53,80.7,140,41.2,114,112,152,92,65,97,6.6,180,79,159,159,0.61,89,6.2,32.4,16.5,0,2716,4.9,3,7,1,10.8,10,F,si,sedentario
PAC000785,66,89.8,188,25.4,113,117,135,92,77,120,7.3,306,41,159,170,0.99,82,8.8,44.7,14.7,0,1945,10.3,12,11,3,8.2,6,M,si,sedentario
PAC000786,33,92.0,155,38.3,92,109,134,76,60,77,6.7,148,66,77,40,1.4,97,0.1,32.1,16.8,8,12733,9.1,0,2,7,9.2,1,F,no,ligero
PAC000787,38,67.6,156,27.8,88,94,119,80,54,81,5.6,156,68,76,40,1.13,130,0.1,32.0,14.0,8,14383,7.9,0,0,8,2.0,1,F,no,activo
PAC000788,22,40.0,168,14.2,73,116,129,71,48,72,5.4,159,60,136,79,1.07,104,1.7,45.4,15.9,10,7920,7.8,0,11,4,8.3,4,M,no,ligero
PAC000789,66,56.4,144,27.2,100,106,169,109,83,100,4.6,264,45,181,161,0.4,50,5.3,32.1,15.2,0,3174,5.0,18,14,3,11.2,8,M,no,sedentario
PAC000790,23,56.6,163,21.3,94,91,116,76,70,60,6.3,286,25,124,117,0.97,91,3.1,23.9,12.6,5,8459,7.8,10,30,3,8.4,8,M,no,sedentario
PAC000791,65,94.3,190,26.1,117,100,130,75,83,136,7.1,167,36,163,331,1.25,72,5.8,49.4,16.9,0,8016,9.7,12,13,0,9.9,6,F,si,activo
PAC000792,35,52.5,158,21.0,84,108,144,62,58,84,4.1,174,97,106,72,1.11,87,3.6,52.2,14.4,10,12353,8.3,4,8,5,7.1,5,F,si,sedentario
PAC000793,37,61.7,161,23.8,89,109,139,79,85,103,5.5,215,77,190,66,0.71,118,7.0,18.5,12.9,1,4177,6.9,28,31,0,10.4,5,F,no,activo
PAC000794,60,87.4,192,23.7,123,100,150,82,80,126,6.5,221,38,143,415,1.17,113,6.8,37.6,15.9,1,6849,9.2,10,5,3,10.9,8,M,si,sedentario
PAC000795,49,128.4,197,33.1,136,101,142,64,92,121,7.1,248,25,141,217,1.05,76,4.6,27.1,11.7,0,3247,9.0,12,5,0,17.0,8,F,no,sedentario
PAC000796,66,92.6,150,41.2,124,113,151,104,73,115,6.1,205,38,140,152,0.85,43,7.7,33.2,16.3,0,5702,6.2,8,3,1,8.9,8,M,si,sedentario
PAC000797,44,61.6,182,18.6,85,114,111,68,65,105,4.6,163,82,68,125,1.12,81,0.9,23.1,13.1,6,13790,7.6,12,0,3,3.2,2,F,no,sedentario
PAC000798,18,54.8,148,25.0,82,90,117,80,67,89,5.1,150,61,118,63,1.18,86,0.1,33.7,14.1,11,15359,8.6,5,3,6,6.7,2,M,si,activo
PAC000799,33,61.7,166,22.4,85,87,143,80,70,67,4.4,155,44,125,40,1.21,81,0.1,44.8,15.3,8,5925,8.1,6,3,5,6.6,5,M,no,sedentario
PAC000800,18,50.5,174,16.7,89,92,126,79,79,115,4.9,180,61,114,40,1.15,80,0.1,34.9,15.1,7,13087,10.5,11,0,4,5.4,3,M,si,sedentario
PAC000801,54,94.5,193,25.4,117,108,139,99,72,133,7.1,244,33,226,227,1.38,53,3.8,40.7,15.5,0,2271,8.4,0,0,0,14.8,9,M,si,sedentario
PAC000802,35,64.9,166,23.6,60,101,125,82,60,66,4.8,172,63,90,40,1.1,117,0.5,32.8,13.9,12,7918,8.5,12,6,4,3.5,0,F,no,activo
PAC000803,20,91.8,157,37.2,74,97,114,65,66,110,6.0,153,54,95,140,1.41,107,2.4,54.5,17.1,9,11283,8.8,0,1,4,8.2,2,F,si,sedentario
PAC000804,30,54.9,166,19.9,78,98,104,67,63,83,4.6,134,51,124,192,1.03,91,1.8,44.2,15.0,12,13008,8.0,2,3,6,4.5,2,F,no,activo
PAC000805,49,101.2,175,33.0,113,111,151,97,80,127,7.0,255,31,151,244,1.26,99,7.0,48.3,15.5,0,500,6.5,9,11,0,8.1,5,M,si,ligero
PAC000806,90,65.9,188,18.6,116,100,128,89,90,122,7.0,274,30,232,242,1.4,74,7.2,29.0,13.0,0,4291,9.9,7,12,1,15.9,6,M,no,ligero
PAC000807,32,86.3,160,33.7,69,115,121,71,67,101,5.1,140,75,94,40,0.9,80,0.1,25.3,16.0,9,12576,8.9,3,0,3,3.6,0,F,no,activo
PAC000808,47,89.7,188,25.4,107,90,157,82,85,136,5.7,257,46,153,199,1.18,88,4.7,32.8,14.7,0,1242,9.4,26,0,0,12.7,4,M,si,sedentario
PAC000809,85,73.5,148,33.6,115,91,179,93,67,110,5.6,190,59,166,147,0.4,56,3.4,32.6,15.4,5,500,6.0,16,10,0,12.3,7,M,si,ligero
PAC000810,61,83.3,205,19.8,87,95,144,97,72,131,7.7,283,37,200,251,1.28,62,2.3,18.9,15.0,0,4355,7.2,8,10,0,10.1,5,F,si,activo
PAC000811,90,105.5,200,26.4,102,110,161,83,83,137,7.6,219,45,165,273,1.14,77,9.8,37.7,13.5,0,3319,8.1,17,5,2,9.9,6,M,si,sedentario
PAC000812,30,40.0,170,13.8,76,109,121,73,50,62,4.6,186,62,133,112,1.08,73,4.5,41.0,16.1,4,11416,8.2,10,8,5,5.5,2,F,no,activo
PAC000813,70,113.1,198,28.8,121,99,152,83,69,128,5.9,277,29,167,330,1.11,76,6.9,40.9,15.3,0,500,9.3,26,8,3,12.4,6,F,si,ligero
PAC000814,59,111.3,195,29.3,107,99,149,99,89,118,7.1,195,32,135,235,0.74,74,6.4,52.1,16.2,4,507,8.9,11,0,0,14.5,8,M,si,sedentario
PAC000815,72,88.6,145,42.1,112,98,176,111,67,120,6.6,252,57,125,153,0.63,90,5.7,25.7,17.6,1,3619,5.9,14,3,2,9.9,2,F,si,ligero
PAC000816,69,76.5,140,39.0,123,105,172,99,81,114,5.7,221,66,144,277,0.4,81,6.0,26.6,17.5,3,4038,6.5,0,0,2,13.1,7,M,si,activo
PAC000817,50,101.8,187,29.1,99,102,122,77,71,144,7.1,199,35,159,131,1.16,35,6.1,22.8,16.2,3,3536,9.2,5,0,1,11.2,9,M,si,ligero
PAC000818,87,70.5,149,31.8,97,93,166,108,79,101,5.9,169,42,122,112,0.61,78,2.8,32.7,15.7,0,5356,6.0,0,6,0,17.4,8,M,si,sedentario
PAC000819,28,51.4,158,20.6,88,113,131,73,51,72,5.3,170,71,83,40,1.03,89,0.1,38.8,16.8,10,10802,9.9,0,0,5,4.6,1,M,no,sedentario
PAC000820,37,57.3,156,23.5,97,77,114,72,74,76,6.8,148,61,78,40,0.63,124,7.5,22.5,13.4,4,8239,7.3,6,30,2,12.7,6,M,no,activo
PAC000821,18,60.2,159,23.8,82,95,124,66,71,91,5.6,133,74,133,94,1.04,85,2.1,44.7,14.2,10,14080,8.6,2,0,6,6.3,3,M,no,ligero
PAC000822,67,112.3,140,57.3,95,101,144,91,66,77,6.5,232,46,95,189,0.5,83,2.4,27.8,14.7,3,500,4.3,2,15,2,11.3,10,M,no,sedentario
PAC000823,42,68.9,146,32.3,66,98,131,74,62,70,4.0,177,62,115,63,1.16,116,4.4,41.5,16.5,8,7595,9.0,0,0,5,2.0,3,F,no,ligero
PAC000824,75,103.9,204,25.0,124,87,153,87,70,96,5.5,254,32,142,251,1.09,34,5.5,26.7,16.6,0,2769,7.3,10,9,1,16.5,10,F,si,ligero
PAC000825,35,87.7,188,24.8,89,94,143,102,78,150,7.4,233,26,143,276,0.97,83,7.8,53.3,13.2,0,7415,9.6,11,2,1,11.8,8,F,si,sedentario
PAC000826,34,84.3,168,29.9,70,122,92,86,65,79,4.6,206,75,85,154,1.03,100,2.3,18.5,15.4,12,13203,10.1,0,13,6,5.6,0,M,no,ligero
PAC000827,86,95.2,196,24.8,110,94,137,90,65,129,6.6,239,25,109,226,1.22,117,6.4,43.2,13.5,2,4715,9.7,9,7,1,16.4,8,M,si,activo
PAC000828,18,71.0,172,24.0,90,95,114,78,93,90,4.5,184,68,112,181,0.84,73,0.8,27.0,12.0,8,13211,9.1,14,26,0,10.9,7,F,no,sedentario
PAC000829,18,58.8,167,21.1,86,75,100,70,89,99,5.8,143,53,83,200,0.88,107,4.2,8.1,10.3,2,8353,7.6,11,27,3,8.4,10,M,no,sedentario
PAC000830,35,45.7,151,20.0,91,103,113,90,80,98,4.0,174,60,93,60,1.02,75,0.2,32.7,17.1,7,14538,6.6,7,0,6,9.7,1,M,si,activo
PAC000831,18,59.9,166,21.7,60,103,116,64,56,67,5.1,149,66,69,115,1.34,115,3.1,54.2,13.1,8,15891,9.0,0,9,4,5.5,3,M,si,ligero
PAC000832,83,113.2,186,32.7,116,107,153,90,69,150,7.5,271,35,165,193,0.76,87,6.8,32.7,14.2,4,500,8.6,24,8,0,11.0,9,F,no,ligero
PAC000833,18,85.1,164,31.6,85,110,132,77,75,84,5.2,220,57,118,133,0.53,97,3.8,26.3,11.6,6,6785,6.8,25,33,0,11.6,9,M,si,activo
PAC000834,84,81.0,145,38.5,100,95,157,100,83,120,6.2,226,42,107,140,0.48,93,6.2,21.6,15.6,0,1267,5.1,17,8,0,12.7,6,F,no,activo
PAC000835,73,98.0,200,24.5,128,94,103,98,70,134,7.9,242,27,133,228,1.0,66,6.6,45.3,16.8,3,1182,9.0,6,0,0,7.8,4,F,si,sedentario
PAC000836,18,60.6,151,26.6,79,106,124,69,92,83,5.2,198,70,132,74,0.68,110,2.9,24.2,11.3,4,8936,9.4,18,33,2,12.9,7,M,no,ligero
PAC000837,49,93.4,142,46.3,96,97,126,65,82,94,5.0,143,67,122,92,0.79,93,2.1,48.0,10.3,1,6684,6.7,13,15,1,9.7,7,M,no,ligero
PAC000838,64,100.4,205,23.9,107,101,149,89,66,141,6.3,244,44,204,252,1.19,55,6.2,30.6,13.5,1,4136,9.1,10,6,0,13.3,8,M,no,sedentario
PAC000839,30,63.9,168,22.6,83,96,140,70,81,99,5.8,151,66,115,92,0.84,67,6.0,33.8,12.4,6,8389,6.3,13,25,4,8.6,6,F,no,activo
PAC000840,23,103.3,148,47.2,88,97,124,63,73,62,4.8,197,55,95,90,0.65,106,2.2,16.8,12.7,9,11138,7.1,17,23,2,11.0,5,F,no,sedentario
PAC000841,63,68.0,168,24.1,99,111,168,100,77,112,4.0,184,56,194,230,0.54,67,6.6,27.1,14.2,0,3399,8.0,8,0,1,9.5,10,M,si,ligero
PAC000842,49,96.2,140,49.1,93,107,159,103,89,101,4.9,174,52,155,148,0.86,83,2.7,38.1,15.7,2,5613,5.5,0,0,4,9.9,5,F,si,ligero
PAC000843,31,60.5,158,24.2,94,86,160,68,97,86,6.0,114,50,94,142,0.78,71,2.5,20.1,14.0,4,9702,8.5,19,22,1,10.2,10,F,no,ligero
PAC000844,75,67.8,157,27.5,87,103,170,99,79,112,6.8,252,39,88,137,0.42,102,6.7,17.1,13.7,4,500,5.2,11,7,1,8.8,5,M,si,sedentario
PAC000845,54,86.9,140,44.3,101,93,163,93,95,74,6.4,242,70,144,134,0.67,78,3.2,29.7,17.6,0,7195,7.9,5,13,2,13.4,7,F,si,sedentario
PAC000846,65,101.2,195,26.6,109,99,144,86,86,133,6.4,173,35,172,209,0.83,80,8.1,16.0,15.4,1,1617,6.8,10,0,0,12.7,10,M,no,ligero
PAC000847,18,81.4,156,33.4,88,78,90,71,90,112,4.1,202,54,114,166,1.13,117,2.7,29.0,10.8,2,5686,6.4,21,22,2,5.4,3,M,no,sedentario
PAC000848,18,75.7,163,28.5,80,97,124,67,69,72,4.0,160,89,125,196,1.16,101,1.9,31.4,15.2,12,8608,10.4,0,0,6,7.6,2,M,si,activo
PAC000849,18,73.7,162,28.1,73,85,136,63,75,81,4.7,220,55,128,201,0.69,101,2.4,24.6,11.8,8,7113,8.7,24,10,2,12.0,7,M,si,sedentario
PAC000850,35,73.2,162,27.9,67,94,98,68,51,90,4.9,193,62,99,178,1.48,121,3.8,32.2,15.6,4,13122,7.5,0,0,7,2.8,2,F,si,activo
PAC000851,32,56.6,164,21.0,76,117,121,75,66,76,5.7,147,64,162,40,0.92,94,2.1,44.8,15.5,7,9623,9.4,0,0,5,3.6,3,M,no,sedentario
PAC000852,27,40.0,162,15.2,72,107,95,59,67,109,5.2,123,66,151,108,0.75,108,0.1,45.8,14.3,7,13444,8.5,0,0,4,4.4,2,F,no,sedentario
PAC000853,18,83.4,153,35.6,92,75,103,68,69,90,6.0,177,67,62,124,1.23,100,5.0,14.3,10.2,3,6594,7.1,18,22,3,8.2,9,M,si,activo
PAC000854,60,85.2,140,43.5,112,97,164,106,85,64,6.0,240,61,155,236,0.91,76,4.3,27.1,16.2,4,6261,4.7,12,0,2,15.9,10,M,si,activo
PAC000855,18,66.4,174,21.9,62,111,128,70,65,76,5.5,146,77,147,40,1.26,104,6.0,46.2,14.4,13,11330,7.8,7,0,4,5.2,5,M,no,sedentario
PAC000856,24,63.2,159,25.0,79,91,122,80,75,102,4.2,187,69,64,40,1.19,112,0.1,27.3,16.9,9,15860,7.3,3,20,7,6.5,1,M,si,activo
PAC000857,72,116.7,140,59.5,102,84,179,97,84,85,6.6,169,47,152,108,0.6,92,2.6,37.8,16.4,0,2866,6.0,4,0,0,10.0,5,M,no,sedentario
PAC000858,39,66.0,161,25.5,75,114,133,64,75,101,4.5,169,75,148,96,0.96,94,0.1,41.0,14.9,7,11643,7.4,14,0,7,8.2,1,M,no,ligero
PAC000859,18,56.2,165,20.6,93,87,133,69,93,92,5.3,271,51,104,112,0.86,82,4.6,33.3,11.9,4,8495,7.9,30,25,1,11.1,6,F,no,sedentario
PAC000860,37,53.5,153,22.9,75,95,133,69,60,61,5.4,175,58,115,40,1.03,114,0.1,26.0,15.7,8,19291,8.6,0,1,4,5.0,3,F,no,ligero
PAC000861,78,87.9,140,44.8,95,90,174,117,71,99,5.0,230,48,113,116,0.62,71,1.6,21.3,14.3,0,7422,3.5,6,10,2,15.6,5,M,no,ligero
PAC000862,27,49.7,167,17.8,85,93,123,66,66,76,4.9,191,65,86,77,1.25,88,1.1,25.1,16.4,10,15574,7.9,0,0,5,6.2,2,F,no,sedentario
PAC000863,62,74.0,144,35.7,103,92,163,86,82,92,6.6,249,62,178,263,0.43,81,4.5,39.3,13.9,2,3390,8.4,4,1,4,9.9,9,M,no,activo
PAC000864,42,72.8,166,26.4,76,87,132,86,93,112,5.2,143,63,51,40,1.01,91,2.6,54.6,15.0,3,11200,6.3,21,19,2,2.9,3,F,no,sedentario
PAC000865,18,78.6,175,25.7,107,108,137,75,84,60,4.9,145,59,92,124,1.15,88,0.9,39.7,11.0,8,8454,7.7,19,8,0,8.3,8,M,si,ligero
PAC000866,82,70.6,168,25.0,107,104,175,86,89,93,6.3,241,37,151,141,0.64,99,3.3,32.4,16.9,0,3222,6.0,17,17,3,13.6,5,M,si,activo
PAC000867,67,93.0,193,25.0,116,96,118,87,83,160,7.3,235,35,169,282,1.23,90,7.1,32.5,15.2,3,3733,9.7,11,11,1,9.3,5,M,no,sedentario
PAC000868,75,93.8,186,27.1,115,136,141,88,72,138,7.1,245,25,152,249,1.32,81,6.6,25.2,14.5,0,5615,9.4,0,3,4,11.0,8,M,si,sedentario
PAC000869,77,85.4,143,41.8,100,108,154,110,84,92,5.8,218,34,159,128,0.58,60,6.3,5.0,15.4,2,7382,5.4,0,4,2,12.0,3,M,no,sedentario
PAC000870,76,98.0,140,50.0,88,115,174,103,64,99,5.2,254,53,145,195,0.58,84,1.4,21.5,13.8,0,4863,7.1,11,0,2,16.8,5,M,no,ligero
PAC000871,75,90.5,140,46.2,97,75,169,86,69,138,5.5,232,50,107,247,0.77,67,2.5,31.9,17.7,3,6899,5.5,6,0,2,11.1,5,M,si,activo
PAC000872,63,105.7,205,25.2,119,118,106,94,65,154,7.0,294,26,159,298,1.2,53,7.0,57.9,15.3,0,6019,9.4,0,6,1,15.6,4,M,no,ligero
PAC000873,64,85.5,148,39.0,112,99,154,85,60,93,6.4,225,72,124,137,0.65,84,2.7,31.3,16.6,3,2639,5.8,0,3,2,17.5,7,F,si,ligero
PAC000874,38,84.8,203,20.6,106,112,141,87,79,155,8.0,221,50,93,305,1.26,60,3.6,40.4,14.9,3,5298,9.5,7,0,1,13.0,5,F,no,sedentario
PAC000875,18,85.3,166,31.0,80,102,131,79,88,60,4.6,199,67,99,64,1.01,95,0.1,51.0,15.6,10,6147,8.4,5,8,3,2.0,4,F,no,ligero
PAC000876,25,71.9,159,28.4,70,90,119,55,62,108,4.8,117,66,91,129,0.81,101,3.7,24.3,13.2,9,17612,8.8,0,0,6,9.0,3,M,no,sedentario
PAC000877,18,40.4,154,17.0,77,88,96,72,51,81,4.9,175,33,136,40,1.02,115,0.1,25.0,16.3,12,11728,8.0,1,7,6,3.7,3,F,no,ligero
PAC000878,30,80.7,150,35.9,96,105,144,79,72,76,4.9,155,76,99,40,0.72,118,5.7,7.2,9.0,7,10045,8.2,22,29,0,11.4,4,F,si,sedentario
PAC000879,58,114.9,142,57.0,126,107,164,120,73,92,5.9,189,38,75,217,0.59,67,3.6,24.0,15.1,0,602,4.8,3,0,5,10.3,10,F,no,ligero
PAC000880,50,95.0,172,32.1,104,107,122,78,72,116,8.0,187,57,142,327,1.38,66,3.6,28.9,13.3,0,3757,9.4,8,1,0,10.9,4,F,no,sedentario
PAC000881,21,72.5,155,30.2,90,102,90,85,78,91,5.8,214,38,136,162,0.89,103,1.7,25.9,11.7,0,8065,6.4,24,25,2,7.3,9,F,si,ligero
PAC000882,33,76.4,164,28.4,67,82,134,72,90,106,4.6,180,56,136,95,0.97,104,1.5,34.1,12.3,7,12084,10.4,0,4,6,6.1,4,F,no,sedentario
PAC000883,64,95.1,197,24.5,109,100,148,89,87,90,7.4,244,52,123,255,1.11,83,7.1,48.3,16.1,0,899,10.5,7,0,3,8.5,5,F,si,sedentario
PAC000884,61,108.1,187,30.9,126,104,121,90,85,135,6.4,257,36,157,280,1.15,56,9.1,50.8,14.5,0,2303,9.5,3,0,1,13.1,8,F,si,ligero
PAC000885,18,48.4,165,17.8,65,111,117,79,77,105,6.6,162,68,95,40,1.3,122,2.0,31.4,14.1,10,10631,7.4,0,0,4,9.3,1,M,no,sedentario
PAC000886,20,70.1,167,25.1,65,94,128,73,94,60,5.0,155,76,105,89,0.94,91,2.5,32.8,13.1,3,8561,7.3,10,12,0,4.3,6,F,no,ligero
PAC000887,35,72.3,156,29.7,88,88,123,69,55,80,4.3,211,64,65,161,1.1,113,1.0,5.0,15.5,4,10071,10.6,0,7,7,8.1,0,M,no,sedentario
PAC000888,85,92.7,205,22.1,126,94,135,95,81,139,7.4,235,41,132,190,1.01,90,8.9,36.2,9.8,0,3819,10.4,9,24,0,15.5,7,M,si,sedentario
PAC000889,31,67.3,150,29.9,75,89,124,62,88,97,4.9,205,70,129,156,0.78,108,0.1,12.4,11.1,9,4947,8.1,20,26,2,6.8,7,F,si,ligero
PAC000890,45,96.5,199,24.4,112,100,149,84,83,126,7.6,202,44,202,252,1.1,65,8.3,29.3,13.8,0,3105,9.6,9,0,0,19.5,8,F,si,sedentario
PAC000891,37,45.9,178,14.5,78,114,92,84,53,93,5.2,177,45,82,40,0.91,118,4.1,43.0,14.5,9,14512,6.3,0,4,4,7.0,4,M,no,activo
PAC000892,76,89.1,140,45.5,123,92,180,96,79,81,6.8,215,47,147,212,0.4,75,4.0,40.3,15.4,3,1672,5.6,14,16,2,17.0,5,F,si,sedentario
PAC000893,47,55.4,163,20.9,97,92,101,80,94,85,4.8,221,53,90,169,1.14,130,2.8,11.3,14.5,1,9112,8.3,28,33,2,9.1,10,M,no,ligero
PAC000894,62,91.8,185,26.8,133,100,138,83,70,136,7.1,237,35,194,254,1.33,42,6.5,45.6,15.9,0,500,7.2,18,0,2,5.9,10,F,no,ligero
PAC000895,30,73.5,164,27.3,85,97,120,66,57,90,4.9,203,49,66,70,0.98,130,3.5,31.8,12.6,12,13799,7.9,4,0,6,5.7,2,M,no,sedentario
PAC000896,71,80.1,202,19.6,105,98,140,99,86,111,7.3,187,37,197,290,1.52,78,6.8,34.5,12.7,0,1310,8.9,14,2,1,16.0,9,F,si,sedentario
PAC000897,20,93.8,154,39.6,85,98,120,70,84,60,6.2,231,58,137,152,0.74,112,3.1,5.0,12.9,5,9603,9.3,26,18,4,13.7,7,F,no,ligero
PAC000898,18,64.4,163,24.2,94,101,140,71,58,69,6.5,210,63,135,118,1.32,116,1.9,22.8,15.5,10,9945,7.7,0,3,3,9.5,2,F,no,ligero
PAC000899,39,81.4,205,19.4,114,111,161,101,91,132,6.4,251,25,111,297,1.52,92,8.7,45.8,15.3,0,1888,10.5,16,0,1,13.2,5,M,si,sedentario
PAC000900,43,70.3,169,24.6,79,102,94,81,80,72,5.9,156,75,119,40,0.92,126,1.1,33.0,16.0,13,7585,8.4,4,17,2,8.4,0,F,no,activo
PAC000901,19,78.2,170,27.1,67,94,130,54,81,108,5.0,166,70,106,186,0.92,95,1.9,24.6,11.1,2,4799,7.1,27,20,3,11.5,9,M,si,ligero
PAC000902,27,63.3,160,24.7,70,100,92,92,66,112,5.4,154,60,104,110,1.16,86,5.6,10.9,12.5,6,9409,7.9,6,23,5,12.9,9,F,si,sedentario
PAC000903,24,44.8,164,16.7,102,103,108,93,55,64,5.1,192,77,84,40,1.06,105,1.1,14.7,15.8,7,12965,10.3,7,10,4,7.6,1,F,si,sedentario
PAC000904,18,56.6,174,18.7,62,101,138,75,69,83,5.2,141,81,83,40,0.78,94,2.7,39.2,15.9,8,9634,7.3,12,4,3,6.6,0,M,no,ligero
PAC000905,38,49.0,168,17.4,77,103,113,71,52,125,4.2,198,66,109,160,1.24,116,2.4,19.0,16.3,7,11384,8.8,7,0,7,7.0,3,M,si,activo
PAC000906,75,73.2,140,37.3,111,99,155,94,77,103,4.9,223,40,101,274,0.49,74,5.1,30.0,16.1,1,3511,7.3,23,0,1,15.9,4,M,no,ligero
PAC000907,25,57.3,153,24.5,60,90,123,74,45,84,4.6,183,55,154,49,1.04,100,2.3,47.1,12.6,8,11160,9.0,0,8,3,2.0,6,F,no,ligero
PAC000908,71,64.8,140,33.1,104,104,157,106,65,98,4.3,211,42,119,206,0.4,58,1.6,35.3,18.4,0,8521,6.9,0,10,1,9.9,7,F,no,activo
PAC000909,83,100.9,162,38.4,93,94,160,110,82,108,6.0,220,52,109,220,0.58,63,8.7,28.6,16.3,0,6087,7.0,7,3,5,7.3,5,F,no,activo
PAC000910,35,87.9,155,36.6,94,103,120,83,84,60,5.4,130,55,153,86,0.93,130,2.8,11.4,14.3,10,6494,8.1,23,26,2,8.1,8,M,no,sedentario
PAC000911,33,69.9,156,28.7,80,103,121,66,73,96,5.5,221,59,124,132,0.84,102,2.6,24.3,10.4,1,9378,6.7,24,37,2,10.3,6,F,no,activo
PAC000912,63,90.8,199,22.9,107,103,134,83,81,123,7.9,213,30,165,216,1.53,97,5.7,26.1,15.8,3,500,7.9,15,12,2,10.0,8,F,no,sedentario
PAC000913,44,71.4,172,24.1,83,105,125,76,72,92,5.0,178,55,141,76,0.66,97,2.1,13.8,12.8,0,7313,10.1,32,31,4,8.6,9,M,si,ligero
PAC000914,32,74.5,149,33.6,89,101,119,60,74,84,4.7,204,64,98,62,0.84,104,1.3,19.5,9.5,4,6401,7.9,7,20,3,10.0,5,M,no,sedentario
PAC000915,18,54.0,155,22.5,105,102,123,69,87,102,4.7,135,55,67,89,1.1,103,6.5,19.3,11.3,8,7618,6.9,36,20,3,7.6,3,F,si,sedentario
PAC000916,37,67.0,157,27.2,69,95,116,86,100,111,5.9,154,49,112,40,0.97,122,1.6,20.7,12.6,4,4678,7.7,15,22,4,8.1,6,F,si,ligero
PAC000917,73,108.9,140,55.6,104,99,159,85,92,107,5.0,206,55,142,136,0.4,100,5.2,35.2,15.6,5,3910,5.6,9,0,1,11.2,7,M,no,sedentario
PAC000918,21,65.6,158,26.3,81,88,108,86,75,76,5.5,132,33,120,78,1.1,95,3.9,35.8,14.9,9,8782,10.0,0,0,5,9.3,2,M,no,sedentario
PAC000919,90,90.5,156,37.2,93,105,149,92,68,121,5.5,234,39,150,178,0.67,95,3.0,22.2,16.7,2,3746,7.0,2,10,3,11.8,7,M,no,sedentario
PAC000920,21,50.0,159,19.8,89,87,121,63,45,77,5.3,161,74,77,67,1.08,100,0.6,33.1,15.5,9,16906,8.2,8,0,5,3.2,4,M,no,ligero
PAC000921,81,101.7,140,51.9,124,89,165,97,74,101,5.2,192,35,116,231,0.4,69,8.1,25.8,15.7,1,5618,3.0,26,3,2,15.6,4,M,no,sedentario
PAC000922,43,69.3,163,26.1,67,110,106,66,55,60,5.6,188,66,118,73,0.87,106,1.2,43.1,11.4,6,12776,8.3,14,0,7,4.5,7,M,no,activo
PAC000923,46,95.4,182,28.8,133,116,138,84,61,134,7.3,243,41,138,265,1.11,74,9.1,55.8,15.8,3,684,9.7,10,3,3,11.7,10,F,si,sedentario
PAC000924,18,57.4,169,20.1,81,88,125,81,67,77,4.8,162,79,103,188,1.25,85,0.7,29.6,16.9,7,10281,8.4,5,0,6,10.8,0,F,no,ligero
PAC000925,37,53.8,158,21.6,88,77,116,81,89,79,4.0,218,61,114,126,0.59,130,7.0,21.1,13.8,2,8375,7.8,13,24,3,9.0,5,F,no,activo
PAC000926,67,108.9,186,31.5,131,98,124,90,62,135,7.8,257,49,122,342,1.17,74,6.5,28.3,13.1,0,5049,9.2,9,2,0,8.1,6,M,si,sedentario
PAC000927,46,110.7,205,26.3,111,117,154,94,71,142,7.4,248,45,147,222,0.76,89,7.5,34.8,15.3,0,1921,9.8,7,0,0,11.9,6,F,si,ligero
PAC000928,27,71.6,167,25.7,88,102,119,76,53,82,4.0,171,79,92,59,1.08,103,0.1,19.0,16.7,9,11569,9.4,8,0,5,5.5,6,F,si,ligero
PAC000929,31,80.3,143,39.3,110,87,157,103,72,105,6.1,261,42,106,255,0.65,55,6.8,36.8,16.9,0,3530,4.6,0,21,2,8.5,7,M,si,sedentario
PAC000930,39,55.6,156,22.8,95,94,121,74,69,93,5.2,205,40,96,124,1.43,81,1.4,19.7,15.4,3,9504,8.6,15,2,4,7.8,4,M,si,activo
PAC000931,31,66.8,152,28.9,75,87,148,86,75,87,4.0,150,53,56,142,1.32,111,0.1,29.8,14.1,8,9199,8.3,0,0,7,2.5,0,F,no,sedentario
PAC000932,28,69.9,172,23.6,79,115,113,70,67,76,5.2,181,75,117,216,0.94,118,0.4,18.1,12.5,2,5394,8.2,30,34,1,8.8,9,F,no,sedentario
PAC000933,37,90.3,187,25.8,121,111,144,85,88,118,7.9,261,33,111,306,0.93,69,7.3,46.4,15.1,0,1994,7.4,7,1,2,13.6,4,M,si,sedentario
PAC000934,48,72.6,169,25.4,81,104,124,67,73,90,6.0,207,59,110,45,0.8,103,4.1,27.1,14.3,8,17427,8.3,3,0,3,8.0,0,F,si,sedentario
PAC000935,18,55.2,152,23.9,71,83,98,73,64,97,6.1,135,65,127,133,1.16,102,6.8,23.8,12.5,1,11823,9.3,15,38,4,11.1,6,F,si,sedentario
PAC000936,37,60.4,150,26.8,79,93,124,65,55,94,5.1,167,79,106,200,1.1,101,3.2,47.7,14.2,9,12866,8.4,9,0,7,2.0,3,F,no,sedentario
PAC000937,39,58.4,153,24.9,92,99,135,74,82,93,4.0,183,73,83,99,1.14,68,2.1,17.7,10.8,7,8223,8.7,16,16,2,4.6,9,M,no,activo
PAC000938,24,71.5,166,25.9,82,111,97,74,48,93,5.5,203,84,75,185,1.23,79,3.3,44.0,15.4,10,13637,10.5,4,5,6,8.9,3,F,si,ligero
PAC000939,26,52.6,158,21.1,72,118,94,61,45,96,4.3,185,49,106,113,1.0,99,2.4,50.7,15.2,13,14090,7.1,6,0,5,4.6,2,F,no,ligero
PAC000940,28,60.9,151,26.7,81,86,90,73,91,96,4.9,197,45,85,72,1.02,101,7.3,26.4,11.5,7,8413,10.0,20,17,4,9.6,10,F,no,activo
PAC000941,18,91.7,171,31.4,86,108,121,77,46,79,5.2,202,59,128,152,1.1,101,1.8,38.5,14.5,10,12583,9.5,3,14,7,6.5,0,F,no,activo
PAC000942,28,73.2,159,29.0,91,96,104,70,81,86,5.3,192,52,104,40,0.83,113,3.8,28.9,12.2,1,7159,8.1,14,18,3,10.1,8,M,no,ligero
PAC000943,90,99.6,149,44.9,100,89,170,87,70,78,6.7,244,54,161,102,0.61,87,9.2,38.3,17.1,2,4106,4.0,1,9,1,12.2,9,M,no,sedentario
PAC000944,18,93.5,153,39.9,68,88,129,71,83,85,5.7,189,70,151,67,0.68,56,6.0,27.7,12.0,2,8569,6.5,22,19,0,7.3,7,F,no,ligero
PAC000945,45,92.1,196,24.0,94,88,124,80,70,145,7.8,227,39,130,223,0.8,77,2.9,43.5,14.9,0,6764,8.6,19,9,6,13.1,10,M,si,sedentario
PAC000946,18,72.1,178,22.8,95,112,98,81,66,75,4.0,150,73,118,109,1.07,90,3.3,39.1,15.1,11,12652,11.0,9,0,5,5.4,2,M,si,ligero
PAC000947,49,97.5,180,30.1,117,91,134,92,77,139,7.8,191,28,161,279,1.35,78,6.4,41.8,15.7,0,3672,9.8,11,7,0,9.8,10,M,no,sedentario
PAC000948,52,84.0,178,26.5,74,103,116,60,52,103,5.0,176,73,114,88,1.25,107,0.1,46.1,15.1,11,11771,8.4,0,0,6,2.5,2,M,no,activo
PAC000949,32,64.3,163,24.2,89,90,124,63,62,61,4.8,173,70,86,81,1.5,93,0.1,36.5,13.3,9,13792,8.4,1,15,6,5.9,2,M,no,ligero
PAC000950,81,107.4,180,33.1,105,98,140,89,70,128,7.7,234,28,163,267,1.01,101,8.4,39.4,14.7,2,8500,8.3,17,9,0,11.5,5,M,si,activo
PAC000951,88,72.9,143,35.6,104,111,166,96,77,114,7.0,208,53,160,54,0.4,106,0.1,38.7,15.1,2,3134,7.3,1,4,3,11.1,10,F,si,sedentario
PAC000952,35,63.1,162,24.0,95,130,115,74,63,86,4.1,168,58,43,193,1.23,99,2.1,33.9,14.5,8,11866,9.6,6,6,5,11.5,4,F,si,sedentario
PAC000953,37,76.5,172,25.9,60,95,131,72,62,107,5.0,110,78,78,114,1.17,114,0.1,30.8,15.4,10,14539,8.2,17,3,5,9.4,2,M,no,sedentario
PAC000954,60,77.2,148,35.2,106,87,172,105,73,112,5.4,191,59,158,91,0.43,73,3.0,28.4,16.3,1,8620,4.1,15,0,2,11.0,6,F,si,ligero
PAC000955,27,60.8,168,21.5,63,92,124,68,45,138,4.4,153,74,122,63,1.1,98,1.3,40.5,15.2,6,11343,8.0,0,7,6,6.6,0,F,no,ligero
PAC000956,18,62.9,152,27.2,78,100,127,74,86,90,5.7,201,57,109,173,0.83,83,0.1,14.2,12.4,8,8536,8.4,26,24,3,9.7,4,F,no,ligero
PAC000957,18,61.0,156,25.1,66,98,108,65,74,73,5.1,220,42,100,40,1.18,112,0.8,39.8,15.0,10,13284,9.4,4,2,7,2.5,1,M,no,ligero
PAC000958,20,73.1,170,25.3,75,86,137,81,76,91,5.2,198,64,173,135,1.06,122,0.1,25.9,16.0,11,9436,7.9,6,2,6,9.8,2,M,no,activo
PAC000959,90,112.6,191,30.9,135,80,147,80,74,121,7.0,277,25,172,267,0.94,67,3.7,34.4,15.4,1,500,11.0,3,10,2,10.6,8,M,no,ligero
PAC000960,18,49.2,166,17.9,68,83,131,71,66,60,5.1,141,66,118,108,1.33,80,0.6,13.8,13.0,4,11404,7.0,13,9,4,5.1,2,M,no,activo
PAC000961,41,89.4,187,25.6,116,103,141,80,84,145,9.2,211,35,196,317,1.14,73,4.2,27.6,12.0,0,500,9.4,3,6,1,10.3,10,M,si,sedentario
PAC000962,71,53.1,144,25.6,123,92,155,103,54,89,6.1,217,41,93,201,0.46,72,5.1,15.4,15.4,0,921,7.3,3,0,1,11.3,8,F,si,sedentario
PAC000963,49,108.4,205,25.8,125,107,129,86,90,123,6.7,223,41,162,257,1.02,82,7.4,45.7,14.6,0,5757,8.3,29,8,2,9.0,2,M,no,sedentario
PAC000964,84,96.5,198,24.6,124,96,150,83,66,142,6.4,295,28,149,232,0.94,83,5.8,43.2,13.5,0,2686,9.6,0,5,2,11.5,8,F,si,sedentario
PAC000965,82,74.7,160,29.2,98,88,154,83,55,73,7.2,251,59,152,242,0.47,63,5.7,33.5,15.8,0,6078,5.6,24,18,1,12.1,3,M,no,sedentario
PAC000966,50,112.3,179,35.0,103,105,135,80,77,114,7.0,310,30,121,236,0.85,99,9.0,30.0,16.2,6,7002,8.3,16,0,0,10.6,7,F,si,sedentario
PAC000967,67,96.0,205,22.8,112,117,143,78,78,156,6.9,244,36,164,305,1.32,53,6.3,50.2,12.8,0,4288,10.8,6,8,0,13.4,9,F,no,sedentario
PAC000968,54,94.4,196,24.6,104,115,144,80,94,141,7.1,255,37,166,325,0.96,69,3.7,45.9,15.8,0,3963,9.1,8,2,2,10.2,6,M,no,sedentario
PAC000969,26,54.6,151,23.9,60,93,115,82,65,90,5.2,178,76,120,84,1.0,75,2.2,23.7,17.3,6,7833,7.9,0,3,7,9.5,4,M,no,activo
PAC000970,87,97.9,180,30.2,97,99,149,87,72,146,6.8,193,41,121,233,1.01,74,7.5,38.0,15.3,1,3929,8.6,14,5,2,9.4,8,F,no,activo
PAC000971,18,50.9,140,26.0,90,89,114,78,83,80,4.6,173,52,106,105,0.88,72,0.1,22.4,10.8,8,7925,8.5,29,24,1,7.7,5,M,no,ligero
PAC000972,49,70.5,160,27.5,121,109,139,119,92,105,5.1,232,48,146,225,0.4,76,6.7,29.3,16.9,2,3887,5.8,16,12,3,10.2,7,F,no,sedentario
PAC000973,30,46.0,166,16.7,94,97,102,89,64,60,4.3,259,74,40,43,1.39,102,0.6,31.9,14.5,12,10635,7.7,1,2,4,6.3,3,F,no,sedentario
PAC000974,42,53.8,168,19.1,87,92,134,83,54,68,4.1,201,75,125,50,1.05,107,0.1,42.8,14.1,13,7840,6.8,5,12,7,3.8,1,F,si,sedentario
PAC000975,56,116.6,199,29.4,125,97,114,84,89,115,6.5,202,35,139,261,1.2,80,4.9,36.7,14.5,0,2401,9.3,11,7,1,9.7,7,M,si,activo
PAC000976,49,58.6,160,22.9,74,98,104,80,70,60,5.5,227,52,126,43,1.04,78,2.0,29.1,11.7,8,8498,8.0,6,4,7,11.6,2,F,no,ligero
PAC000977,75,53.4,140,27.2,115,95,185,106,67,111,5.7,237,38,85,154,0.4,73,4.5,20.1,16.8,0,5881,5.1,2,7,3,10.7,9,F,si,ligero
PAC000978,73,85.7,145,40.8,120,99,131,97,56,126,4.0,209,51,111,159,0.72,59,5.3,27.5,17.1,1,500,4.5,0,0,2,7.6,5,F,si,sedentario
PAC000979,78,100.8,140,51.4,86,87,160,114,78,87,5.7,179,37,54,208,0.4,77,4.2,42.0,16.8,2,3913,7.6,13,0,1,15.5,9,F,si,activo
PAC000980,32,103.2,205,24.6,78,128,155,97,51,117,7.0,223,29,146,174,0.94,87,10.5,19.0,14.6,1,855,8.6,13,0,2,13.8,6,F,no,sedentario
PAC000981,44,51.5,165,18.9,60,96,115,60,45,93,4.0,193,62,125,194,1.11,130,4.1,50.5,14.7,15,11405,9.8,0,4,6,7.5,1,F,si,ligero
PAC000982,77,77.8,199,19.6,129,103,139,77,77,120,6.6,248,31,118,251,1.09,49,11.1,42.7,16.5,2,500,10.3,6,7,2,14.8,3,M,si,sedentario
PAC000983,32,75.6,168,26.8,66,113,117,59,58,91,5.1,205,83,120,40,1.09,116,0.4,44.6,17.2,5,9736,8.0,14,5,9,7.5,0,M,no,ligero
PAC000984,83,67.2,205,16.0,113,86,144,89,64,114,8.5,253,32,176,121,1.5,88,8.6,57.2,12.4,3,2231,8.8,6,2,4,6.0,8,F,si,ligero
PAC000985,18,66.6,153,28.5,83,77,130,75,86,88,5.0,122,45,91,40,1.03,107,2.5,15.0,12.9,4,7923,8.9,20,32,1,7.4,8,F,no,activo
PAC000986,90,76.6,205,18.2,118,103,148,81,72,123,6.7,192,49,97,188,1.2,102,6.0,46.1,16.3,1,1269,9.6,14,9,1,10.4,10,M,no,ligero
PAC000987,90,99.7,140,50.9,109,94,161,101,78,95,6.2,280,45,178,254,0.76,84,1.6,31.4,16.7,3,500,6.0,9,9,2,14.7,4,M,si,ligero
PAC000988,79,125.1,186,36.2,112,97,127,84,80,105,7.7,275,50,127,278,1.0,91,8.6,24.9,13.6,0,5134,8.6,15,8,0,16.2,9,F,si,activo
PAC000989,64,80.0,202,19.6,110,113,137,76,77,111,7.6,190,34,193,341,1.08,73,3.4,35.4,14.8,0,3676,7.3,17,5,2,10.0,10,M,si,sedentario
PAC000990,25,72.6,154,30.6,69,88,115,83,81,83,4.3,188,51,136,126,1.1,112,4.8,6.0,12.0,0,8341,8.8,15,19,3,6.3,9,F,si,sedentario
PAC000991,18,88.0,179,27.5,82,81,113,70,58,85,4.8,134,44,108,40,1.23,93,0.1,37.5,14.9,10,12222,11.0,22,0,7,3.9,2,F,no,ligero
PAC000992,33,73.0,140,37.2,61,99,114,71,82,60,4.9,219,61,96,53,0.89,92,4.1,14.7,12.9,8,6551,10.2,17,26,1,11.9,4,F,si,sedentario
PAC000993,43,55.2,170,19.1,95,85,124,73,60,88,5.8,140,57,102,156,1.04,101,0.1,34.2,16.1,6,11581,5.9,0,3,6,5.6,6,M,no,activo
PAC000994,80,89.9,145,42.8,110,77,162,92,83,101,6.1,210,32,105,188,0.54,89,5.1,23.5,18.7,0,693,6.8,17,0,0,8.1,7,M,si,sedentario
PAC000995,71,105.8,191,29.0,128,119,147,97,77,118,6.1,258,30,166,385,1.28,84,5.6,37.6,14.6,0,5278,8.9,3,1,3,10.6,7,M,si,sedentario
PAC000996,18,59.4,166,21.6,75,90,139,64,72,85,5.3,206,71,135,196,0.76,82,2.7,31.5,12.8,5,10145,7.9,19,23,3,9.7,10,F,si,sedentario
PAC000997,41,69.9,159,27.6,72,83,133,68,66,64,4.0,205,62,134,42,0.89,111,2.9,34.3,16.1,11,12664,9.1,6,0,6,6.3,0,F,no,ligero
PAC000998,20,77.2,161,29.8,91,95,104,85,95,90,6.6,178,43,97,53,0.8,100,3.9,6.6,10.1,5,9774,8.2,18,22,1,12.1,6,F,no,ligero
PAC000999,41,64.6,175,21.1,111,94,122,81,85,92,5.4,194,78,119,119,0.87,113,3.2,25.9,13.4,11,9158,8.8,33,13,2,14.2,6,M,no,activo
PAC001000,22,61.5,140,31.4,99,100,96,76,90,87,6.2,189,46,118,63,0.72,88,3.1,13.3,11.3,4,4218,10.4,26,28,3,11.6,7,F,no,activo
PAC001001,90,88.5,150,39.3,114,112,155,98,74,82,5.0,285,49,146,201,0.4,108,2.8,31.3,17.2,0,7075,5.2,0,4,6,13.0,4,F,si,sedentario
PAC001002,18,51.5,162,19.6,61,77,120,75,63,60,4.7,162,48,147,41,0.94,79,0.1,40.8,14.1,4,13200,6.8,5,2,4,6.0,2,F,no,sedentario
PAC001003,70,88.5,142,43.9,104,96,160,100,65,125,5.9,234,37,161,102,0.58,72,5.3,21.1,15.4,2,7270,5.9,14,2,3,11.2,8,F,no,sedentario
PAC001004,62,86.0,198,21.9,102,94,111,85,77,108,6.1,247,25,186,313,1.07,62,9.8,20.8,16.6,0,1463,9.4,1,4,0,11.3,5,F,si,activo
PAC001005,18,72.8,155,30.3,96,106,120,90,81,85,4.6,204,52,145,90,0.92,98,6.2,25.2,11.8,9,8496,7.3,25,20,4,8.2,7,M,si,activo
PAC001006,18,86.4,173,28.9,91,96,104,69,84,98,6.2,215,30,103,151,0.6,100,2.9,28.8,9.1,6,7613,8.1,35,30,3,6.3,10,F,si,ligero
PAC001007,83,79.3,148,36.2,123,93,163,90,84,85,6.9,197,39,147,199,0.47,52,4.4,27.1,15.3,2,7390,6.9,14,0,3,16.7,5,F,si,sedentario
PAC001008,63,67.3,151,29.5,71,92,91,68,66,99,4.7,157,67,92,102,1.09,102,0.1,35.7,13.8,6,18078,6.4,0,3,6,4.7,4,M,no,activo
PAC001009,62,94.3,187,27.0,113,100,137,87,86,141,7.2,220,25,142,250,1.29,76,9.8,37.1,16.8,0,5049,8.6,5,10,0,16.4,5,M,no,sedentario
PAC001010,65,89.5,152,38.7,111,90,166,108,73,95,5.8,206,57,190,209,0.4,93,3.4,27.5,15.3,0,3741,7.0,13,3,1,15.0,10,F,no,sedentario
PAC001011,33,65.6,164,24.4,102,118,116,62,86,75,6.4,156,52,152,115,1.0,113,1.9,16.8,13.4,4,9710,7.9,5,2,3,8.6,9,M,no,ligero
PAC001012,43,55.3,151,24.3,84,85,126,78,62,70,4.0,188,61,66,80,0.89,89,2.2,36.0,14.0,5,14764,9.4,12,0,4,2.0,6,F,no,ligero
PAC001013,67,68.9,168,24.4,75,110,111,69,63,75,5.0,148,70,83,133,1.39,76,4.9,39.2,15.3,7,14279,7.7,5,5,8,8.3,2,F,no,ligero
PAC001014,81,73.8,159,29.2,113,85,156,97,71,105,5.5,246,33,146,74,1.0,62,5.5,29.1,15.6,0,2234,6.3,9,12,0,14.5,3,M,no,activo
PAC001015,27,90.8,142,45.0,70,87,96,73,69,66,5.5,215,61,113,92,0.8,111,0.1,15.2,12.4,3,5636,8.9,3,24,3,7.8,5,M,no,sedentario
PAC001016,25,41.8,142,20.7,87,81,125,74,75,103,4.2,202,64,87,155,0.93,123,2.6,10.5,11.1,2,7752,8.4,22,29,4,12.0,9,F,no,ligero
PAC001017,18,50.6,153,21.6,82,104,112,65,57,87,6.6,189,53,66,40,0.71,72,0.1,35.3,14.2,13,13852,8.4,0,4,6,7.9,2,F,no,activo
PAC001018,70,86.0,140,43.9,96,81,162,98,75,108,5.6,226,38,124,228,0.43,111,3.0,43.3,19.0,5,2534,7.5,18,1,2,8.7,5,F,si,sedentario
PAC001019,35,68.6,166,24.9,91,113,132,84,77,76,5.3,212,82,98,112,1.09,92,0.1,26.8,15.2,9,17130,9.7,1,10,6,7.3,2,F,no,activo
PAC001020,18,57.4,175,18.7,81,104,109,74,53,74,4.4,186,79,131,70,1.19,86,3.3,33.3,15.7,11,14326,9.8,9,0,6,7.7,2,F,si,sedentario
PAC001021,73,65.4,140,33.4,108,88,137,95,65,111,6.9,239,59,100,233,0.57,99,6.9,44.4,17.7,0,5138,7.1,18,12,2,14.4,10,M,si,ligero
PAC001022,65,97.5,200,24.4,127,97,149,80,87,157,7.5,262,25,164,153,1.17,75,6.1,32.1,14.5,0,1876,7.9,7,6,4,7.4,9,F,si,sedentario
PAC001023,65,108.6,143,53.1,111,109,175,106,75,100,6.8,220,43,171,110,0.41,71,6.9,30.3,17.7,2,5872,6.9,15,1,2,11.1,7,F,si,sedentario
PAC001024,72,99.4,200,24.8,119,108,171,90,93,130,6.4,290,46,122,291,1.08,71,2.1,38.1,15.7,0,6260,10.2,10,4,2,14.3,7,F,si,activo
PAC001025,22,66.5,177,21.2,83,125,124,72,63,86,6.6,242,69,94,144,1.22,92,0.1,35.5,14.7,10,10345,9.2,4,0,7,3.8,4,M,no,ligero
PAC001026,44,54.5,173,18.2,89,105,111,72,68,79,4.5,210,69,70,67,0.9,117,4.9,37.6,17.8,8,13835,8.4,4,6,4,6.0,3,F,no,sedentario
PAC001027,34,46.8,176,15.1,77,95,100,85,70,76,4.4,169,63,105,84,1.07,97,1.3,39.5,17.7,10,5181,8.2,1,0,5,9.9,0,M,no,sedentario
PAC001028,27,61.5,158,24.6,72,97,110,69,79,99,4.3,177,42,90,187,0.76,89,4.3,18.1,10.6,6,8480,11.0,10,36,2,12.4,8,M,no,ligero
PAC001029,36,56.6,171,19.4,76,98,102,63,60,64,6.1,161,68,48,65,0.89,101,1.8,22.2,14.7,13,17055,7.0,2,0,4,7.2,3,M,no,activo
PAC001030,36,58.5,160,22.9,81,84,102,57,64,89,5.7,169,75,72,121,0.84,130,0.5,32.0,17.3,11,19038,6.7,1,0,4,10.0,4,F,si,sedentario
PAC001031,24,44.3,163,16.7,94,105,121,80,75,117,5.5,207,85,143,124,1.06,76,0.1,48.0,17.2,12,12342,7.6,0,0,6,3.1,3,M,no,ligero
PAC001032,29,64.1,155,26.7,79,87,123,58,81,106,5.7,140,44,101,62,0.99,106,6.7,28.8,11.7,3,8341,8.0,23,24,0,7.2,8,F,no,ligero
PAC001033,76,90.3,140,46.1,106,94,176,91,78,60,5.3,160,43,119,92,0.53,87,7.3,27.6,15.9,3,3778,7.5,15,0,3,15.1,9,M,no,sedentario
PAC001034,26,80.5,155,33.5,69,112,121,69,67,82,5.2,173,61,90,47,0.87,117,0.7,30.5,14.3,11,11690,8.3,0,3,7,10.5,4,M,si,ligero
PAC001035,46,56.4,183,16.8,76,118,97,100,61,104,4.7,174,90,95,40,1.2,130,0.1,25.5,14.6,13,16677,7.0,7,0,7,5.0,3,M,no,activo
PAC001036,30,85.5,169,29.9,87,96,123,77,74,79,4.6,138,77,96,49,1.32,71,1.1,30.3,14.7,7,8790,9.0,9,4,10,2.2,0,F,no,ligero
PAC001037,28,52.1,161,20.1,70,103,110,81,81,82,5.1,110,64,79,89,1.02,86,2.6,30.6,16.9,6,12861,7.4,0,0,6,9.5,1,F,si,sedentario
PAC001038,87,90.4,205,21.5,120,116,145,75,77,144,7.9,273,48,132,319,1.32,40,5.3,33.1,15.2,0,500,9.9,23,1,2,11.6,4,M,no,sedentario
PAC001039,41,78.5,168,27.8,74,96,98,88,70,87,5.1,217,81,120,145,0.84,95,4.7,21.6,14.6,7,7844,7.2,21,25,1,4.3,4,F,no,activo
PAC001040,24,78.2,162,29.8,111,85,92,71,79,60,4.6,193,60,116,183,0.76,92,3.8,19.9,12.8,6,5490,7.3,19,24,2,6.5,3,M,si,sedentario
PAC001041,18,90.8,152,39.3,81,97,127,85,92,92,5.0,248,61,153,111,1.19,96,2.3,28.2,12.3,4,8710,7.4,19,14,4,9.5,7,M,si,sedentario
PAC001042,47,49.5,158,19.8,105,85,114,76,65,103,6.2,207,60,62,49,0.99,116,3.5,37.1,15.7,9,10326,8.6,0,1,6,2.4,1,F,si,activo
PAC001043,53,103.6,140,52.9,99,103,176,96,77,110,5.2,188,55,134,173,0.67,82,9.0,23.4,16.5,3,4026,5.4,15,11,4,12.6,10,M,no,ligero
PAC001044,77,71.1,200,17.8,114,89,128,82,79,125,7.7,276,47,124,132,1.2,92,2.9,40.7,15.0,0,5141,8.4,7,1,4,12.0,5,M,si,sedentario
PAC001045,90,97.1,185,28.4,117,102,176,104,84,142,8.1,219,44,153,321,1.11,75,5.5,33.6,14.2,0,500,8.8,9,0,1,8.4,9,F,no,sedentario
PAC001046,70,89.3,187,25.5,103,115,145,83,100,147,6.5,230,49,167,232,1.26,90,5.9,42.0,13.8,5,500,8.3,16,15,2,8.9,9,F,si,sedentario
PAC001047,68,86.9,150,38.6,108,95,161,112,61,110,6.6,265,40,164,200,0.44,39,4.6,34.6,14.0,4,1796,6.4,16,0,4,13.6,10,F,no,ligero
PAC001048,66,85.0,201,21.0,121,96,157,89,86,106,7.7,274,26,180,235,1.26,92,5.6,33.6,16.3,4,3450,9.7,12,2,0,6.7,3,M,no,sedentario
PAC001049,18,60.0,153,25.6,68,93,143,87,80,81,5.4,177,75,119,46,0.85,123,4.8,19.2,11.4,2,7664,7.8,18,22,3,3.7,8,M,no,sedentario
PAC001050,35,69.9,167,25.1,80,112,125,78,55,91,5.1,195,54,76,53,1.04,125,0.1,51.9,15.2,7,12387,7.9,9,0,3,9.6,4,M,no,activo
PAC001051,63,80.8,195,21.2,131,95,140,79,77,133,8.6,278,53,169,200,1.27,76,9.4,36.2,11.4,6,7616,8.7,5,0,2,13.7,7,M,si,activo
PAC001052,77,94.5,148,43.1,92,108,162,98,72,102,5.1,176,31,135,213,0.58,69,0.1,23.2,17.8,4,5052,5.1,18,0,2,14.3,7,M,no,sedentario
PAC001053,25,79.5,159,31.4,64,92,102,65,61,71,4.8,160,62,43,121,1.08,117,3.0,40.7,14.4,8,8987,9.6,2,2,6,6.8,3,F,no,sedentario
PAC001054,27,54.8,158,22.0,71,99,111,92,60,88,4.0,189,55,67,40,1.25,97,0.1,45.0,16.8,8,10385,8.0,7,0,4,2.0,2,M,no,sedentario
PAC001055,52,84.4,160,33.0,84,105,135,73,57,85,4.3,143,63,94,82,1.39,93,0.6,38.1,14.7,11,12269,8.7,0,0,3,6.6,5,F,no,activo
PAC001056,74,79.6,151,34.9,96,93,159,98,69,96,6.0,248,42,135,123,0.4,84,4.4,29.9,15.7,2,7463,4.6,25,3,3,12.1,8,F,no,sedentario
PAC001057,18,53.1,149,23.9,60,119,127,75,81,95,5.7,209,71,149,197,0.86,99,3.0,7.2,11.7,4,7464,7.0,17,32,3,4.8,6,F,si,ligero
PAC001058,63,100.4,205,23.9,119,92,128,77,83,155,6.8,279,36,105,255,1.25,62,8.5,37.2,13.5,0,4373,6.4,27,0,0,10.8,8,M,no,sedentario
PAC001059,50,100.0,188,28.3,102,110,117,82,100,134,6.8,213,34,163,241,1.49,91,4.6,27.9,12.5,4,4390,8.7,11,3,0,11.7,9,F,no,ligero
PAC001060,18,52.3,166,19.0,69,90,125,69,52,113,4.1,173,62,124,40,0.91,130,0.1,29.1,16.3,8,13613,10.5,0,5,6,8.2,0,F,no,sedentario
PAC001061,18,76.7,169,26.9,104,110,99,70,52,120,4.0,155,74,85,40,1.02,96,0.1,35.0,14.2,6,8079,7.7,1,0,4,6.5,2,F,no,ligero
PAC001062,18,44.0,186,12.7,95,88,115,81,69,68,6.9,139,73,135,147,0.9,117,2.9,25.4,13.4,3,15460,8.8,0,6,9,3.5,2,M,no,ligero
PAC001063,68,87.6,203,21.3,119,89,138,87,82,126,7.6,170,46,139,289,1.28,62,9.4,35.3,16.4,0,4264,9.0,7,2,1,14.7,10,F,si,sedentario
PAC001064,84,89.8,204,21.6,124,98,103,89,86,128,7.6,258,45,129,163,1.3,67,10.5,44.6,16.4,0,1764,7.5,12,9,2,12.3,8,M,si,sedentario
PAC001065,51,91.8,193,24.6,95,84,142,72,98,122,6.6,238,47,156,226,1.06,68,5.6,36.2,15.2,0,4837,8.4,5,4,1,14.1,6,F,si,activo
PAC001066,77,116.3,143,56.9,104,113,161,103,81,99,6.1,161,49,123,146,0.71,82,1.5,37.4,13.8,3,6002,7.3,12,11,4,11.3,7,M,no,sedentario
PAC001067,18,71.9,153,30.7,90,108,125,71,88,98,5.6,227,71,113,66,1.03,79,8.6,31.6,11.0,8,11246,7.2,24,28,0,13.3,8,M,si,sedentario
PAC001068,44,57.9,165,21.3,60,105,110,79,65,63,4.2,216,66,73,114,1.15,106,2.0,37.5,13.0,9,12727,9.7,2,5,5,6.5,0,F,si,activo
PAC001069,18,65.4,168,23.2,80,98,107,59,62,108,4.6,137,62,52,59,0.87,130,1.6,43.8,13.9,6,9074,8.4,10,0,6,6.6,2,M,no,ligero
PAC001070,36,40.0,167,14.3,77,90,111,64,50,73,4.4,169,47,113,93,0.88,116,1.3,36.0,14.5,9,12917,8.2,2,0,3,3.9,5,M,no,ligero
PAC001071,18,64.8,156,26.6,88,86,130,74,94,98,5.3,129,72,91,72,1.09,94,6.9,11.9,13.6,9,7659,9.3,26,27,0,7.5,6,M,si,ligero
PAC001072,67,101.3,205,24.1,107,94,147,79,72,153,6.3,246,48,177,293,0.96,49,8.4,32.3,16.2,2,6327,8.6,9,3,2,12.1,4,F,si,activo
PAC001073,18,65.1,160,25.4,78,89,106,82,86,74,4.2,181,50,111,128,0.79,82,4.1,14.3,12.4,7,6977,8.3,15,23,3,13.2,8,M,si,ligero
PAC001074,65,103.8,173,34.7,110,100,124,87,73,140,7.4,170,29,132,180,1.35,65,6.0,32.6,15.5,0,2666,9.8,11,4,1,9.9,6,M,no,activo
PAC001075,21,68.2,168,24.2,70,95,115,64,68,72,4.6,241,64,94,78,1.47,119,0.7,49.2,15.6,3,10882,9.9,0,0,7,3.1,4,F,no,ligero
PAC001076,83,91.8,140,46.8,110,85,159,79,91,117,6.1,217,35,150,202,0.49,62,3.6,33.1,14.8,1,4356,7.1,10,7,4,14.2,7,M,si,ligero
PAC001077,24,77.3,151,33.9,101,97,90,92,56,73,6.6,156,82,74,40,1.21,102,0.7,37.7,14.5,8,17662,5.5,4,0,7,6.8,5,M,no,activo
PAC001078,40,68.2,140,34.8,93,77,125,84,93,80,4.5,226,48,115,141,0.85,114,0.1,20.2,13.2,7,4901,8.5,18,22,2,9.1,7,F,si,ligero
PAC001079,42,79.8,148,36.4,91,97,103,83,79,81,5.0,200,97,117,67,0.93,97,6.9,35.3,12.3,8,15374,7.9,3,0,6,4.2,5,F,no,ligero
PAC001080,18,68.0,154,28.7,79,99,90,55,65,102,4.6,194,79,136,40,1.1,123,0.1,33.1,15.0,10,13844,9.7,3,8,6,10.2,4,M,no,activo
PAC001081,18,55.5,140,28.3,81,88,118,85,80,90,5.3,233,62,62,76,0.6,92,8.0,30.1,13.4,9,12108,7.2,6,26,1,14.1,7,M,no,ligero
PAC001082,18,80.4,152,34.8,65,90,106,70,63,85,5.1,252,45,178,166,1.16,106,2.1,8.0,9.6,6,6489,8.1,13,38,4,10.8,9,M,si,sedentario
PAC001083,55,84.9,141,42.7,98,96,164,103,69,97,5.7,257,55,156,107,0.4,65,2.6,24.7,17.0,0,7943,5.1,12,0,3,10.7,8,M,no,sedentario
PAC001084,65,99.5,184,29.4,110,106,112,101,65,117,6.3,278,33,84,330,1.02,84,7.4,46.7,13.0,4,500,10.0,11,4,0,11.4,7,F,no,sedentario
PAC001085,74,98.0,146,46.0,109,99,179,107,73,87,5.2,235,51,135,194,0.59,73,4.2,18.1,16.1,7,7606,5.8,17,0,1,11.7,8,F,no,ligero
PAC001086,18,58.0,167,20.8,98,89,119,66,50,60,5.5,209,60,120,102,1.24,97,0.9,18.2,15.1,6,14613,11.0,2,0,6,2.0,3,F,no,sedentario
PAC001087,18,40.0,176,12.9,79,105,139,81,70,100,4.9,170,56,109,40,1.32,81,0.1,34.4,12.7,6,13043,6.6,2,3,4,6.1,1,F,si,ligero
PAC001088,56,73.3,196,19.1,130,85,180,84,76,97,6.1,260,42,146,205,1.07,53,6.8,33.1,12.9,1,6705,8.8,8,8,1,11.3,7,F,si,sedentario
PAC001089,54,101.4,140,51.7,85,113,118,110,85,101,6.4,218,29,88,180,0.61,87,5.6,15.3,16.4,1,8678,5.1,18,4,1,16.8,4,M,no,sedentario
PAC001090,27,50.6,155,21.1,76,89,114,68,75,86,5.7,183,55,150,40,1.06,115,4.5,17.4,17.4,11,13026,7.6,4,0,9,8.2,0,M,no,ligero
PAC001091,81,99.2,145,47.2,107,110,150,82,63,86,5.9,207,57,111,163,0.46,53,1.5,18.1,18.3,1,1974,4.6,0,1,2,13.6,3,M,si,sedentario
PAC001092,22,92.2,156,37.9,82,99,132,74,86,85,4.8,200,59,119,177,0.87,105,5.8,13.6,12.7,0,12351,9.3,28,29,2,9.1,5,F,no,ligero
PAC001093,49,70.9,198,18.1,122,107,137,78,84,150,6.2,229,43,107,360,1.31,64,6.3,35.1,13.7,0,500,9.3,17,3,4,6.0,10,F,no,activo
PAC001094,78,89.8,203,21.8,134,117,141,87,101,131,7.4,190,51,140,255,1.2,53,10.9,24.6,14.2,0,1468,8.2,10,16,1,11.6,8,M,si,ligero
PAC001095,44,49.2,179,15.4,73,79,120,71,71,76,4.5,178,63,76,40,1.27,102,2.8,45.5,15.5,6,9252,9.0,6,0,5,2.4,2,M,no,ligero
PAC001096,47,40.0,161,15.4,84,90,116,84,89,118,4.8,192,69,138,128,1.31,130,1.6,19.8,13.7,5,9241,7.2,23,23,3,13.7,6,M,no,ligero
PAC001097,51,77.0,186,22.3,132,123,124,92,69,145,6.4,216,25,184,292,1.3,87,7.6,34.3,11.6,0,4607,9.1,3,0,0,9.6,10,F,no,sedentario
PAC001098,18,66.1,140,33.7,87,105,118,77,82,91,5.4,207,43,155,40,0.84,115,4.2,20.9,12.1,3,3129,8.5,22,15,2,9.7,0,M,no,ligero
PAC001099,69,90.1,186,26.0,105,102,157,96,69,143,6.3,245,40,167,229,1.26,55,4.4,41.3,14.0,0,4539,8.9,14,13,1,9.8,5,M,no,sedentario
PAC001100,68,81.1,145,38.6,124,100,160,111,70,110,6.2,209,25,123,198,0.8,66,4.3,20.6,15.4,1,9537,5.4,2,0,2,18.1,8,M,si,ligero
PAC001101,37,101.8,192,27.6,109,97,134,80,87,127,6.9,252,25,170,221,0.91,101,7.0,21.5,12.7,0,2611,9.1,19,6,0,12.8,9,F,no,sedentario
PAC001102,43,117.2,189,32.8,120,121,148,98,87,150,8.6,241,31,185,239,1.0,77,5.9,30.8,14.1,1,4296,7.3,0,5,2,12.2,10,F,si,sedentario
PAC001103,67,90.1,149,40.6,108,104,177,101,76,90,4.3,293,25,133,130,0.4,106,8.2,21.3,17.5,0,12207,3.8,16,0,0,16.0,7,M,no,sedentario
PAC001104,39,87.8,167,31.5,75,88,121,50,59,87,5.4,163,85,110,40,0.91,118,0.1,50.5,13.3,10,9880,8.7,4,4,2,6.9,6,M,no,ligero
PAC001105,61,72.8,145,34.6,100,102,150,107,80,80,6.6,207,50,162,148,0.68,83,8.6,28.3,15.2,1,6218,7.2,0,0,3,13.3,7,F,no,activo
PAC001106,24,52.9,140,27.0,83,85,104,64,64,98,5.1,236,72,117,224,1.33,101,2.1,26.4,12.8,11,13495,8.8,36,2,4,12.8,6,F,no,ligero
PAC001107,80,79.8,196,20.8,117,106,143,85,88,152,6.4,221,29,154,367,1.07,79,10.7,36.1,15.6,0,1402,8.5,12,0,0,8.9,8,M,no,ligero
PAC001108,51,61.0,169,21.4,74,99,119,80,62,67,6.3,160,63,117,157,0.74,105,1.0,34.7,15.5,6,10924,8.5,0,0,7,9.4,5,F,no,ligero
PAC001109,18,68.2,157,27.7,115,83,105,90,90,70,6.0,125,70,88,107,1.1,116,4.4,10.9,9.2,7,5151,8.2,22,36,0,5.8,3,F,no,ligero
PAC001110,37,70.2,171,24.0,74,110,113,88,54,99,5.0,201,79,117,40,0.87,104,0.1,33.0,14.7,6,14249,8.9,0,4,4,8.4,1,F,si,ligero
PAC001111,18,91.6,148,41.8,99,82,95,78,83,95,5.2,165,54,109,126,1.1,77,5.0,17.3,12.1,3,11730,7.0,8,9,0,10.6,9,M,no,sedentario
PAC001112,46,61.8,160,24.1,111,84,145,84,88,90,5.3,149,64,114,128,1.23,87,5.7,18.7,10.7,4,7918,8.7,30,24,4,13.2,4,F,no,activo
PAC001113,53,95.9,188,27.1,106,100,142,86,88,122,6.6,262,25,165,245,1.03,98,6.9,40.6,14.5,0,6066,10.2,18,1,2,11.1,7,F,si,sedentario
PAC001114,59,85.7,191,23.5,116,100,112,80,53,120,6.6,252,26,214,243,1.0,80,9.1,39.8,17.2,0,500,7.4,0,15,0,9.7,6,M,si,sedentario
PAC001115,18,55.2,166,20.0,70,107,90,50,68,94,4.4,200,52,138,158,1.1,119,0.1,33.4,16.5,13,13292,7.9,14,3,4,9.1,3,M,si,sedentario
PAC001116,68,65.4,149,29.5,102,92,179,109,73,111,6.1,203,42,202,257,0.4,74,5.1,37.0,15.3,2,7916,7.0,12,21,1,10.3,10,F,si,sedentario
PAC001117,24,75.6,163,28.5,79,97,117,89,64,67,4.5,180,71,90,173,1.05,111,0.1,38.6,13.4,6,11835,9.0,9,0,4,5.4,0,M,no,sedentario
PAC001118,52,64.1,166,23.3,83,82,111,72,89,82,4.7,189,47,117,128,1.19,70,2.4,18.6,9.6,4,12398,7.2,18,20,3,9.1,10,F,no,sedentario
PAC001119,24,68.5,141,34.5,67,108,106,74,67,88,6.1,157,62,108,78,1.03,128,2.9,34.3,13.0,10,12793,7.8,9,0,5,7.9,2,M,si,activo
PAC001120,18,65.1,166,23.6,89,95,142,68,79,88,5.1,211,61,119,139,0.69,102,4.8,17.9,10.6,4,9663,7.4,6,30,0,4.0,9,F,si,ligero
PAC001121,29,78.5,163,29.5,75,104,137,81,56,78,4.5,161,70,125,98,1.18,114,1.9,36.0,14.7,10,9381,8.1,0,4,7,4.7,3,F,no,ligero
PAC001122,60,90.0,193,24.2,108,98,124,87,71,145,6.7,297,38,171,319,0.94,72,7.5,23.1,16.3,0,1836,7.1,13,3,1,7.6,7,M,no,activo
PAC001123,29,80.5,161,31.1,95,96,120,77,63,107,5.1,185,55,75,81,0.96,88,1.6,17.9,16.0,9,9953,10.8,12,12,8,2.0,2,F,si,activo
PAC001124,67,95.7,179,29.9,112,101,164,98,75,122,6.7,287,26,119,239,0.93,53,7.0,35.2,15.7,0,8510,8.8,10,13,3,8.4,7,F,no,sedentario
PAC001125,29,80.3,169,28.1,66,86,119,62,61,97,5.0,192,71,115,51,1.07,81,0.7,43.2,14.5,11,14318,8.7,0,2,6,5.5,4,F,no,ligero
PAC001126,31,54.2,159,21.4,89,88,112,80,78,100,6.1,190,56,127,75,0.73,74,0.1,30.7,12.2,8,10615,6.7,28,20,1,8.9,10,F,no,sedentario
PAC001127,35,77.8,167,27.9,89,97,120,52,79,95,4.5,179,72,166,82,1.0,107,4.6,29.2,12.6,7,4955,8.5,0,19,1,13.1,6,F,si,sedentario
PAC001128,25,77.2,151,33.9,69,76,123,89,81,79,4.8,177,53,95,97,1.1,106,2.6,23.0,12.6,9,10755,9.1,12,28,1,10.4,7,F,no,sedentario
PAC001129,78,82.4,198,21.0,102,104,136,81,77,141,7.1,267,37,123,398,1.2,70,3.1,42.5,16.0,0,500,8.7,16,5,0,11.2,10,M,no,sedentario
PAC001130,82,93.2,140,47.6,106,87,164,108,91,125,5.5,257,32,132,137,0.81,64,4.2,21.4,15.3,1,6090,5.6,4,4,0,10.8,7,M,no,sedentario
PAC001131,75,101.1,203,24.5,127,109,159,97,74,99,7.4,280,36,167,294,1.3,82,7.1,37.6,13.3,2,1629,9.5,11,19,4,13.2,8,M,si,sedentario
PAC001132,45,61.4,165,22.6,94,108,133,70,71,83,6.9,158,60,111,151,0.79,130,0.2,26.8,9.3,6,9160,7.8,20,1,3,8.7,9,M,no,ligero
PAC001133,64,89.6,140,45.7,102,75,186,104,82,104,6.7,218,67,133,126,0.46,73,2.7,19.7,15.9,3,5637,5.9,7,8,6,11.3,5,M,no,sedentario
PAC001134,84,88.5,149,39.9,97,88,171,96,76,104,6.1,198,38,134,153,0.46,87,4.2,22.9,17.1,4,2541,7.8,0,0,2,8.2,4,M,si,sedentario
PAC001135,75,92.8,189,26.0,120,102,102,94,98,128,7.3,141,37,194,190,1.15,78,6.2,33.1,12.5,1,4938,8.6,8,0,2,5.7,10,M,si,sedentario
PAC001136,90,96.4,159,38.1,89,98,147,102,77,117,5.2,237,42,82,219,0.61,64,4.9,30.3,15.7,0,2676,4.6,6,3,1,12.9,5,F,no,sedentario
PAC001137,67,88.9,152,38.5,84,102,169,105,81,126,5.4,239,47,169,210,0.45,55,3.9,34.2,16.4,5,3626,6.9,13,3,5,11.4,6,M,no,ligero
PAC001138,76,89.0,196,23.2,133,97,169,81,64,146,8.2,240,39,126,246,1.39,61,2.2,41.5,15.2,0,633,10.4,7,6,2,12.8,10,F,no,sedentario
PAC001139,33,80.9,173,27.0,64,112,121,86,67,87,5.3,189,86,71,95,1.1,96,0.1,27.6,14.9,9,9659,11.0,4,0,4,5.9,7,M,si,ligero
PAC001140,24,41.6,170,14.4,71,108,120,54,53,85,6.6,144,71,83,141,1.12,109,2.8,42.1,14.1,6,12467,7.1,14,3,6,8.4,0,F,no,ligero
PAC001141,18,65.1,158,26.1,82,91,127,74,79,67,5.5,135,69,114,169,0.64,95,0.5,19.7,10.8,2,9465,7.1,23,20,0,9.3,6,F,si,sedentario
PAC001142,29,79.0,155,32.9,71,92,129,73,61,95,5.8,212,51,79,108,0.77,109,2.0,21.7,12.6,6,7095,8.2,24,15,2,10.2,8,F,no,activo
PAC001143,22,74.7,174,24.7,82,110,127,75,68,93,4.7,145,50,89,135,0.79,85,4.3,35.3,14.9,7,8897,7.4,6,0,3,4.6,2,M,si,activo
PAC001144,76,84.6,203,20.5,121,99,158,81,81,130,7.7,228,30,191,326,1.14,71,5.8,27.9,12.8,0,500,9.9,3,3,1,10.8,8,F,si,sedentario
PAC001145,73,54.8,150,24.4,108,94,166,104,67,96,4.0,211,66,148,181,0.4,55,3.6,34.6,16.3,1,6710,5.0,7,11,2,7.9,7,M,no,sedentario
PAC001146,18,81.1,166,29.4,60,91,134,93,70,62,4.4,161,52,49,165,1.2,100,1.4,33.7,16.3,10,14285,7.3,6,0,5,9.6,3,M,no,ligero
PAC001147,18,61.4,156,25.2,78,101,128,78,90,80,5.6,140,51,109,141,0.95,104,3.7,25.5,12.2,5,5015,8.6,8,26,2,11.0,10,M,no,ligero
PAC001148,38,63.8,163,24.0,101,99,118,74,57,103,6.0,207,71,127,155,1.07,130,0.2,27.8,14.9,7,15096,9.1,9,13,5,5.8,6,F,no,sedentario
PAC001149,81,77.7,140,39.6,102,99,151,92,63,119,6.2,224,32,137,132,0.4,65,6.0,36.4,13.5,0,5343,6.3,11,5,3,12.2,6,M,no,sedentario
PAC001150,63,92.5,205,22.0,140,91,131,87,79,124,6.0,220,46,195,318,1.1,86,6.7,35.9,16.1,0,7734,10.2,10,12,3,10.3,9,M,no,ligero
PAC001151,60,85.7,142,42.5,102,96,178,90,76,94,4.7,239,46,138,236,0.4,89,5.2,29.5,16.4,0,8988,6.8,3,7,3,10.3,7,M,si,sedentario
PAC001152,72,90.6,147,41.9,98,77,147,111,63,107,5.4,248,43,113,120,0.4,76,4.5,7.6,16.5,6,4750,7.5,10,0,1,11.3,8,M,si,sedentario
PAC001153,22,65.7,182,19.8,60,114,105,71,55,96,4.0,162,80,113,92,1.02,106,1.3,37.7,13.8,8,11391,8.1,10,0,6,3.8,3,M,no,activo
PAC001154,18,71.2,171,24.3,73,92,123,80,77,60,4.4,199,79,93,62,1.49,74,0.3,44.5,12.5,9,13564,9.3,3,4,6,8.2,0,F,no,sedentario
PAC001155,54,71.1,140,36.3,104,92,155,101,86,120,6.0,221,25,122,117,0.56,52,4.2,25.8,17.3,2,500,5.8,1,4,1,15.6,8,M,si,sedentario
PAC001156,18,80.9,172,27.3,82,86,125,72,97,98,5.6,218,47,101,105,1.07,92,4.1,16.4,12.1,9,6663,6.3,23,36,3,6.7,6,M,si,ligero
PAC001157,42,94.2,180,29.1,109,107,125,84,85,125,7.2,175,58,129,112,1.35,66,7.5,43.2,12.9,0,2835,8.9,15,1,0,8.4,4,F,no,ligero
PAC001158,23,40.3,155,16.8,84,96,114,75,74,83,5.2,180,27,108,72,1.11,92,2.3,15.3,12.3,7,8872,9.6,20,30,1,9.0,8,F,si,ligero
PAC001159,18,70.9,173,23.7,107,91,136,72,82,73,5.3,176,61,170,40,1.06,119,0.1,30.0,11.9,4,10027,8.2,21,25,0,11.5,8,M,si,sedentario
PAC001160,73,89.9,140,45.9,101,100,158,114,57,81,6.1,208,43,156,231,0.47,79,7.6,45.1,16.2,1,2238,6.8,1,1,1,12.7,8,M,si,sedentario
PAC001161,43,82.5,191,22.6,111,98,143,94,81,157,5.9,274,47,157,268,1.18,52,4.9,28.3,16.8,0,500,7.9,18,17,2,10.3,9,F,no,sedentario
PAC001162,36,40.0,177,12.8,81,104,109,86,68,101,5.1,173,58,98,112,1.27,88,0.4,27.8,14.7,9,8658,6.9,0,0,5,12.3,3,M,no,ligero
PAC001163,71,95.7,152,41.4,113,92,161,102,76,118,6.8,239,25,135,192,0.45,67,10.7,12.5,15.5,0,6162,6.1,9,23,2,9.6,7,F,si,ligero
PAC001164,55,71.8,161,27.7,89,96,121,73,90,109,6.1,157,39,144,181,0.85,103,0.2,26.8,11.7,8,8017,7.8,0,14,0,9.0,8,F,si,sedentario
PAC001165,18,83.0,164,30.9,64,112,110,76,51,77,4.7,146,74,132,93,0.99,112,0.1,55.7,14.9,9,15982,9.3,4,9,4,6.1,4,M,no,activo
PAC001166,48,86.8,190,24.0,116,96,121,86,77,112,5.8,264,34,116,286,1.15,71,6.5,54.7,14.6,0,1917,9.4,5,0,0,9.9,5,M,si,ligero
PAC001167,25,56.7,156,23.3,88,111,120,55,78,111,5.4,186,78,133,196,1.0,117,7.0,17.6,14.3,6,10026,8.6,17,17,0,11.2,9,M,si,activo
PAC001168,84,99.9,147,46.2,108,100,155,105,85,100,6.7,164,51,146,192,0.4,87,5.5,35.8,15.9,4,6378,7.4,10,2,5,13.7,7,M,no,sedentario
PAC001169,84,70.1,157,28.4,102,91,159,109,81,82,6.8,253,52,142,160,0.85,67,4.7,32.2,15.8,0,3718,5.0,18,20,2,12.4,8,M,si,activo
PAC001170,37,73.6,163,27.7,80,98,118,67,58,71,5.0,189,65,85,65,1.28,80,1.7,16.4,17.8,11,12237,8.7,0,21,6,7.4,6,F,no,activo
PAC001171,62,82.7,174,27.3,75,101,122,71,62,64,4.6,179,65,143,42,1.01,104,0.1,40.5,13.8,4,13347,8.1,1,0,8,6.9,4,F,no,activo
PAC001172,81,85.8,146,40.3,91,96,156,111,80,96,5.0,241,26,169,169,0.69,66,0.8,24.9,17.4,4,6277,6.6,7,0,5,10.3,5,F,si,sedentario
PAC001173,27,86.6,163,32.6,91,85,127,83,90,119,6.7,229,64,125,178,1.06,113,0.2,24.3,12.2,4,7957,9.1,17,10,1,6.3,10,M,si,sedentario
PAC001174,27,68.1,172,23.0,69,94,98,71,74,103,4.8,183,53,85,58,1.19,61,0.7,28.0,13.9,9,12859,7.2,12,10,3,11.0,5,M,no,ligero
PAC001175,18,45.3,155,18.9,74,97,123,72,70,124,4.7,194,48,123,116,0.64,76,3.6,54.4,15.4,6,14535,7.6,10,1,6,3.8,0,F,si,ligero
PAC001176,37,95.0,164,35.3,62,88,116,71,61,75,4.1,214,67,132,117,0.75,69,1.8,30.1,13.6,2,10318,8.7,0,20,6,6.7,0,M,si,sedentario
PAC001177,90,74.6,141,37.5,136,100,150,106,76,82,5.9,305,29,155,167,0.45,100,8.8,27.7,15.9,1,3499,7.2,0,9,3,13.3,3,F,si,ligero
PAC001178,82,59.4,140,30.3,104,77,152,84,77,95,5.3,227,27,96,270,0.59,78,3.3,16.8,16.1,0,3013,5.8,11,0,2,13.3,10,F,no,ligero
PAC001179,78,105.7,193,28.4,106,100,129,83,85,135,7.0,209,25,122,274,1.01,66,5.9,26.6,15.2,0,6656,9.7,9,7,1,13.8,2,M,si,activo
PAC001180,41,61.6,158,24.7,91,89,123,85,74,92,5.6,234,58,121,115,0.91,86,3.7,22.0,11.7,8,7673,8.8,24,17,0,12.0,8,M,si,ligero
PAC001181,72,91.7,145,43.6,127,93,140,102,74,83,6.2,212,59,149,117,0.46,49,9.1,32.8,14.8,1,5595,3.9,0,11,2,12.4,5,M,si,activo
PAC001182,53,91.3,192,24.8,88,104,145,102,81,148,6.7,225,28,151,327,1.36,79,9.8,36.1,13.5,2,4340,9.5,13,1,4,9.2,9,M,no,sedentario
PAC001183,38,62.8,172,21.2,81,95,99,87,67,88,4.0,159,52,75,48,0.98,130,3.3,35.7,17.6,7,12606,7.9,0,0,4,9.5,6,M,no,ligero
PAC001184,37,86.6,193,23.2,88,98,116,69,64,103,5.6,230,51,115,44,1.31,110,0.1,38.3,12.9,10,15234,9.6,3,0,8,8.0,1,M,si,sedentario
PAC001185,48,112.7,195,29.6,128,98,128,95,71,130,6.9,191,39,164,292,1.36,113,7.2,38.9,15.1,0,2152,8.9,17,8,5,15.4,7,F,no,sedentario
PAC001186,32,84.8,183,25.3,79,102,122,60,92,100,4.3,206,47,113,68,0.86,115,3.5,36.1,13.1,7,4076,7.0,24,26,2,11.0,6,F,no,activo
PAC001187,77,99.4,146,46.6,106,105,170,89,73,126,5.1,272,50,156,138,0.68,64,5.1,30.0,16.9,2,5538,5.7,15,3,0,10.6,6,M,si,sedentario
PAC001188,34,60.6,176,19.6,92,99,126,79,74,117,5.1,154,69,105,201,0.67,90,3.9,16.3,12.1,4,10231,7.7,12,37,0,7.6,6,F,no,ligero
PAC001189,30,83.1,167,29.8,85,100,107,75,53,80,5.0,212,75,104,131,1.25,101,4.0,19.7,10.6,7,11724,8.0,9,0,4,7.6,0,F,no,sedentario
PAC001190,52,107.3,185,31.4,125,105,131,91,75,126,6.1,234,43,120,247,1.04,75,5.9,42.5,13.8,2,4593,9.4,14,0,2,11.1,8,M,si,sedentario
PAC001191,49,109.7,201,27.2,117,104,151,74,94,123,7.1,208,37,165,289,1.44,87,5.9,43.7,15.1,3,3354,8.8,8,9,2,11.9,5,F,si,sedentario
PAC001192,18,49.2,158,19.7,102,89,99,92,56,95,4.9,208,78,151,40,1.16,118,4.2,35.0,16.6,13,11069,8.1,14,0,4,6.2,4,F,si,ligero
PAC001193,51,107.5,149,48.4,92,101,165,106,93,67,5.4,251,53,135,133,0.45,86,6.3,33.0,16.2,0,500,5.9,6,13,4,11.3,10,F,si,sedentario
PAC001194,18,64.7,153,27.6,80,98,123,66,55,93,4.3,222,60,57,93,0.79,87,0.1,29.7,13.4,8,12330,8.2,0,0,6,7.3,0,M,no,sedentario
PAC001195,87,94.5,199,23.9,130,112,124,77,72,148,6.1,269,30,178,279,1.37,84,5.7,27.8,15.7,0,4301,8.6,16,3,0,8.7,6,F,si,sedentario
PAC001196,72,83.0,201,20.5,123,108,153,88,71,157,7.4,200,38,135,261,1.21,95,7.5,38.0,15.6,0,2984,7.2,7,6,4,9.8,2,F,no,activo
PAC001197,52,84.6,205,20.1,113,110,126,85,74,133,7.1,173,36,168,231,1.33,44,6.6,39.8,15.3,1,3727,8.7,26,11,3,11.6,10,M,si,sedentario
PAC001198,35,76.4,171,26.1,95,99,107,76,61,75,4.2,213,87,137,117,1.0,119,0.1,21.3,16.2,6,12791,7.6,7,0,5,5.3,1,F,no,activo
PAC001199,72,88.9,192,24.1,126,115,122,109,83,125,6.3,291,51,153,268,1.07,77,7.5,25.6,13.9,1,2976,8.9,5,7,0,12.6,9,M,no,ligero
PAC001200,73,86.4,190,23.9,127,113,147,97,76,146,6.4,240,40,205,265,1.25,98,5.3,29.6,13.1,1,4699,7.9,10,5,2,8.6,10,F,no,activo
PAC001201,25,78.9,154,33.3,60,83,132,90,60,88,6.6,175,61,73,41,0.89,94,0.1,37.9,14.4,8,10206,7.8,0,0,3,8.7,3,M,no,sedentario
PAC001202,60,109.2,186,31.6,131,101,115,83,93,154,7.4,266,29,161,256,1.07,85,4.5,42.3,14.6,0,500,8.4,16,0,3,11.0,8,F,no,ligero
PAC001203,70,117.2,193,31.5,93,119,142,93,84,128,6.7,257,39,184,221,1.38,86,8.5,34.8,15.6,2,500,10.4,1,13,0,14.6,8,M,si,sedentario
PAC001204,58,94.9,187,27.1,100,83,143,99,68,158,7.1,277,37,176,197,1.39,84,7.5,28.2,15.9,0,2436,8.0,11,5,2,13.0,8,F,no,sedentario
PAC001205,36,54.0,183,16.1,76,99,121,65,51,79,5.4,197,76,102,166,0.84,104,1.6,26.5,14.4,3,11260,9.0,0,0,5,7.0,3,F,no,activo
PAC001206,26,69.4,164,25.8,86,95,125,75,65,90,5.2,150,58,70,111,1.42,100,1.2,31.2,14.3,7,14344,8.8,14,0,5,11.1,0,F,si,ligero
PAC001207,43,66.5,161,25.7,83,87,106,62,56,94,4.7,204,69,108,90,1.22,115,6.1,28.6,13.3,10,12766,7.8,0,0,5,8.5,0,M,no,activo
PAC001208,68,78.7,188,22.3,118,112,142,72,79,109,8.0,243,40,115,318,1.21,55,7.7,34.2,13.5,0,5071,9.1,0,21,3,10.4,6,F,no,sedentario
PAC001209,61,57.8,144,27.9,79,100,143,112,78,90,5.8,248,46,158,187,0.4,83,2.0,26.8,14.8,5,1426,6.8,21,0,4,11.6,8,F,no,sedentario
PAC001210,67,95.6,205,22.7,114,113,145,96,85,116,6.6,249,43,119,196,1.4,52,6.7,22.0,12.7,0,1710,8.5,2,0,2,9.8,9,M,si,ligero
PAC001211,43,52.3,168,18.5,80,100,117,70,50,76,4.4,145,78,126,40,0.87,89,1.2,29.0,16.5,11,7648,8.9,5,9,7,6.6,0,M,no,ligero
PAC001212,38,68.1,140,34.7,120,92,137,96,87,112,5.2,237,42,153,65,0.4,68,5.3,28.5,15.2,5,2802,5.2,8,11,1,16.5,2,F,si,sedentario
PAC001213,29,60.0,172,20.3,73,98,101,81,65,115,5.2,131,36,57,96,0.92,109,0.8,32.7,13.5,7,11023,7.1,0,11,6,3.7,2,F,si,sedentario
PAC001214,68,124.6,198,31.8,108,112,146,83,73,134,6.8,228,41,140,180,1.23,78,8.6,30.9,15.2,2,500,9.6,3,0,1,12.5,5,M,si,sedentario
PAC001215,22,69.5,164,25.8,80,109,128,96,75,107,5.4,190,75,105,40,0.62,121,1.1,14.2,13.4,2,5162,9.6,8,15,1,10.9,7,F,no,activo
PAC001216,55,105.5,189,29.5,126,104,163,80,66,121,7.6,270,35,145,219,0.87,82,4.8,33.2,13.9,0,7061,10.5,7,0,3,9.5,8,F,si,sedentario
PAC001217,68,88.7,175,29.0,124,112,150,85,70,121,7.3,218,29,170,277,1.2,63,5.4,46.0,13.8,0,5475,8.9,7,0,0,13.0,9,M,no,ligero
PAC001218,50,76.8,168,27.2,75,97,130,78,72,73,4.0,158,90,107,99,0.86,114,0.1,53.5,15.4,6,12127,8.5,0,1,4,4.9,0,M,no,activo
PAC001219,61,73.6,142,36.5,111,109,164,103,87,123,5.7,203,54,122,114,0.46,74,9.5,16.8,17.1,5,3036,5.1,2,7,2,12.0,4,M,no,ligero
PAC001220,48,77.9,171,26.6,67,106,132,84,62,114,4.9,271,60,85,78,0.99,130,0.1,13.4,11.8,3,6949,9.5,17,16,2,6.4,3,F,no,activo
PAC001221,84,75.4,144,36.4,95,82,143,101,75,118,5.2,253,40,145,164,0.56,83,4.8,32.8,16.1,3,4847,7.3,8,17,2,14.4,8,M,si,ligero
PAC001222,24,87.3,159,34.5,77,80,132,62,73,63,4.8,189,65,94,74,0.67,114,4.0,18.1,13.0,1,7111,8.8,23,20,1,11.8,8,M,no,ligero
PAC001223,21,78.0,170,27.0,84,97,113,68,84,91,4.6,218,76,119,83,1.05,87,3.7,32.6,14.0,13,6973,8.3,1,0,5,6.3,4,F,si,activo
PAC001224,35,78.1,162,29.8,64,100,120,71,67,93,4.8,169,57,105,91,0.76,68,3.8,22.4,14.2,1,12671,7.3,17,15,1,10.5,9,M,no,ligero
PAC001225,54,105.1,204,25.3,133,115,145,100,83,148,7.5,267,56,135,263,1.21,66,7.1,36.6,17.1,0,500,6.8,10,10,1,11.4,7,M,no,sedentario
PAC001226,18,68.2,154,28.8,89,89,111,81,85,111,4.6,208,58,112,76,0.96,112,1.9,16.7,11.6,4,10021,5.3,18,21,6,8.7,7,F,no,sedentario
PAC001227,42,63.4,171,21.7,73,85,121,64,70,109,4.2,152,60,110,118,0.98,107,6.0,16.5,9.7,4,4195,7.2,20,29,5,10.5,10,M,no,sedentario
PAC001228,42,97.7,146,45.8,111,90,154,111,81,125,6.4,208,41,160,161,0.79,58,2.9,46.4,14.5,0,4648,6.4,24,9,3,11.3,6,F,si,sedentario
PAC001229,18,73.9,159,29.2,86,82,116,81,85,92,5.5,156,57,119,72,1.04,92,8.1,15.6,11.8,3,7655,7.7,21,23,2,12.4,10,M,si,sedentario
PAC001230,29,53.9,166,19.6,80,80,139,83,68,72,5.3,164,64,145,66,1.59,107,0.9,39.5,18.2,8,15604,8.2,0,8,5,8.6,1,M,no,activo
PAC001231,18,64.3,151,28.2,79,104,129,81,73,72,6.8,211,77,158,90,0.8,101,2.4,16.2,10.9,4,4826,7.0,20,31,0,6.9,7,F,si,sedentario
PAC001232,59,56.2,166,20.4,60,101,125,72,64,94,5.6,160,81,117,48,1.14,93,1.3,40.8,15.3,8,14698,10.3,0,4,4,5.2,0,M,no,activo
PAC001233,41,56.1,166,20.4,75,99,110,83,52,60,5.4,184,87,142,146,1.28,101,1.9,46.1,13.1,8,12923,6.1,3,0,4,6.4,1,M,si,sedentario
PAC001234,42,100.9,186,29.2,130,106,144,109,77,133,7.7,181,39,194,271,1.59,67,4.6,27.3,10.9,0,3782,9.0,17,15,0,8.3,8,M,no,ligero
PAC001235,75,95.1,196,24.8,124,104,157,83,83,129,6.2,239,52,147,309,1.14,80,5.3,44.4,15.5,2,2763,8.3,8,0,0,15.0,8,M,si,activo
PAC001236,73,69.9,143,34.2,77,100,134,106,78,68,4.6,175,28,129,157,0.4,73,3.1,45.8,16.0,1,3929,6.6,1,5,4,9.4,8,M,si,sedentario
PAC001237,47,42.5,156,17.5,85,110,104,76,58,62,5.5,196,74,94,113,0.7,128,0.1,37.6,14.8,5,12650,7.6,5,5,7,6.1,5,F,si,ligero
PAC001238,90,81.5,144,39.3,116,94,157,87,78,69,6.2,227,50,140,202,0.4,55,0.1,37.3,16.1,0,5973,7.2,7,4,2,12.7,9,M,no,sedentario
PAC001239,50,68.4,188,19.4,75,86,131,64,81,74,5.5,174,93,126,96,1.29,121,0.1,40.3,15.2,8,11700,9.2,2,18,6,8.1,1,F,no,ligero
PAC001240,18,76.4,165,28.1,80,82,129,78,75,76,5.3,191,71,88,132,0.91,125,1.5,28.5,11.0,6,6565,7.6,15,22,1,6.4,4,F,no,sedentario
PAC001241,22,86.1,149,38.8,74,86,105,80,82,102,4.5,156,53,113,125,0.86,97,3.1,11.2,10.6,1,5367,7.8,22,23,1,11.3,8,F,no,sedentario
PAC001242,70,78.7,194,20.9,104,106,136,104,61,112,7.1,260,39,184,180,1.17,59,4.5,38.2,13.5,2,7688,9.0,3,5,1,8.2,9,F,no,sedentario
PAC001243,81,97.7,194,26.0,148,103,143,85,79,110,6.2,231,45,153,238,1.1,75,7.2,35.9,12.7,0,2021,7.4,12,10,2,10.7,7,M,si,ligero
PAC001244,52,97.9,198,25.0,120,104,144,95,93,113,6.1,237,25,153,209,1.19,75,4.0,40.0,15.6,3,6708,7.7,11,4,1,10.5,7,M,no,ligero
PAC001245,29,78.3,161,30.2,82,79,118,57,80,87,4.7,136,44,102,192,0.93,72,8.2,28.2,13.8,2,11535,9.3,13,13,3,12.2,10,M,si,ligero
PAC001246,72,92.9,140,47.4,100,99,160,97,80,128,6.2,277,42,94,278,0.53,56,5.9,24.9,17.3,0,3721,6.3,0,1,3,14.0,5,M,no,sedentario
PAC001247,61,85.8,140,43.8,111,107,157,94,73,91,4.3,213,38,169,239,0.62,40,8.4,40.3,18.1,3,3490,7.0,0,4,3,14.4,7,M,no,sedentario
PAC001248,64,92.7,142,46.0,118,90,167,103,75,89,6.0,166,52,129,169,0.4,74,5.3,26.9,15.3,6,5951,6.5,0,3,2,11.7,4,M,no,activo
PAC001249,28,75.3,157,30.5,77,94,119,63,68,83,5.5,172,70,103,145,1.09,120,0.1,23.2,9.3,11,5012,8.5,20,30,0,9.0,9,F,no,sedentario
PAC001250,50,46.1,163,17.4,69,115,105,82,62,70,4.2,249,79,105,40,1.04,87,0.1,28.6,16.2,7,13621,7.9,2,0,6,7.0,3,M,no,activo
PAC001251,48,67.0,166,24.3,78,85,120,84,94,92,5.3,181,70,121,158,0.76,67,5.3,34.4,11.6,5,6019,8.1,13,29,2,7.5,10,F,no,ligero
PAC001252,61,99.0,205,23.6,123,113,158,78,93,120,7.7,239,50,159,247,1.26,97,7.7,28.2,16.5,0,2001,9.6,11,7,2,7.8,7,F,no,ligero
PAC001253,50,73.4,160,28.7,90,93,110,83,57,95,6.2,203,63,105,184,1.13,108,0.5,44.3,16.0,9,11919,7.9,14,14,3,4.7,4,F,no,sedentario
PAC001254,33,47.9,175,15.6,70,89,128,71,63,65,4.0,155,50,124,68,0.87,100,0.4,36.8,12.5,12,11450,9.1,0,0,4,4.0,7,F,no,activo
PAC001255,24,56.1,173,18.7,60,99,125,87,45,97,6.1,219,89,119,40,0.92,130,1.9,44.8,16.6,9,17531,9.8,3,0,5,6.6,6,M,no,activo
PAC001256,65,75.6,153,32.3,109,105,141,104,89,114,4.7,224,49,164,138,0.4,67,8.2,11.7,16.7,0,2733,4.0,13,7,4,10.7,9,F,no,ligero
PAC001257,44,85.2,142,42.3,113,82,163,111,72,77,5.7,184,40,152,155,0.4,42,0.3,28.8,13.9,0,2018,5.4,7,6,2,10.9,8,M,no,ligero
PAC001258,65,84.1,197,21.7,135,115,154,92,87,138,8.2,231,40,169,284,1.07,60,5.1,43.1,13.7,0,4758,7.7,13,0,5,8.1,8,M,si,activo
PAC001259,18,60.2,159,23.8,74,98,117,73,83,92,5.4,165,57,65,40,1.05,108,3.2,29.6,10.2,5,9184,7.6,21,27,2,10.0,9,M,no,sedentario
PAC001260,46,112.3,185,32.8,117,107,135,82,72,134,6.5,259,41,147,236,1.19,94,2.6,42.6,16.9,0,3231,9.0,19,5,2,15.0,10,F,si,sedentario
PAC001261,68,86.3,198,22.0,129,88,145,88,86,113,7.2,227,60,168,234,1.11,86,6.1,41.5,16.1,0,3070,7.9,9,13,0,13.9,9,F,no,ligero
PAC001262,90,64.7,151,28.4,86,101,169,108,83,75,6.0,217,66,122,186,0.45,88,3.3,38.5,15.8,0,8452,5.9,0,0,0,10.0,3,M,si,ligero
PAC001263,79,101.0,198,25.8,113,89,164,84,88,112,6.3,258,37,134,236,1.19,86,10.4,36.0,13.7,0,3062,8.7,14,8,6,16.3,7,M,si,sedentario
PAC001264,34,62.3,157,25.3,88,110,106,61,60,69,5.9,221,80,59,40,0.98,109,0.8,38.1,15.6,13,13866,8.7,1,0,3,5.2,3,F,no,ligero
PAC001265,66,103.1,142,51.1,121,88,158,92,62,118,6.2,248,62,176,168,0.4,68,1.0,31.9,17.7,3,5969,6.9,5,13,3,10.8,4,F,si,ligero
PAC001266,18,66.5,164,24.7,87,103,90,77,62,60,4.8,110,72,69,64,1.01,103,1.2,27.1,13.7,8,11083,8.2,7,0,6,6.4,0,M,no,activo
PAC001267,36,53.1,171,18.2,88,95,104,58,50,84,4.4,158,71,90,53,1.07,99,3.0,23.9,14.0,8,9995,10.7,0,0,5,7.4,2,F,si,ligero
PAC001268,37,44.6,167,16.0,94,88,106,75,49,80,4.1,149,39,95,50,1.22,116,4.2,46.1,15.5,6,12685,8.5,0,0,3,3.6,1,M,no,activo
PAC001269,56,93.4,205,22.2,99,110,151,81,80,112,8.7,220,39,148,296,1.23,93,5.9,37.8,11.9,0,4889,9.4,12,0,1,9.7,8,M,si,activo
PAC001270,50,84.4,148,38.5,102,81,178,101,76,128,5.3,234,60,122,167,0.66,70,2.2,34.4,15.4,0,6802,6.4,11,7,1,14.3,6,F,si,activo
PAC001271,60,81.6,143,39.9,96,111,178,89,62,114,5.4,220,58,75,200,0.51,90,5.2,46.9,15.5,1,3092,6.3,17,7,3,7.5,8,F,no,activo
PAC001272,25,84.4,161,32.6,88,81,138,60,76,80,4.9,162,51,65,96,1.14,94,4.1,23.7,10.8,10,9717,4.7,25,16,3,9.2,5,F,no,sedentario
PAC001273,56,104.1,198,26.6,126,103,161,74,79,120,7.2,295,32,162,218,1.21,78,4.0,34.4,15.5,0,6351,9.4,0,7,1,12.6,1,F,si,ligero
PAC001274,38,83.3,197,21.5,122,103,114,94,64,146,6.8,247,40,158,303,1.13,78,11.2,45.5,15.0,0,3960,9.2,13,5,0,8.1,10,M,si,ligero
PAC001275,29,55.4,156,22.8,83,94,116,88,87,98,5.3,193,56,151,77,1.23,116,5.2,22.4,10.1,4,12406,6.5,9,19,0,6.3,9,F,no,sedentario
PAC001276,18,50.8,181,15.5,83,88,138,80,69,88,6.6,218,56,81,40,0.92,90,2.8,32.9,11.5,7,16419,6.5,0,1,7,7.5,7,F,no,activo
PAC001277,45,61.7,175,20.1,70,83,106,77,65,107,4.9,171,90,121,100,0.83,128,2.9,43.7,15.4,7,6994,11.0,10,11,3,6.2,3,M,no,sedentario
PAC001278,71,84.8,144,40.9,106,110,144,98,86,106,6.6,172,35,145,138,0.46,53,6.6,20.9,18.2,0,8121,6.5,14,11,2,15.6,8,M,si,activo
PAC001279,83,99.9,192,27.1,114,108,139,72,92,126,8.2,216,33,176,299,0.87,72,0.8,53.8,13.5,0,500,8.2,18,0,2,11.9,7,F,si,sedentario
PAC001280,20,40.6,152,17.6,80,100,131,79,75,88,5.4,152,70,75,156,0.81,125,1.5,21.8,10.3,4,8661,9.3,23,19,0,5.2,5,F,si,ligero
PAC001281,18,74.8,159,29.6,79,94,103,71,74,92,4.7,174,90,61,129,0.93,114,4.7,53.8,16.4,10,11548,5.9,4,6,5,6.6,4,F,no,activo
PAC001282,27,69.6,166,25.3,92,94,119,75,63,88,4.9,150,58,84,40,1.06,96,6.3,20.1,11.6,9,11765,7.4,0,8,5,2.0,5,M,no,sedentario
PAC001283,57,99.6,196,25.9,90,100,133,87,94,125,6.9,250,50,164,245,1.6,44,7.0,29.0,13.4,0,2708,8.0,5,0,4,10.9,6,F,no,ligero
PAC001284,71,84.9,161,32.8,121,75,162,96,78,97,5.5,166,51,191,107,0.47,55,6.4,32.7,18.9,0,2084,5.1,3,9,2,12.3,5,M,si,activo
PAC001285,18,94.0,149,42.3,108,110,102,80,76,62,5.7,156,55,78,86,0.77,72,7.3,5.0,12.3,5,11065,7.6,20,17,1,11.3,7,F,no,ligero
PAC001286,50,46.3,175,15.1,78,94,129,83,67,83,4.8,171,61,80,167,1.13,120,0.5,14.2,15.8,9,15054,8.0,6,6,8,16.5,4,F,si,ligero
PAC001287,77,104.2,182,31.5,118,114,138,84,55,167,6.9,199,25,190,327,1.41,56,5.2,25.5,13.2,1,5556,7.7,0,8,3,5.3,7,M,no,ligero
PAC001288,64,78.6,140,40.1,119,85,152,105,91,119,5.2,179,54,140,176,0.65,86,3.2,32.5,14.8,1,3081,5.7,0,7,3,12.7,8,M,no,sedentario
PAC001289,90,76.9,144,37.1,100,91,169,91,73,94,6.1,271,63,179,40,0.44,79,3.6,17.4,15.4,0,2938,5.4,13,0,3,14.6,6,M,no,sedentario
PAC001290,63,107.6,163,40.5,91,112,156,100,79,75,4.6,273,62,116,224,0.4,57,7.0,40.1,14.6,0,1423,4.8,2,0,3,13.8,9,F,si,ligero
PAC001291,73,88.5,142,43.9,93,104,167,94,67,94,5.5,233,58,168,160,0.5,68,2.4,30.6,13.9,1,1989,7.8,9,12,3,13.1,6,F,no,sedentario
PAC001292,88,65.0,154,27.4,124,96,168,103,76,108,4.7,215,56,179,100,0.59,100,0.1,34.5,14.6,0,3946,5.1,0,0,3,15.1,4,M,si,sedentario
PAC001293,18,72.9,171,24.9,61,94,102,69,56,81,5.3,197,48,106,40,0.84,107,1.3,37.6,17.8,8,12970,6.7,32,1,5,6.2,2,F,no,ligero
PAC001294,25,64.0,164,23.8,80,105,97,88,77,114,5.1,169,65,95,86,0.81,81,1.9,25.5,13.9,13,12534,10.6,10,8,5,10.4,0,F,no,sedentario
PAC001295,58,114.4,201,28.3,110,95,135,95,78,137,7.3,256,48,171,271,1.31,61,5.1,28.8,16.3,1,5440,8.7,9,5,4,8.7,2,F,no,sedentario
PAC001296,27,56.0,168,19.8,77,105,122,68,55,74,6.1,159,51,105,43,1.04,97,4.4,29.6,15.5,10,12910,10.9,12,0,6,6.3,3,M,si,activo
PAC001297,75,89.3,189,25.0,103,89,127,75,70,138,6.6,253,29,133,264,1.21,73,5.6,28.9,16.1,2,5815,10.0,12,8,0,8.5,6,M,no,sedentario
PAC001298,45,83.9,183,25.1,105,109,133,84,87,124,7.5,212,49,143,219,1.17,73,4.2,33.2,13.3,3,500,9.6,8,6,2,14.0,7,F,si,sedentario
PAC001299,24,73.5,149,33.1,92,102,132,63,96,117,5.3,177,70,122,153,0.68,98,4.2,19.9,14.9,7,9528,8.0,16,24,2,9.3,10,M,si,activo
PAC001300,60,92.9,154,39.2,103,100,163,100,89,94,5.0,252,61,132,229,0.46,65,3.7,40.8,15.8,3,3514,5.5,8,6,1,17.1,3,F,no,sedentario
PAC001301,18,64.6,181,19.7,60,81,128,67,75,104,5.5,140,74,137,173,0.64,98,4.6,46.3,14.9,7,12090,9.4,10,0,3,3.9,3,F,si,sedentario
PAC001302,90,116.0,201,28.7,82,92,116,75,87,159,5.5,237,50,161,291,1.0,116,3.4,38.1,13.4,1,500,8.1,0,3,0,12.3,6,F,si,ligero
PAC001303,44,97.5,192,26.4,122,103,90,84,76,117,6.5,237,28,133,346,1.18,100,3.0,32.7,14.9,0,5457,9.2,14,10,3,8.8,8,M,si,sedentario
PAC001304,67,53.2,142,26.4,101,82,151,96,70,72,5.3,198,64,175,210,0.4,89,3.5,20.1,16.4,4,5237,5.9,5,0,2,15.3,6,F,si,activo
PAC001305,79,46.2,154,19.5,106,93,156,95,77,96,5.6,266,43,140,192,0.69,81,2.1,54.1,15.7,3,1179,6.5,7,14,3,9.5,8,F,si,sedentario
PAC001306,77,84.6,196,22.0,105,95,140,80,82,121,7.0,163,63,117,384,1.09,57,4.9,52.3,14.4,1,500,7.0,7,16,0,9.0,9,M,no,sedentario
PAC001307,21,71.9,155,29.9,98,97,113,76,81,65,5.7,122,50,102,151,0.78,86,1.6,25.2,12.2,5,9974,6.9,18,26,0,8.9,6,F,si,sedentario
PAC001308,45,92.5,187,26.5,126,103,169,81,76,133,7.0,276,30,166,237,1.32,84,3.9,34.6,13.4,0,3608,7.8,11,2,3,8.7,4,F,no,sedentario
PAC001309,38,71.0,159,28.1,105,90,98,72,57,90,4.0,198,71,143,49,1.05,126,2.6,39.5,12.7,5,14483,8.1,4,0,6,5.9,1,F,si,ligero
PAC001310,58,111.4,200,27.8,114,104,160,97,97,126,6.1,258,25,138,276,1.12,66,7.0,31.6,14.3,1,4999,9.8,16,8,3,10.9,9,M,si,sedentario
PAC001311,18,80.4,174,26.6,80,91,131,89,52,60,6.1,182,72,100,56,1.15,93,5.8,53.1,14.1,8,13356,7.7,2,0,5,4.0,4,F,si,ligero
PAC001312,75,96.5,151,42.3,133,88,167,120,64,61,7.2,283,35,158,215,0.6,86,5.5,32.5,14.7,6,8265,4.5,13,7,2,12.8,8,F,no,sedentario
PAC001313,53,85.2,152,36.9,104,105,165,98,84,109,5.9,274,47,115,198,0.5,84,5.0,29.0,15.6,2,500,6.8,9,0,3,13.7,7,F,si,activo
PAC001314,75,101.3,167,36.3,107,95,150,103,78,105,5.3,182,54,173,226,0.46,42,9.4,31.0,18.0,1,5321,6.7,1,0,1,13.1,6,M,si,sedentario
PAC001315,67,104.1,198,26.6,118,97,154,87,79,109,7.1,238,47,142,266,1.52,88,8.8,35.8,16.3,1,2639,8.3,9,11,2,10.4,6,F,no,sedentario
PAC001316,18,61.3,164,22.8,71,108,115,79,72,80,5.2,173,65,63,79,1.34,85,0.1,35.4,13.9,11,11944,11.0,17,7,7,2.0,4,F,no,ligero
PAC001317,37,83.0,186,24.0,81,81,132,63,60,73,4.7,185,88,135,58,1.02,109,0.7,23.4,14.6,8,11356,8.7,14,0,6,5.1,5,F,no,activo
PAC001318,81,89.8,186,26.0,124,105,163,99,85,145,7.5,257,34,165,335,1.15,94,2.7,51.4,16.1,0,1376,7.1,13,0,2,9.8,10,M,si,activo
PAC001319,88,90.1,186,26.0,111,77,118,85,82,139,6.3,304,28,103,298,1.27,84,4.7,23.3,14.1,0,5298,8.7,18,0,1,7.4,9,F,no,activo
PAC001320,18,55.2,166,20.0,85,109,138,69,64,92,4.4,193,83,110,42,1.1,126,2.2,28.9,15.2,10,15591,9.2,2,2,8,12.2,2,F,no,sedentario
PAC001321,18,62.7,163,23.6,78,95,127,82,93,100,4.8,189,51,87,41,1.12,86,3.9,18.9,11.1,6,4828,8.4,31,26,3,7.9,8,F,no,sedentario
PAC001322,66,89.9,198,22.9,127,94,155,70,80,146,6.5,223,44,184,228,1.25,65,3.3,37.7,14.8,0,500,7.7,20,4,1,8.8,8,M,si,sedentario
PAC001323,38,41.1,174,13.6,97,96,112,71,73,88,4.2,226,83,97,181,1.44,114,3.7,40.0,13.2,12,12643,9.5,4,3,4,8.8,1,F,no,activo
PAC001324,28,58.6,175,19.1,71,112,108,67,63,93,5.3,199,59,101,139,0.93,108,4.3,22.7,13.7,7,15461,8.9,2,5,8,10.8,0,M,si,ligero
PAC001325,30,60.5,162,23.1,76,101,137,80,45,80,5.6,163,49,161,97,0.92,92,0.1,27.1,13.4,9,9544,7.4,9,0,5,9.2,1,F,no,ligero
PAC001326,25,58.2,178,18.4,71,96,143,88,58,80,5.9,199,83,137,51,0.98,109,1.0,61.8,16.5,11,12098,7.6,1,0,5,6.0,0,F,no,ligero
PAC001327,61,105.3,193,28.3,120,106,147,93,102,152,7.5,286,25,178,317,1.18,67,4.9,40.0,13.8,0,3436,10.4,16,9,0,17.1,10,F,si,ligero
PAC001328,45,58.2,164,21.6,66,96,111,75,70,90,4.2,181,54,116,40,0.99,92,3.4,34.2,15.3,8,14488,8.1,0,0,5,2.8,2,F,si,activo
PAC001329,18,59.3,165,21.8,87,86,90,68,83,63,5.4,238,61,103,150,1.08,98,0.6,42.4,13.5,5,10817,9.4,13,0,7,5.5,5,M,si,activo
PAC001330,44,96.6,169,33.8,89,76,141,85,83,106,6.1,180,47,114,182,0.78,85,4.5,34.6,11.2,5,6450,7.6,16,27,0,9.0,10,M,no,sedentario
PAC001331,73,77.1,141,38.8,110,89,169,99,57,101,5.2,251,46,172,166,0.77,89,6.6,30.2,17.0,2,6811,6.5,22,0,3,12.6,10,F,no,sedentario
PAC001332,75,83.9,152,36.3,113,79,144,101,58,108,5.1,151,44,146,174,0.6,71,3.9,35.4,15.8,4,6322,6.6,1,8,2,15.9,9,M,si,sedentario
PAC001333,89,88.0,153,37.6,112,95,175,88,67,89,5.9,255,37,176,148,0.75,72,2.1,35.4,14.8,2,5070,6.9,8,8,3,11.1,8,M,no,sedentario
PAC001334,83,77.0,146,36.1,97,96,145,89,81,93,6.2,216,28,179,133,0.4,70,4.1,14.5,18.9,0,1826,5.2,6,14,1,11.7,6,F,si,ligero
PAC001335,75,80.0,198,20.4,112,100,150,96,70,153,7.6,235,25,187,188,1.32,101,8.1,38.3,13.2,1,8997,11.0,20,10,0,9.3,10,M,si,ligero
PAC001336,38,65.8,164,24.5,72,101,123,86,68,103,4.9,203,52,78,70,1.26,101,3.3,43.5,13.3,12,7668,7.3,4,2,6,4.7,3,F,no,activo
PAC001337,58,85.6,142,42.5,140,100,164,97,74,81,6.3,204,50,172,260,0.84,85,3.2,35.4,14.9,1,6403,6.5,4,4,1,14.2,7,F,no,sedentario
PAC001338,89,76.7,189,21.5,126,127,160,86,70,138,7.0,214,25,157,318,1.07,70,4.3,46.1,16.6,0,4450,8.4,8,3,2,11.2,5,M,si,ligero
PAC001339,65,80.8,141,40.6,99,104,157,110,83,105,7.1,212,33,154,169,0.85,77,1.7,27.9,18.6,1,3749,6.8,14,3,2,11.2,9,M,si,sedentario
PAC001340,18,64.7,165,23.8,100,75,113,83,87,81,4.8,150,67,132,54,0.85,96,2.5,17.2,12.2,9,6336,7.5,35,21,1,13.8,6,M,no,sedentario
PAC001341,71,76.5,144,36.9,147,77,177,99,76,117,6.3,255,46,126,132,0.54,77,8.0,35.4,16.5,1,547,5.7,3,0,3,13.7,10,F,no,activo
PAC001342,80,83.5,198,21.3,126,96,169,83,80,141,8.7,267,61,134,288,1.12,48,5.0,33.7,14.0,0,4907,7.2,5,0,3,9.6,10,F,no,activo
PAC001343,25,78.8,157,32.0,73,108,142,69,68,104,4.3,179,61,100,131,0.99,105,1.2,24.1,13.7,9,12642,10.2,1,0,2,4.8,8,M,no,ligero
PAC001344,46,66.3,147,30.7,81,91,113,87,86,100,4.6,171,42,152,162,0.53,78,5.0,24.2,10.8,0,9743,6.8,28,29,0,4.9,10,M,no,sedentario
PAC001345,52,103.6,198,26.4,120,114,140,104,91,123,6.7,254,33,145,214,0.81,75,12.1,35.4,15.9,0,7144,9.9,21,7,2,11.3,8,M,si,sedentario
PAC001346,48,80.2,167,28.8,109,105,133,79,71,99,5.4,154,81,109,40,1.24,93,4.1,22.8,11.6,4,13363,7.9,9,28,3,7.4,6,M,no,ligero
PAC001347,18,55.9,155,23.3,76,110,105,71,45,63,4.7,164,64,67,98,1.01,105,2.8,28.8,15.3,6,14327,8.0,2,3,5,7.1,3,M,no,sedentario
PAC001348,45,66.0,171,22.6,86,102,127,88,70,66,6.0,147,77,85,40,0.81,116,1.2,33.9,15.0,15,11203,8.4,10,11,3,4.5,0,M,no,ligero
PAC001349,90,80.6,140,41.1,108,99,179,112,83,105,6.5,276,43,137,228,0.4,68,5.9,26.9,18.9,4,7381,5.5,7,6,2,14.1,7,M,si,sedentario
PAC001350,40,61.2,165,22.5,76,80,111,60,47,86,4.5,163,62,166,40,0.96,91,0.8,47.8,15.9,10,16755,7.8,10,0,3,5.5,5,F,no,sedentario
PAC001351,18,60.0,156,24.7,80,94,113,76,70,129,5.0,241,44,118,129,1.12,82,4.0,31.1,13.6,2,4496,8.1,23,25,3,13.2,8,F,no,sedentario
PAC001352,19,40.0,153,17.1,82,99,120,89,76,111,4.9,155,59,96,145,1.24,86,0.4,34.1,11.6,8,10264,9.7,3,10,4,8.5,5,M,si,sedentario
PAC001353,71,56.2,153,24.0,106,104,136,103,64,127,4.6,204,25,141,142,0.59,83,3.3,37.7,16.2,4,8713,4.4,12,15,4,10.2,6,M,si,sedentario
PAC001354,53,79.6,149,35.9,112,92,166,97,73,105,5.7,194,44,142,102,0.46,79,4.8,34.5,15.4,0,4613,5.3,10,0,3,10.6,6,M,si,sedentario
PAC001355,78,100.1,152,43.3,96,99,165,93,81,98,5.9,228,65,166,251,0.55,66,7.3,31.1,15.1,0,2790,3.7,4,0,0,11.2,7,M,no,sedentario
PAC001356,60,71.4,160,27.9,109,86,147,103,70,106,6.1,210,63,207,209,0.64,71,6.8,25.4,16.8,3,9284,7.1,10,8,2,9.0,9,M,si,ligero
PAC001357,69,82.2,149,37.0,105,104,157,102,69,81,6.2,229,48,128,214,0.4,94,0.8,38.3,17.3,1,3331,5.8,19,6,1,10.3,5,M,no,sedentario
PAC001358,18,58.1,155,24.2,79,100,102,74,78,97,4.0,151,48,48,74,0.85,80,4.2,18.7,10.0,6,7848,8.2,22,39,0,7.7,5,F,si,ligero
PAC001359,36,89.3,167,32.0,76,104,120,76,70,69,5.7,218,49,124,139,1.19,85,5.0,12.3,13.3,8,8769,8.6,21,26,2,9.8,10,M,si,activo
PAC001360,56,109.9,194,29.2,113,89,119,87,77,122,7.2,158,32,172,228,1.28,77,6.5,43.2,15.5,2,500,7.8,13,13,1,13.3,9,F,no,ligero
PAC001361,25,59.5,167,21.3,83,100,120,85,61,91,4.0,165,66,74,87,1.06,100,0.1,21.1,15.0,5,12433,7.7,0,8,4,12.0,2,M,si,sedentario
PAC001362,72,73.7,147,34.1,95,106,162,97,69,72,6.0,213,35,146,170,0.62,64,6.2,21.2,15.5,0,6573,5.1,3,8,3,14.5,6,M,no,sedentario
PAC001363,42,56.7,167,20.3,76,87,92,77,62,76,4.0,151,76,57,58,1.25,88,0.8,35.3,14.4,8,11958,9.2,13,0,6,7.4,2,F,si,ligero
PAC001364,50,98.2,191,26.9,99,107,137,88,76,124,7.1,233,25,162,183,1.21,78,8.2,23.1,14.0,0,500,10.3,18,21,0,10.2,5,M,si,activo
PAC001365,23,78.0,150,34.7,74,108,129,76,68,87,6.5,198,62,116,40,1.18,128,3.0,27.1,15.9,4,11013,9.2,0,3,4,5.7,0,M,si,sedentario
PAC001366,52,74.9,164,27.8,81,97,99,50,60,86,5.5,220,73,68,40,1.07,98,0.1,33.8,13.7,4,11347,8.9,0,0,4,9.9,6,F,no,ligero
PAC001367,49,66.1,165,24.3,81,108,93,78,74,64,5.2,223,69,114,85,1.05,116,0.1,28.4,16.0,7,12522,9.2,0,0,7,8.1,4,F,si,activo
PAC001368,61,84.2,147,39.0,105,102,154,92,85,68,4.9,199,65,153,125,0.4,75,2.4,30.1,15.8,1,8501,5.0,17,2,0,12.8,9,M,si,ligero
PAC001369,75,92.2,205,21.9,120,107,144,84,86,124,7.9,250,51,167,220,1.28,91,6.5,38.6,17.3,0,6404,7.3,6,3,0,17.8,3,F,no,ligero
PAC001370,33,58.9,163,22.2,77,101,120,78,55,83,6.5,158,57,182,153,1.04,98,3.5,21.9,15.1,9,9856,9.8,15,0,3,2.2,6,M,no,ligero
PAC001371,80,73.0,144,35.2,97,92,167,118,79,135,6.9,280,58,107,89,0.4,61,7.7,38.1,14.0,0,2363,5.6,2,0,0,10.8,1,M,no,sedentario
PAC001372,22,52.0,166,18.9,81,91,124,62,77,99,5.2,195,45,116,138,0.98,96,10.0,25.8,12.3,4,3672,8.7,15,18,3,4.5,5,F,si,ligero
PAC001373,63,78.4,156,32.2,88,91,174,108,81,90,6.3,231,64,139,193,0.4,49,6.3,36.5,16.8,2,6769,6.6,9,2,4,10.7,5,F,no,sedentario
PAC001374,85,88.8,145,42.2,123,87,154,90,94,119,5.9,236,52,147,168,0.51,68,3.0,23.7,16.8,4,6753,5.3,7,0,0,11.5,5,M,no,sedentario
PAC001375,18,58.5,149,26.4,69,86,126,65,100,102,4.2,126,53,114,40,1.16,80,6.7,5.8,11.4,5,4038,8.9,23,35,2,11.7,7,F,no,sedentario
PAC001376,37,69.4,162,26.4,80,96,124,73,74,86,4.7,213,58,105,96,1.01,107,0.1,53.9,15.1,12,9085,8.8,10,2,7,9.1,1,F,no,ligero
PAC001377,69,70.5,150,31.3,98,85,170,102,80,88,4.4,230,42,167,171,0.4,60,4.1,35.4,14.8,0,1336,5.5,1,0,4,10.4,6,F,si,sedentario
PAC001378,59,71.8,151,31.5,81,78,154,92,63,112,5.5,228,34,144,306,0.55,51,6.5,40.4,15.4,1,10129,5.9,23,3,3,10.7,7,F,no,sedentario
PAC001379,64,97.3,154,41.0,101,88,157,97,91,120,7.0,248,53,166,124,0.62,77,9.0,20.8,17.2,2,5819,4.9,23,0,2,17.1,6,F,si,sedentario
PAC001380,74,87.8,187,25.1,122,103,135,86,83,113,7.9,191,33,154,191,1.02,81,4.5,48.9,14.2,1,6921,7.6,11,1,1,9.7,8,M,no,sedentario
PAC001381,22,71.2,156,29.3,86,93,155,77,49,104,5.0,181,57,98,108,0.91,112,2.7,37.6,15.5,12,14264,7.4,3,9,7,5.2,2,F,si,sedentario
PAC001382,51,91.7,163,34.5,97,112,97,68,81,88,4.6,199,76,93,89,1.63,92,0.1,26.7,13.9,7,15419,8.9,0,0,10,6.2,0,F,no,ligero
PAC001383,73,118.5,202,29.0,119,94,143,92,90,134,6.4,218,53,153,218,1.24,84,5.2,54.7,14.6,0,2066,9.6,13,9,2,12.8,5,F,si,ligero
PAC001384,59,74.4,162,28.3,100,102,148,111,82,93,4.4,233,56,106,188,0.48,60,8.0,18.9,15.7,0,7867,5.9,14,14,0,13.5,6,F,si,sedentario
PAC001385,66,70.5,140,36.0,114,102,178,93,89,121,5.6,247,55,156,172,0.66,71,3.5,20.8,18.3,6,3915,4.5,16,0,2,16.1,8,F,si,ligero
PAC001386,35,62.0,163,23.3,96,93,110,66,81,60,5.2,177,54,136,40,0.99,113,3.1,21.9,11.5,4,7973,8.5,28,16,0,12.0,10,M,no,sedentario
PAC001387,34,69.5,160,27.1,87,78,107,72,64,80,4.8,158,66,68,50,1.04,98,4.7,41.5,13.6,7,14078,8.4,0,12,4,7.9,2,F,no,ligero
PAC001388,64,75.4,202,18.5,130,100,111,95,75,94,6.5,213,30,172,212,1.31,66,4.0,30.7,10.6,0,631,8.9,14,9,1,9.7,5,M,no,ligero
PAC001389,57,63.6,155,26.5,89,107,154,74,56,75,5.6,153,47,145,135,1.01,92,1.3,35.6,16.1,11,11763,8.7,0,4,6,5.9,2,M,si,activo
PAC001390,18,74.1,169,25.9,91,102,131,66,88,88,5.3,237,57,132,40,1.08,87,2.8,30.8,12.3,6,6701,7.0,6,26,1,9.0,6,F,si,activo
PAC001391,18,97.2,166,35.3,85,111,119,57,55,62,5.0,168,95,171,40,1.39,123,0.8,40.7,15.8,2,15047,7.9,7,0,8,4.0,3,F,si,ligero
PAC001392,66,101.7,205,24.2,132,102,162,91,86,100,8.0,222,31,171,267,1.09,41,5.2,44.3,14.3,0,3443,11.0,0,15,2,8.5,6,M,si,sedentario
PAC001393,70,73.9,147,34.2,111,88,142,91,76,92,5.7,221,64,84,138,0.57,97,2.8,45.5,15.4,0,2269,6.6,13,10,2,16.2,5,F,no,ligero
PAC001394,24,52.0,147,24.1,85,77,127,73,92,93,4.6,110,37,160,65,0.76,98,1.9,36.0,11.9,3,13398,6.8,20,22,1,9.6,7,F,si,sedentario
PAC001395,27,67.8,143,33.2,74,109,128,70,83,89,5.8,191,47,136,93,1.24,83,1.3,28.5,11.6,1,10732,9.8,27,33,3,9.1,10,M,si,ligero
PAC001396,74,83.1,178,26.2,110,116,128,82,84,123,6.5,274,53,230,274,0.96,81,4.8,34.9,15.3,0,500,9.7,14,0,1,5.2,8,F,si,sedentario
PAC001397,18,94.1,173,31.4,89,92,107,69,45,74,4.0,206,63,128,40,1.47,81,4.3,30.5,15.1,7,9856,8.2,0,0,8,3.6,3,F,no,activo
PAC001398,24,83.8,162,31.9,69,104,128,71,65,103,5.6,188,43,124,109,1.02,84,6.4,10.8,13.1,5,4570,7.2,22,31,1,10.8,7,F,no,ligero
PAC001399,83,87.0,140,44.4,111,95,159,98,76,117,5.1,241,37,144,68,0.4,96,3.6,30.5,15.8,1,1666,6.8,1,4,0,8.5,10,F,si,activo
PAC001400,22,76.1,161,29.4,93,86,111,74,85,86,5.9,200,79,77,187,0.88,124,6.6,38.2,13.4,1,2755,9.4,22,11,3,8.0,5,F,no,sedentario
PAC001401,31,53.0,180,16.4,76,87,120,76,64,78,5.1,147,75,71,80,1.08,90,2.9,45.4,13.6,16,8209,8.7,2,10,3,6.1,2,F,si,activo
PAC001402,23,72.3,152,31.3,78,83,110,66,77,100,6.2,138,47,117,230,0.82,102,0.8,24.1,13.1,4,5794,5.5,20,18,2,11.3,7,M,no,ligero
PAC001403,18,62.1,175,20.3,64,91,116,74,76,83,4.3,201,53,129,157,0.85,79,0.3,34.4,13.4,7,4751,7.0,13,23,3,10.9,9,F,si,ligero
PAC001404,36,67.3,165,24.7,77,94,142,77,68,60,5.4,240,75,116,136,0.93,82,1.7,26.2,11.9,4,11737,9.4,23,11,2,9.6,5,F,si,activo
PAC001405,67,73.6,195,19.4,136,112,166,88,75,165,8.0,245,43,216,236,1.1,69,7.0,46.9,17.3,0,3749,10.1,11,12,1,10.7,8,F,si,ligero
PAC001406,52,90.4,182,27.3,108,108,150,84,71,119,6.5,229,43,165,313,1.11,88,4.3,53.1,13.2,1,7524,10.8,7,0,2,11.4,7,M,si,ligero
PAC001407,62,54.6,143,26.7,115,101,153,99,65,94,6.8,187,38,188,112,0.86,71,6.4,36.2,18.1,7,2436,7.5,2,5,4,12.4,3,F,no,sedentario
PAC001408,57,53.9,173,18.0,71,115,110,68,69,72,6.0,179,56,82,121,1.09,104,1.1,42.4,16.8,16,13028,8.8,16,0,5,7.0,5,F,no,sedentario
PAC001409,71,72.3,140,36.9,117,116,166,104,68,92,5.0,218,50,113,188,0.73,83,5.0,36.3,15.8,0,770,5.8,9,2,2,11.1,10,M,si,sedentario
PAC001410,23,55.8,150,24.8,79,99,112,66,77,89,5.6,131,71,108,40,0.98,93,4.9,13.6,11.9,8,11092,7.9,19,22,3,7.4,7,M,si,sedentario
PAC001411,50,107.5,201,26.6,107,95,138,81,78,112,7.0,205,28,150,335,1.49,51,5.3,45.7,15.0,1,6917,8.4,9,0,0,12.2,4,M,no,sedentario
PAC001412,77,87.8,141,44.2,105,107,153,99,68,108,6.0,215,38,146,210,0.46,70,5.9,41.2,16.0,2,3208,5.1,6,8,1,10.1,5,M,no,ligero
PAC001413,50,40.0,173,13.4,74,108,100,63,81,93,4.1,227,77,100,40,1.32,94,3.7,29.1,12.8,12,11209,10.5,4,0,6,5.6,1,M,no,sedentario
PAC001414,44,59.9,165,22.0,87,100,131,87,49,113,5.3,187,74,108,91,1.12,110,2.4,24.2,15.2,5,9111,7.4,0,0,4,4.8,1,F,no,sedentario
PAC001415,30,64.0,189,17.9,74,98,113,60,70,111,5.2,210,68,98,99,1.4,113,0.3,33.6,16.4,11,11729,9.8,0,0,5,9.5,3,M,no,ligero
PAC001416,79,84.0,185,24.5,132,110,144,79,67,121,7.8,278,44,137,220,1.09,66,6.2,43.4,11.7,0,7909,8.7,11,15,0,10.2,9,M,no,sedentario
PAC001417,77,82.6,157,33.5,135,104,164,97,80,105,5.8,209,32,174,92,0.57,61,6.0,21.7,19.0,2,2303,6.3,12,4,3,8.4,5,M,no,ligero
PAC001418,84,94.3,154,39.8,111,96,158,102,85,93,6.5,257,56,158,136,0.76,63,7.1,28.9,16.7,0,2059,4.2,15,18,1,14.6,5,F,no,sedentario
PAC001419,32,62.8,152,27.2,90,96,110,65,66,89,4.2,110,47,89,88,0.96,101,0.8,33.0,15.8,9,13497,6.8,6,0,3,5.9,1,F,no,sedentario
PAC001420,54,123.0,190,34.1,119,101,157,89,82,115,6.6,259,48,153,272,1.22,83,3.4,27.9,15.6,0,2822,8.3,22,7,2,8.3,7,F,no,sedentario
PAC001421,28,82.9,169,29.0,82,93,95,85,94,82,4.9,190,60,101,67,0.96,88,2.2,12.2,11.9,5,14497,8.6,23,28,3,5.2,7,F,si,sedentario
PAC001422,75,97.7,196,25.4,126,97,134,91,57,138,8.1,244,37,145,347,1.15,88,8.1,25.2,12.1,0,500,8.3,20,6,0,11.0,5,M,si,sedentario
PAC001423,58,82.0,205,19.5,90,87,131,91,67,138,7.0,218,37,172,148,1.2,91,9.5,35.5,13.4,1,7323,8.1,11,3,0,9.7,8,F,si,sedentario
PAC001424,53,60.0,140,30.6,88,85,98,78,76,93,5.0,180,71,121,157,0.94,88,1.8,27.3,14.1,7,6577,7.3,10,18,3,6.7,7,F,no,ligero
PAC001425,90,88.0,142,43.6,105,76,168,93,72,124,5.9,182,37,196,96,0.53,87,2.0,37.2,14.5,1,7240,4.6,3,0,5,11.3,8,F,no,ligero
PAC001426,80,97.8,205,23.3,126,108,146,85,81,139,6.8,255,30,180,205,1.24,77,5.5,31.7,17.8,0,946,8.1,17,6,4,10.6,6,F,si,sedentario
PAC001427,34,64.3,164,23.9,82,95,110,79,74,104,4.9,207,38,136,40,0.71,92,1.3,18.5,12.8,2,4608,7.2,21,28,2,9.7,9,M,no,ligero
PAC001428,52,89.2,202,21.9,116,117,137,90,72,132,7.2,265,43,185,276,1.32,54,4.0,37.4,15.8,0,2558,6.3,8,0,2,8.9,7,M,no,ligero
PAC001429,29,89.0,148,40.6,60,83,110,66,53,70,5.1,182,73,102,148,1.31,110,2.1,48.3,15.3,8,12104,10.3,3,2,6,6.2,0,F,no,sedentario
PAC001430,31,55.6,173,18.6,78,101,126,82,74,124,4.5,127,58,98,64,0.81,116,0.1,29.5,15.6,13,15924,6.3,0,5,4,2.3,2,M,si,sedentario
PAC001431,18,67.2,179,21.0,85,94,116,81,92,86,4.0,203,44,97,176,0.71,115,7.6,9.2,12.2,6,8108,8.4,28,11,2,8.1,8,F,no,sedentario
PAC001432,48,66.2,163,24.9,64,88,113,71,74,101,5.1,154,72,133,114,0.94,101,1.3,47.7,13.0,8,10316,8.2,5,0,6,9.6,1,M,no,activo
PAC001433,71,85.3,151,37.4,104,101,145,105,82,101,5.6,230,54,204,132,0.45,83,4.5,35.7,13.8,1,7480,6.0,14,11,5,18.5,6,F,no,ligero
PAC001434,84,79.0,204,19.0,104,107,137,93,90,160,7.2,253,44,206,213,0.88,119,4.2,29.7,15.4,0,3601,8.8,11,9,1,11.2,9,M,no,ligero
PAC001435,33,40.0,168,14.2,68,101,97,102,49,62,4.4,137,60,94,71,0.87,108,1.7,34.5,13.9,10,7456,7.5,1,6,4,7.1,3,F,no,sedentario
PAC001436,63,96.2,195,25.3,122,96,145,73,78,143,6.2,220,40,148,283,1.0,75,5.7,34.7,16.6,0,3610,7.3,4,1,2,10.2,10,F,no,ligero
PAC001437,35,73.5,163,27.7,89,86,116,76,93,78,5.7,118,48,122,89,0.93,76,2.6,18.4,13.0,0,6972,6.6,23,21,1,10.9,7,M,no,activo
PAC001438,30,66.8,156,27.4,74,94,117,62,78,76,5.3,194,57,118,172,0.64,87,1.8,38.6,13.1,2,12363,7.6,15,20,2,8.4,7,F,no,sedentario
PAC001439,62,61.1,147,28.3,97,102,150,96,78,90,5.7,281,56,159,161,0.49,65,0.9,55.5,14.2,0,7556,7.2,7,4,0,14.6,7,M,no,activo
PAC001440,65,85.0,142,42.2,102,106,170,101,85,99,4.5,221,44,135,132,0.4,42,6.9,26.1,18.1,6,8001,5.1,13,6,4,11.7,9,M,no,sedentario
PAC001441,28,65.0,161,25.1,87,95,120,89,92,75,5.5,202,62,88,154,0.88,107,5.0,21.5,9.8,8,8410,8.0,22,21,1,9.4,7,F,si,ligero
PAC001442,39,113.9,192,30.9,102,107,154,75,82,123,6.3,313,41,177,181,1.28,82,4.8,34.4,15.9,1,2850,9.7,12,14,0,10.7,10,F,si,ligero
PAC001443,38,106.8,203,25.9,115,93,150,90,89,147,7.5,228,38,132,274,1.41,72,4.0,24.8,15.7,0,500,10.2,12,9,1,11.7,4,F,si,sedentario
PAC001444,29,66.9,162,25.5,94,89,145,74,79,66,4.6,184,60,95,83,0.96,105,0.1,54.7,11.5,9,12050,9.2,15,6,3,2.0,6,M,no,ligero
PAC001445,18,48.7,153,20.8,70,87,120,76,71,88,6.3,150,90,60,103,0.92,105,0.1,22.8,14.6,8,14933,11.0,9,0,5,2.0,3,F,no,sedentario
PAC001446,59,94.9,140,48.4,90,98,153,106,65,124,5.7,164,46,180,336,0.7,70,3.1,35.9,15.7,0,3692,6.2,10,5,3,11.6,4,F,si,ligero
PAC001447,36,66.0,157,26.8,92,112,106,76,49,84,4.7,152,67,123,115,0.96,81,0.1,43.4,14.5,8,11614,7.2,9,8,6,9.4,0,F,si,activo
PAC001448,67,101.2,162,38.6,113,89,152,98,78,105,6.0,241,61,105,129,0.63,44,6.0,27.4,14.8,0,1158,8.0,8,3,2,15.5,3,M,no,sedentario
PAC001449,85,82.6,140,42.1,109,104,143,90,79,88,6.0,179,55,149,102,0.54,89,5.0,30.3,14.6,3,5321,5.9,4,3,2,11.0,5,M,si,sedentario
PAC001450,18,61.4,159,24.3,77,91,103,84,78,73,5.3,152,58,125,139,0.88,123,4.5,33.3,12.2,5,6990,6.9,23,27,0,7.1,8,M,no,activo
PAC001451,52,88.7,194,23.6,103,105,165,82,80,131,7.9,218,25,118,235,0.98,75,8.1,27.5,17.2,0,3873,8.1,4,0,2,8.0,8,F,si,ligero
PAC001452,80,67.8,143,33.2,112,82,176,77,65,128,5.9,192,56,134,230,0.68,88,3.4,19.2,16.4,2,3717,5.8,6,9,2,17.8,4,M,no,activo
PAC001453,65,91.9,205,21.9,114,105,120,93,94,157,7.2,238,29,133,168,1.05,41,3.7,35.6,13.2,0,2779,8.1,9,6,0,16.6,7,F,si,sedentario
PAC001454,39,61.8,153,26.4,82,111,115,77,58,81,4.0,202,87,82,40,1.42,130,5.5,45.8,13.0,8,12670,9.6,6,8,5,7.0,1,F,si,ligero
PAC001455,65,87.1,152,37.7,117,100,131,106,84,100,6.2,232,28,131,205,0.62,73,4.1,39.2,17.6,4,741,5.9,10,13,2,13.8,4,M,si,ligero
PAC001456,90,93.0,140,47.4,116,98,155,102,75,109,6.4,283,53,97,243,0.73,81,6.6,6.0,15.7,4,5328,4.7,1,7,1,19.5,9,F,no,ligero
PAC001457,18,54.5,149,24.5,81,96,138,86,70,76,4.6,125,51,115,127,1.15,89,3.5,20.7,13.6,8,7098,7.3,17,29,2,12.3,5,M,si,sedentario
PAC001458,81,89.4,148,40.8,89,98,161,89,72,98,6.3,322,25,139,140,0.58,92,5.7,31.7,18.0,0,500,7.6,3,0,0,14.4,6,F,no,ligero
PAC001459,90,76.6,140,39.1,117,108,149,101,72,113,4.9,217,61,131,155,0.58,50,6.4,33.1,16.1,0,2344,6.3,9,0,1,13.1,4,M,no,sedentario
PAC001460,58,85.2,195,22.4,108,110,167,101,79,133,7.8,238,34,208,266,1.36,93,8.2,31.8,12.7,0,3389,8.9,1,3,2,12.7,6,M,si,ligero
PAC001461,34,82.3,162,31.4,74,89,124,70,71,82,4.4,150,52,61,97,0.89,99,3.2,29.4,11.1,9,6050,7.8,19,28,0,8.6,10,M,si,ligero
PAC001462,22,40.0,179,12.5,98,100,134,73,63,85,4.5,194,77,97,91,0.81,85,1.7,46.6,15.1,9,10383,7.6,0,10,8,2.0,5,F,si,ligero
PAC001463,59,88.4,204,21.2,113,107,134,84,99,143,7.0,296,33,186,270,0.85,88,3.8,40.7,13.3,0,3176,9.7,11,12,2,10.7,6,F,si,sedentario
PAC001464,18,59.5,157,24.1,100,96,130,53,88,79,5.0,228,65,126,166,0.9,99,3.5,20.9,11.2,4,8499,6.5,17,25,3,6.0,5,F,no,sedentario
PAC001465,20,56.6,171,19.4,65,93,138,65,63,88,5.3,226,45,125,78,0.85,88,2.1,44.7,14.5,7,11995,9.7,6,0,7,5.5,5,F,no,ligero
PAC001466,78,66.6,205,15.8,112,117,158,76,73,140,7.5,241,32,147,339,1.28,103,3.6,28.4,14.3,0,3475,8.9,0,1,2,9.6,7,F,no,ligero
PAC001467,70,78.3,146,36.7,116,97,159,101,98,96,7.2,195,65,161,160,0.51,83,2.6,13.6,16.4,2,4437,5.3,15,1,1,13.0,7,M,no,sedentario
PAC001468,20,70.7,140,36.1,91,113,123,63,64,97,4.7,182,74,50,40,1.07,91,0.4,47.7,14.8,10,9856,7.7,8,0,3,9.3,6,M,no,ligero
PAC001469,47,81.1,186,23.4,135,90,129,77,96,143,8.1,224,59,114,355,1.21,85,6.4,31.7,14.4,0,3332,7.3,14,6,0,10.4,7,M,no,ligero
PAC001470,81,78.8,140,40.2,102,98,164,105,80,122,7.4,251,34,101,201,0.52,75,6.9,37.6,16.1,0,5748,4.8,4,0,2,11.6,7,F,no,sedentario
PAC001471,31,95.1,181,29.0,116,91,114,79,73,124,7.0,241,37,155,220,1.31,61,6.1,18.0,14.9,2,6539,7.9,8,3,3,13.0,7,M,si,sedentario
PAC001472,83,90.5,160,35.4,118,93,161,99,71,65,7.4,273,29,173,233,0.4,80,3.6,37.0,13.4,0,3344,5.8,7,12,2,13.6,10,M,si,sedentario
PAC001473,55,82.6,182,24.9,125,104,142,82,77,119,7.7,251,50,163,269,1.11,75,4.7,44.0,13.7,0,2012,8.8,0,20,0,14.0,10,F,si,sedentario
PAC001474,70,81.8,150,36.4,108,87,197,93,70,95,7.0,222,64,199,121,0.47,71,7.3,27.3,16.5,3,6211,6.2,10,5,2,14.6,9,M,si,activo
PAC001475,72,87.0,182,26.3,119,101,114,88,76,141,7.1,249,28,138,277,0.86,83,7.8,39.3,14.5,0,500,9.0,8,3,0,10.6,10,M,no,sedentario
PAC001476,23,59.5,169,20.8,74,104,109,86,62,101,4.3,155,68,77,40,0.65,107,0.9,43.1,13.2,9,11372,8.5,8,5,3,4.5,6,M,no,activo
PAC001477,80,69.2,158,27.7,99,96,162,80,64,111,5.6,249,58,150,189,0.47,59,0.6,35.3,14.5,2,2570,5.7,3,13,3,12.9,7,F,si,sedentario
PAC001478,85,83.6,205,19.9,115,100,134,80,74,166,7.1,231,49,155,280,1.28,73,9.1,33.3,14.3,3,7812,10.0,7,5,2,9.6,3,M,no,activo
PAC001479,76,102.6,182,31.0,121,81,167,92,67,152,7.6,246,45,186,211,1.03,61,8.7,47.5,15.7,2,5541,8.4,18,2,2,14.3,5,F,si,activo
PAC001480,23,82.2,155,34.2,60,107,122,69,71,96,4.0,147,86,110,119,1.02,115,3.9,30.3,10.3,8,11513,9.2,23,17,1,7.7,6,M,no,sedentario
PAC001481,59,68.7,148,31.4,102,81,140,110,69,119,5.3,191,57,144,175,0.54,69,4.4,44.6,14.7,3,8410,7.3,1,5,2,7.6,10,F,si,sedentario
PAC001482,88,73.9,156,30.4,98,94,170,102,96,97,7.1,156,46,148,183,0.45,65,6.0,31.5,15.2,1,6949,6.2,18,0,3,16.0,6,M,no,sedentario
PAC001483,31,61.1,169,21.4,82,98,132,81,73,82,4.4,171,70,134,85,0.77,99,1.8,29.1,13.2,10,16199,8.1,9,1,3,2.0,4,F,si,ligero
PAC001484,77,110.7,205,26.3,126,101,172,79,110,128,7.6,235,30,163,293,1.19,97,10.1,40.8,15.1,0,500,9.7,2,19,1,7.4,5,M,si,sedentario
PAC001485,55,93.2,204,22.4,132,119,162,90,87,128,7.4,241,25,135,216,1.53,71,3.2,24.7,14.4,0,3762,10.3,4,0,0,13.6,6,F,si,sedentario
PAC001486,87,88.4,147,40.9,105,92,163,101,75,83,6.4,226,66,125,174,0.65,75,2.6,31.4,18.6,0,2435,6.0,15,9,2,9.6,4,F,si,ligero
PAC001487,18,64.2,176,20.7,68,102,121,75,58,63,6.4,149,62,65,40,1.16,85,0.1,41.0,15.7,9,13865,10.3,4,7,5,8.2,6,M,no,ligero
PAC001488,76,98.0,191,26.9,116,105,139,101,78,105,5.7,225,41,156,226,1.07,75,8.7,24.8,16.1,0,2554,10.0,9,0,0,9.3,5,M,si,sedentario
PAC001489,77,80.9,186,23.4,130,115,133,83,83,155,6.9,240,39,135,223,1.32,62,9.1,48.3,18.1,0,5014,9.4,2,3,0,10.2,5,F,si,sedentario
PAC001490,55,104.3,189,29.2,111,100,168,87,85,102,7.4,255,25,160,181,1.15,72,6.5,40.3,14.6,0,3478,9.5,10,6,0,8.9,10,F,si,sedentario
PAC001491,76,97.4,140,49.7,91,90,165,106,82,92,6.1,241,50,181,170,0.55,84,2.8,37.4,14.5,0,5374,7.4,8,12,1,17.3,7,M,no,sedentario
PAC001492,18,57.2,140,29.2,103,108,123,82,58,91,4.0,178,47,130,70,0.87,130,2.9,42.8,17.3,12,9755,7.8,8,4,4,4.7,1,F,no,ligero
PAC001493,48,83.0,203,20.1,128,109,142,70,70,139,6.9,272,25,119,310,1.22,94,2.8,30.6,13.0,1,2224,10.1,13,6,1,10.2,10,M,no,sedentario
PAC001494,23,43.6,173,14.6,98,103,103,72,60,86,5.3,185,76,109,93,1.38,96,5.5,44.6,17.8,11,10383,9.2,0,22,6,4.2,0,F,no,ligero
PAC001495,86,99.8,158,40.0,113,83,138,120,56,106,4.2,183,34,158,86,0.96,60,3.1,26.7,13.6,2,1719,5.1,17,6,0,14.6,6,M,si,ligero
PAC001496,24,59.3,172,20.0,83,108,119,77,66,76,6.0,214,63,98,88,1.42,102,0.1,37.0,12.7,11,11909,8.3,3,1,7,6.6,3,F,no,ligero
PAC001497,38,94.0,184,27.8,112,121,131,94,85,129,7.4,261,53,158,234,1.2,66,6.8,42.1,15.2,2,4740,9.9,16,3,1,9.1,7,M,si,sedentario
PAC001498,65,78.8,184,23.3,107,108,158,90,71,117,7.5,222,29,177,280,1.27,74,6.6,32.1,16.0,1,2354,8.9,8,1,0,11.1,10,M,si,activo
PAC001499,37,78.7,205,18.7,139,115,133,79,73,138,5.5,239,62,122,216,1.42,74,6.4,32.2,12.7,0,4846,8.9,9,1,2,15.8,6,F,si,ligero
PAC001500,18,54.0,154,22.8,84,93,111,76,80,104,4.7,177,63,140,121,1.07,78,0.7,11.6,11.9,8,10798,6.8,29,16,3,9.8,4,F,no,sedentario
PAC001501,81,82.3,150,36.6,112,103,147,90,71,104,5.6,254,55,152,176,0.63,74,6.6,21.7,15.1,0,5411,6.8,14,0,4,10.6,10,F,no,sedentario
PAC001502,47,117.2,186,33.9,109,112,141,88,82,144,7.4,233,32,123,298,1.21,87,8.4,33.9,14.6,5,6837,11.0,16,9,1,14.0,6,F,si,sedentario
PAC001503,38,41.0,161,15.8,88,96,117,79,86,123,4.8,169,51,129,160,0.63,104,4.2,29.9,12.0,5,11310,8.4,21,28,3,12.4,8,F,no,sedentario
PAC001504,67,87.5,140,44.6,95,95,195,108,81,116,6.0,245,61,157,152,0.79,62,6.1,37.7,14.4,2,1860,4.8,2,7,5,10.1,5,F,si,sedentario
PAC001505,31,85.8,153,36.7,100,75,97,89,83,90,5.6,188,84,65,74,1.27,100,2.9,25.2,8.0,6,7394,10.7,17,27,1,6.1,5,M,no,activo
PAC001506,77,94.3,140,48.1,107,103,155,98,80,112,6.4,228,72,118,163,0.53,82,9.9,48.4,14.8,0,500,7.9,8,0,0,15.4,7,M,no,sedentario
PAC001507,28,69.6,154,29.3,73,108,110,76,78,96,4.0,176,72,112,40,0.96,109,0.7,32.6,15.4,10,13444,10.8,0,6,4,9.3,1,M,no,ligero
PAC001508,69,86.5,157,35.1,115,101,195,99,84,96,5.5,192,53,178,52,0.48,55,0.1,25.0,16.4,0,4858,7.8,10,0,2,13.4,4,M,si,sedentario
PAC001509,73,99.2,205,23.6,110,104,132,77,75,118,8.2,242,25,192,248,1.62,56,8.4,36.5,14.5,0,7673,9.2,0,17,1,5.6,9,F,si,sedentario
PAC001510,18,52.7,162,20.1,90,88,124,60,61,82,5.5,158,66,112,99,0.95,106,3.8,21.0,10.7,7,9150,6.2,25,26,3,9.5,8,M,no,activo
PAC001511,34,59.9,164,22.3,104,108,130,70,100,115,4.9,232,71,82,161,1.19,75,3.7,24.6,13.9,1,8673,8.1,15,21,4,11.9,7,F,no,ligero
PAC001512,60,107.6,196,28.0,112,107,112,74,75,137,7.5,271,40,119,391,1.18,75,7.1,43.6,15.2,0,1601,10.7,24,11,1,11.1,5,F,si,sedentario
PAC001513,73,70.7,145,33.6,102,75,163,103,76,109,6.2,235,45,113,182,0.43,87,4.2,39.8,15.7,8,4570,7.2,15,9,1,11.5,7,M,no,sedentario
PAC001514,85,71.5,153,30.5,110,77,170,89,72,81,5.3,213,50,163,208,0.48,72,4.5,42.5,15.9,1,6540,6.4,5,1,2,14.0,10,F,no,ligero
PAC001515,66,114.8,183,34.3,123,113,127,99,76,129,7.2,260,34,198,396,1.5,72,6.4,44.3,14.6,0,500,11.0,15,6,0,11.3,10,M,no,sedentario
PAC001516,18,41.5,155,17.3,85,94,137,67,75,92,6.9,183,76,125,263,1.04,95,0.1,15.2,11.2,3,7042,8.2,23,31,2,9.3,10,M,si,activo
PAC001517,41,56.0,175,18.3,72,100,125,74,81,104,4.0,149,42,115,57,1.06,64,1.8,16.7,17.4,7,12847,7.0,0,11,6,5.8,4,M,si,sedentario
PAC001518,41,74.4,163,28.0,89,110,103,70,46,71,5.2,161,72,90,48,0.88,82,0.9,47.3,15.5,8,12279,8.0,6,4,6,5.3,2,M,si,activo
PAC001519,64,120.3,150,53.5,100,90,177,104,79,85,6.1,258,56,144,187,0.59,64,3.8,22.0,15.0,0,6933,4.9,0,0,1,13.7,5,M,si,sedentario
PAC001520,46,98.6,197,25.4,113,105,132,89,73,115,6.4,261,28,149,246,1.02,67,8.3,50.8,15.9,0,4277,8.6,7,6,1,13.4,10,M,si,sedentario
PAC001521,52,67.8,199,17.1,109,104,131,101,80,131,7.9,224,40,208,171,1.36,59,5.6,36.8,14.7,0,4857,7.4,0,0,0,13.9,7,M,no,sedentario
PAC001522,18,72.5,168,25.7,89,90,127,77,81,108,4.7,183,63,94,118,1.08,104,5.7,16.1,11.0,3,8993,8.5,18,24,1,9.8,9,F,no,activo
PAC001523,83,87.5,155,36.4,119,103,154,106,67,100,5.7,286,37,107,229,0.49,56,4.1,24.2,17.5,1,1542,7.2,7,0,1,12.0,7,F,si,sedentario
PAC001524,18,71.2,159,28.2,82,106,120,92,80,94,4.8,175,51,183,76,0.99,101,3.1,21.3,13.3,8,4499,8.1,24,22,2,10.3,4,F,no,sedentario
PAC001525,62,55.0,148,25.1,78,102,137,78,69,100,5.6,186,61,101,40,1.09,101,4.7,23.9,13.9,2,12325,7.7,30,19,0,9.8,6,M,no,sedentario
PAC001526,75,88.5,161,34.1,86,98,166,104,86,62,7.1,231,39,131,232,0.63,48,4.6,35.7,15.3,6,500,6.3,7,4,1,14.0,3,M,no,sedentario
PAC001527,34,58.9,170,20.4,69,94,153,70,58,83,6.0,208,66,120,65,1.29,96,1.9,41.7,11.3,12,10115,7.9,0,0,6,7.3,4,M,no,activo
PAC001528,69,76.1,197,19.6,123,114,141,91,72,165,6.7,232,35,112,312,1.15,80,6.4,54.2,15.1,0,500,9.9,9,0,3,16.7,10,M,no,ligero
PAC001529,53,87.2,151,38.2,90,89,157,106,92,80,6.2,293,36,152,207,0.63,76,3.7,20.0,17.0,4,3676,6.1,17,17,1,20.0,2,M,no,sedentario
PAC001530,68,106.6,140,54.4,117,85,158,108,70,117,5.6,190,49,102,185,0.41,55,5.7,33.6,13.5,0,6018,6.5,17,3,1,14.2,10,M,no,ligero
PAC001531,74,65.5,205,15.6,110,108,123,94,75,141,6.7,254,37,138,272,0.86,57,9.1,36.6,15.1,0,661,10.0,13,1,3,16.0,7,M,no,sedentario
PAC001532,36,45.1,176,14.6,68,107,125,75,79,63,5.5,144,66,108,66,1.19,111,0.1,56.8,16.3,11,10873,8.0,7,12,6,9.5,2,F,no,sedentario
PAC001533,39,69.8,167,25.0,68,102,117,71,59,76,4.2,204,25,85,87,1.0,93,0.9,50.0,15.8,6,12007,7.3,2,0,4,9.6,0,M,no,activo
PAC001534,78,81.0,192,22.0,118,81,158,94,75,107,7.4,266,46,195,299,1.2,65,6.6,33.0,16.3,0,1769,9.4,15,18,2,8.9,4,M,si,ligero
PAC001535,30,65.0,152,28.1,90,90,104,72,72,82,4.6,183,53,109,208,0.51,92,4.4,10.7,11.5,4,9674,6.3,11,29,3,8.9,6,F,no,ligero
PAC001536,45,48.9,168,17.3,90,95,126,75,81,83,6.1,147,51,82,192,0.61,105,4.2,29.8,12.5,7,13886,8.3,15,19,1,7.5,9,F,si,sedentario
PAC001537,53,83.5,186,24.1,92,104,162,98,76,119,7.5,255,31,146,258,1.29,37,9.7,52.3,16.5,2,1082,8.6,0,5,1,12.6,10,M,si,sedentario
PAC001538,90,75.3,145,35.8,100,87,163,93,78,96,4.6,276,38,117,111,0.61,89,1.2,14.0,16.1,5,3690,5.8,0,0,2,8.3,7,F,si,sedentario
PAC001539,28,57.1,165,21.0,84,100,121,64,100,75,6.3,213,53,120,70,1.04,104,2.5,15.7,12.7,2,5297,7.0,16,32,0,4.3,5,F,no,sedentario
PAC001540,90,83.0,140,42.3,93,81,162,114,87,97,5.7,241,48,136,140,0.78,64,6.4,26.3,14.0,6,2659,6.3,8,0,4,13.5,9,F,si,sedentario
PAC001541,58,83.3,148,38.0,137,87,160,81,82,125,5.7,225,50,134,64,0.4,76,2.3,31.1,14.9,2,2497,7.2,12,4,2,12.5,9,F,no,ligero
PAC001542,29,56.3,169,19.7,86,84,105,78,71,60,5.9,188,53,168,40,1.04,101,3.2,28.7,14.5,6,11771,9.9,0,0,5,3.8,1,M,si,activo
PAC001543,47,109.6,187,31.3,110,95,121,81,91,131,6.7,257,38,108,231,1.41,77,8.3,31.1,15.3,1,4652,8.5,18,11,1,10.2,4,M,si,sedentario
PAC001544,18,71.5,159,28.3,85,88,117,81,79,79,5.3,126,56,117,189,1.02,116,3.7,15.7,9.6,10,9608,9.5,17,7,3,12.2,7,M,no,sedentario
PAC001545,48,115.4,196,30.0,128,115,135,83,76,129,6.8,253,51,148,234,1.49,65,7.0,38.2,14.0,0,3627,9.1,16,13,1,8.4,6,F,si,sedentario
PAC001546,23,40.0,178,12.6,94,80,112,81,62,87,4.4,157,69,55,83,0.94,75,0.1,33.7,12.7,12,14196,10.0,0,0,7,7.2,3,F,si,ligero
PAC001547,44,44.1,163,16.6,81,95,122,62,52,86,4.0,159,71,72,157,0.86,100,2.2,33.6,11.7,11,15040,8.7,4,0,6,3.2,0,F,no,ligero
PAC001548,18,86.4,157,35.1,88,82,134,63,91,83,5.7,173,37,122,69,1.23,107,3.4,30.0,11.8,6,6666,7.5,15,24,1,8.7,10,F,si,sedentario
PAC001549,18,63.2,169,22.1,83,75,123,71,56,116,4.2,169,63,45,155,1.23,91,3.8,40.7,13.7,9,10581,8.8,6,10,4,4.6,1,F,no,ligero
PAC001550,38,63.8,161,24.6,107,75,120,69,78,101,4.2,229,69,122,131,0.54,130,3.6,27.9,12.3,7,6883,6.8,16,21,2,7.7,7,M,no,sedentario
PAC001551,18,53.7,157,21.8,91,113,96,68,58,69,4.8,179,48,82,53,0.9,88,2.3,30.7,15.3,9,12836,8.6,0,0,8,3.9,4,M,no,ligero
PAC001552,59,104.4,199,26.4,133,96,132,90,81,136,6.4,223,38,139,275,1.15,70,5.6,23.8,15.2,0,4895,8.9,8,1,3,11.5,8,F,no,ligero
PAC001553,24,87.6,167,31.4,107,110,130,76,61,91,4.5,185,59,111,227,0.92,103,4.8,26.7,10.8,2,12345,8.5,22,10,1,10.6,7,F,si,ligero
PAC001554,88,96.0,150,42.7,133,93,160,94,83,105,5.8,166,49,155,211,0.45,75,1.5,28.0,13.6,1,5139,6.3,5,4,3,10.8,5,M,si,sedentario
PAC001555,18,43.6,154,18.4,81,103,110,71,55,101,5.1,210,62,116,40,0.97,70,0.3,13.3,15.1,8,11129,6.4,0,0,5,5.1,2,F,si,sedentario
PAC001556,23,52.3,167,18.8,91,94,112,81,58,93,4.9,190,79,130,73,0.69,105,1.0,50.2,12.3,11,12145,7.9,8,0,8,7.0,0,M,si,ligero
PAC001557,56,100.9,154,42.5,120,97,156,103,82,105,6.9,174,81,129,216,0.42,81,3.4,27.7,16.8,2,3638,5.6,3,8,0,16.9,8,F,si,sedentario
PAC001558,24,44.6,152,19.3,85,75,109,80,91,107,5.5,197,67,199,162,1.18,119,2.9,18.8,11.6,1,9715,8.8,14,26,4,3.8,9,F,si,ligero
PAC001559,90,78.2,153,33.4,90,95,176,81,84,98,5.4,247,43,124,168,0.48,47,3.4,45.5,18.0,0,5700,6.8,17,7,1,13.6,8,M,si,ligero
PAC001560,25,87.5,155,36.4,93,103,121,75,58,88,5.9,206,65,108,58,1.26,104,2.2,52.9,14.8,6,12657,7.3,0,0,4,2.0,6,F,si,sedentario
PAC001561,51,71.6,178,22.6,74,87,123,63,72,70,5.1,148,87,88,80,0.84,105,0.1,22.9,14.3,9,15904,6.1,0,2,4,3.9,2,F,no,sedentario
PAC001562,31,71.9,169,25.2,92,103,128,79,89,71,5.6,137,60,124,91,1.0,77,0.9,23.6,9.8,8,6641,8.7,13,20,2,8.3,8,M,no,sedentario
PAC001563,27,66.4,145,31.6,86,101,113,78,67,110,4.6,182,63,152,95,1.12,55,2.5,36.3,11.6,4,4622,8.7,12,27,0,10.8,3,F,no,activo
PAC001564,18,54.8,142,27.2,60,108,115,54,94,115,4.9,175,42,95,205,0.68,101,0.1,32.6,11.0,5,6009,10.2,6,24,0,8.1,8,F,no,sedentario
PAC001565,82,78.4,150,34.8,101,95,166,113,79,146,6.1,235,40,139,223,0.49,69,6.7,33.5,14.0,0,2469,3.0,3,8,4,9.7,10,M,no,ligero
PAC001566,18,49.9,161,19.3,76,110,98,77,59,73,5.1,172,68,146,85,1.01,112,0.1,34.5,14.2,9,14319,8.3,8,5,8,5.1,3,F,si,ligero
PAC001567,40,82.4,154,34.7,86,89,132,73,56,74,5.2,195,78,137,105,1.24,72,0.9,14.1,14.8,6,14001,8.8,0,0,5,2.0,3,F,si,ligero
PAC001568,25,75.3,160,29.4,71,102,94,94,68,96,4.2,193,54,181,108,0.78,104,1.8,25.3,11.9,2,5867,9.6,21,16,1,14.9,8,M,no,activo
PAC001569,76,102.1,161,39.4,121,91,150,118,68,143,5.5,230,65,125,174,0.54,67,3.3,40.7,16.9,3,2939,7.1,5,4,4,13.5,8,F,si,activo
PAC001570,21,88.6,171,30.3,78,94,90,71,65,85,4.8,155,65,101,150,1.24,106,0.5,50.3,15.6,9,9578,8.0,6,2,3,2.0,3,M,no,ligero
PAC001571,18,79.4,165,29.2,82,91,115,82,88,69,6.6,217,61,124,201,0.93,75,1.5,32.4,10.6,8,3539,7.9,5,30,0,9.9,8,F,no,activo
PAC001572,72,100.8,204,24.2,95,82,157,95,67,130,7.8,269,37,121,339,1.02,82,10.8,41.8,16.2,0,4204,7.6,12,12,0,12.1,8,M,si,sedentario
PAC001573,72,87.8,143,42.9,100,75,184,82,89,100,4.6,205,25,134,283,0.52,68,7.8,26.8,17.8,2,10186,5.6,9,11,4,16.7,3,M,no,sedentario
PAC001574,61,80.5,177,25.7,81,117,136,68,60,77,4.6,174,62,98,167,0.94,79,0.1,33.2,16.1,8,14547,7.4,0,0,6,12.4,0,M,no,sedentario
PAC001575,90,80.1,158,32.1,120,95,158,96,76,110,5.3,279,25,122,174,0.4,85,6.2,43.0,14.9,0,3935,4.3,3,6,1,12.4,7,M,no,sedentario
PAC001576,52,87.5,193,23.5,117,104,124,88,88,128,7.5,189,65,185,275,1.46,60,6.7,28.1,13.4,0,500,8.9,5,0,0,12.3,10,M,no,sedentario
PAC001577,80,96.5,192,26.2,119,86,135,77,77,128,7.1,215,51,147,286,0.88,48,3.4,23.6,14.3,4,3359,7.5,7,6,4,10.2,9,F,no,sedentario
PAC001578,90,78.8,149,35.5,110,87,178,106,78,129,6.1,213,36,103,277,0.47,91,3.5,31.4,17.3,1,6787,5.8,10,10,3,11.8,10,F,si,sedentario
PAC001579,65,70.1,140,35.8,115,102,163,99,58,90,6.4,197,38,127,173,0.46,71,0.1,26.0,18.1,6,4903,5.7,8,0,6,13.2,5,F,si,ligero
PAC001580,18,75.9,145,36.1,88,90,117,76,80,84,5.4,195,49,104,40,0.87,91,2.7,21.6,12.5,3,8025,6.7,17,26,2,9.7,8,M,no,ligero
PAC001581,35,67.3,171,23.0,84,75,148,74,75,81,5.3,226,52,71,136,1.19,78,1.0,33.0,12.1,7,6065,7.3,20,30,1,8.5,7,F,no,sedentario
PAC001582,26,57.8,185,16.9,72,118,136,87,66,113,5.4,169,80,69,102,1.12,90,0.1,32.6,14.1,12,14077,9.4,0,6,6,2.0,6,F,no,activo
PAC001583,21,57.2,159,22.6,81,87,126,64,87,73,4.7,200,49,118,73,0.99,66,1.0,33.5,12.9,4,4731,7.2,21,27,0,12.3,8,F,no,ligero
PAC001584,43,79.6,150,35.4,97,87,138,63,80,102,4.9,182,50,73,116,0.75,101,0.9,31.0,11.8,8,4001,9.0,18,33,4,8.8,9,F,si,ligero
PAC001585,31,68.0,162,25.9,66,100,107,77,67,62,4.0,198,67,91,46,0.93,128,0.1,16.0,14.0,9,9090,7.6,0,3,9,9.4,1,M,no,activo
PAC001586,90,82.9,150,36.8,91,94,150,88,82,100,4.8,226,55,76,176,0.75,55,8.1,41.6,17.5,0,3843,6.9,12,4,0,13.3,7,F,si,ligero
PAC001587,86,100.7,184,29.7,130,114,146,91,78,150,6.6,324,34,148,268,1.26,85,7.9,35.2,17.5,1,500,10.1,16,7,0,9.2,9,F,si,sedentario
PAC001588,37,98.6,183,29.4,79,98,99,65,95,91,4.0,185,55,60,88,0.77,130,4.5,6.2,11.7,8,8135,9.0,20,35,1,4.9,8,M,no,activo
PAC001589,67,85.0,198,21.7,110,108,125,99,93,142,7.0,247,34,134,309,0.97,83,3.9,29.9,14.6,0,9838,8.9,5,1,3,8.5,9,M,no,sedentario
PAC001590,47,86.0,196,22.4,145,108,126,101,82,120,7.2,186,34,138,364,1.25,81,5.0,19.4,16.3,1,3592,8.7,20,4,2,9.7,8,F,si,sedentario
PAC001591,76,103.3,155,43.0,103,97,166,94,82,117,6.4,229,26,148,102,0.72,72,5.2,35.6,14.5,7,2805,5.5,31,0,1,13.7,5,F,si,sedentario
PAC001592,18,68.9,159,27.3,80,97,96,61,64,118,5.1,152,68,87,151,1.0,99,0.1,38.8,14.0,8,11101,8.5,9,0,7,8.8,0,F,no,activo
PAC001593,64,110.4,201,27.3,105,113,142,83,68,157,7.1,225,38,145,272,0.9,91,6.6,35.7,13.3,0,500,10.2,6,0,3,17.3,8,F,no,sedentario
PAC001594,30,68.2,175,22.3,82,108,122,74,45,68,6.1,193,64,125,184,0.99,81,0.1,34.0,15.2,8,11289,8.7,0,5,7,3.9,0,F,no,activo
PAC001595,56,56.9,164,21.2,91,106,112,63,59,93,5.5,162,73,88,72,0.89,102,1.9,32.8,14.1,10,11347,8.8,3,1,1,5.5,5,M,no,sedentario
PAC001596,18,59.8,140,30.5,82,96,112,82,74,86,4.5,194,71,131,58,1.22,99,1.2,31.2,10.9,13,12224,7.2,0,2,3,7.6,4,F,no,activo
PAC001597,35,78.7,173,26.3,113,91,130,63,64,68,5.7,151,55,109,136,0.94,98,1.0,22.5,12.3,8,8274,9.7,0,23,1,8.2,6,F,si,sedentario
PAC001598,66,94.3,196,24.5,135,88,136,100,70,128,8.6,259,54,158,168,0.93,58,9.3,31.4,17.9,0,7709,9.0,16,2,2,9.7,9,F,si,sedentario
PAC001599,82,69.9,150,31.1,94,101,162,87,93,80,6.0,172,77,185,243,0.63,42,4.6,28.5,14.5,0,7371,5.4,11,0,0,9.6,7,F,si,sedentario
PAC001600,39,86.0,146,40.3,101,94,172,96,83,100,6.7,221,53,186,153,0.62,93,5.5,28.6,17.7,2,7307,5.9,11,5,4,12.4,8,M,no,ligero
PAC001601,34,66.8,184,19.7,72,99,113,71,58,79,5.2,205,52,50,128,0.98,107,0.1,38.6,14.8,3,13469,9.5,5,4,4,9.8,1,F,no,sedentario
PAC001602,86,59.0,161,22.8,112,98,184,83,87,133,5.0,260,30,63,237,0.46,65,7.1,16.9,17.1,0,9744,5.5,13,0,5,11.9,4,F,no,ligero
PAC001603,18,52.1,152,22.6,94,87,114,84,70,95,5.8,205,85,87,104,0.67,121,3.7,14.2,11.8,4,9411,7.4,27,27,2,8.6,10,F,no,ligero
PAC001604,66,73.2,202,17.9,113,97,142,91,88,143,8.2,267,36,123,161,0.99,70,3.4,36.1,17.0,1,3273,7.1,3,8,2,16.0,4,M,no,ligero
PAC001605,68,82.4,149,37.1,113,93,144,108,76,98,5.9,169,58,146,216,0.42,59,5.3,38.3,17.2,2,7095,6.1,8,7,1,6.7,8,F,no,sedentario
PAC001606,49,85.8,185,25.1,102,106,152,93,91,109,6.7,183,27,168,338,1.14,102,3.0,31.8,11.9,0,668,8.1,14,11,1,12.7,9,F,no,sedentario
PAC001607,63,102.5,205,24.4,124,116,136,83,73,131,7.3,244,25,140,127,1.37,97,7.8,37.5,15.3,0,3775,8.4,12,0,2,8.6,7,M,no,sedentario
PAC001608,54,91.4,188,25.9,98,118,119,81,92,122,8.2,196,36,186,332,1.28,91,5.0,37.0,16.8,0,7129,8.0,27,12,0,10.7,7,F,no,sedentario
PAC001609,46,102.9,193,27.6,120,103,112,86,73,140,6.5,253,55,142,277,1.5,94,3.7,36.7,13.0,0,5993,7.9,8,0,2,11.1,10,F,no,ligero
PAC001610,73,83.6,140,42.7,103,108,159,96,88,86,5.2,173,25,105,177,0.95,65,5.3,37.8,18.7,0,7514,5.3,15,9,5,15.6,8,F,si,sedentario
PAC001611,29,40.0,150,17.8,100,76,126,77,83,83,6.4,197,78,102,179,0.95,47,6.2,8.2,14.3,7,1637,8.0,9,33,3,6.1,6,M,no,ligero
PAC001612,59,80.7,157,32.7,109,81,139,112,72,98,6.1,254,38,124,230,0.59,68,4.8,11.5,15.2,2,6306,4.5,5,2,3,13.3,7,F,si,sedentario
PAC001613,80,99.3,205,23.6,109,96,132,85,78,141,7.6,238,42,168,309,1.26,73,6.1,47.2,13.2,0,6054,10.7,12,0,2,9.1,8,F,si,sedentario
PAC001614,19,61.1,151,26.8,92,104,90,68,82,87,4.5,172,63,113,125,0.74,98,7.9,26.3,12.9,6,7373,7.4,29,33,2,9.7,10,F,no,ligero
PAC001615,52,66.9,167,24.0,90,91,101,83,52,99,5.9,198,41,102,90,1.08,119,0.1,35.4,14.5,8,10231,7.3,0,0,5,5.0,6,M,no,sedentario
PAC001616,51,72.3,176,23.3,89,77,117,68,90,94,6.6,227,76,78,84,0.65,112,2.3,27.0,12.9,8,9080,7.7,17,14,2,11.6,10,F,si,sedentario
PAC001617,18,68.9,149,31.0,91,97,129,69,69,98,4.3,198,39,73,51,0.69,109,3.5,5.0,9.9,9,8179,7.8,31,26,0,8.8,7,F,no,ligero
PAC001618,90,79.2,146,37.2,112,87,142,114,88,112,5.2,232,34,168,212,0.69,74,5.8,27.6,17.4,1,4308,5.1,24,5,3,9.3,6,M,si,sedentario
PAC001619,18,74.1,145,35.2,93,97,118,71,81,98,4.9,197,53,150,127,1.19,79,4.2,34.6,13.2,0,10554,9.0,26,14,0,9.3,10,M,no,activo
PAC001620,28,71.9,167,25.8,87,106,103,75,65,89,5.1,217,59,92,106,1.34,114,0.4,46.0,17.2,12,16528,8.4,0,6,6,10.1,1,M,si,ligero
PAC001621,18,55.5,149,25.0,92,96,124,66,100,101,4.1,185,64,77,40,0.72,84,5.0,12.4,11.0,4,6548,7.2,12,31,0,10.9,9,F,no,sedentario
PAC001622,64,118.4,202,29.0,123,82,140,82,85,104,6.0,268,56,194,229,1.11,97,7.1,30.0,15.5,0,1497,7.8,14,7,2,13.4,9,F,si,ligero
PAC001623,39,69.0,144,33.3,90,107,113,74,85,116,5.1,142,65,158,110,0.93,87,0.1,31.0,11.3,0,10673,7.6,16,19,3,9.0,4,M,no,sedentario
PAC001624,53,61.9,176,20.0,69,75,116,69,59,84,5.4,206,69,113,86,0.84,124,0.1,33.2,12.7,8,11321,8.0,0,9,4,8.5,1,M,si,sedentario
PAC001625,47,54.0,150,24.0,100,75,115,64,67,82,5.3,213,95,158,139,0.73,77,2.0,24.3,11.3,9,8261,9.2,20,21,0,14.8,5,F,no,ligero
PAC001626,33,55.4,158,22.2,86,92,114,75,77,78,4.9,202,66,40,90,1.01,111,6.5,26.4,11.8,3,12400,6.6,14,36,1,7.6,2,M,si,sedentario
PAC001627,22,54.5,150,24.2,79,90,125,64,53,102,6.1,144,58,131,40,1.11,124,1.8,39.6,15.0,12,9929,11.0,23,6,5,3.2,5,F,no,sedentario
PAC001628,22,53.6,161,20.7,80,106,141,86,67,87,5.0,171,63,144,128,0.82,122,2.5,48.0,15.2,9,11418,8.6,0,3,5,6.1,4,F,no,activo
PAC001629,75,78.4,154,33.1,116,97,146,94,80,116,6.1,204,39,90,176,0.65,83,7.0,36.1,16.0,2,5429,4.6,0,0,1,11.1,5,M,no,sedentario
PAC001630,62,78.8,148,36.0,94,98,197,110,71,100,5.8,244,66,184,130,0.45,68,2.0,12.6,16.6,0,5663,6.5,9,6,3,15.7,4,M,si,sedentario
PAC001631,30,72.1,188,20.4,97,104,108,59,57,65,4.7,214,61,114,74,0.74,106,1.2,36.6,15.8,6,12673,8.0,0,0,5,2.0,4,M,no,activo
PAC001632,81,80.2,158,32.1,117,103,146,114,73,116,6.2,206,56,94,194,0.6,78,6.5,36.6,16.2,0,952,8.2,19,0,1,12.2,5,M,si,sedentario
PAC001633,65,97.5,197,25.1,108,108,121,63,67,144,8.9,266,25,167,238,0.81,74,6.9,33.0,15.0,0,4728,7.7,15,10,0,13.1,5,M,si,sedentario
PAC001634,42,40.0,155,16.6,89,97,119,70,65,65,5.0,144,54,107,56,1.12,122,0.1,32.0,14.4,12,16022,8.3,0,5,7,4.7,2,F,no,ligero
PAC001635,43,76.8,200,19.2,98,94,148,93,76,138,6.8,217,57,149,289,1.37,67,4.6,28.9,12.8,0,2113,10.9,8,0,2,11.3,8,M,no,ligero
PAC001636,18,81.2,154,34.2,87,97,129,80,87,85,5.5,173,51,84,103,1.27,74,0.9,39.8,12.4,5,9420,7.2,15,20,5,8.4,8,F,no,sedentario
PAC001637,18,40.0,176,12.9,80,75,116,65,66,91,4.5,201,73,97,43,1.16,110,0.1,38.5,14.4,13,6464,9.7,1,3,7,5.9,5,F,no,ligero
PAC001638,49,114.5,200,28.6,121,90,125,87,91,139,6.9,215,27,180,276,1.48,74,7.4,27.0,15.5,4,4185,9.4,8,14,3,4.3,8,M,si,sedentario
PAC001639,88,84.4,189,23.6,91,95,115,88,86,139,7.6,222,25,185,241,1.25,96,6.3,44.9,15.8,0,2609,8.8,18,0,0,11.3,6,M,si,sedentario
PAC001640,50,84.7,198,21.6,135,89,128,86,63,151,7.3,235,25,127,346,1.29,89,10.5,22.2,12.6,0,2804,10.2,10,4,2,13.7,10,M,si,ligero
PAC001641,19,46.4,160,18.1,60,89,110,81,62,102,4.5,152,85,129,42,0.98,78,0.6,47.3,14.8,11,11160,7.1,0,10,6,6.4,1,F,no,sedentario
PAC001642,18,81.6,152,35.3,71,85,127,76,59,75,5.9,151,34,127,66,1.46,116,0.1,28.2,14.3,12,13557,7.6,2,2,8,5.1,0,M,no,activo
PAC001643,55,91.7,162,34.9,94,106,117,76,70,93,4.0,131,66,106,40,1.25,110,0.1,42.8,14.5,4,13800,8.8,5,0,7,6.1,2,F,no,activo
PAC001644,32,99.6,157,40.4,70,115,132,63,71,60,4.7,200,54,139,132,0.97,101,3.2,40.6,10.4,7,10897,6.3,12,25,0,10.1,7,M,no,ligero
PAC001645,67,75.4,154,31.8,80,82,178,99,64,89,5.8,211,54,126,217,0.93,88,0.5,43.5,14.1,0,1712,5.6,0,16,2,11.9,8,F,si,sedentario
PAC001646,34,71.2,163,26.8,79,113,108,75,70,117,5.7,188,64,122,43,0.86,94,2.9,47.2,16.2,11,12415,6.8,7,0,5,5.9,6,F,no,activo
PAC001647,18,69.1,167,24.8,89,117,121,68,70,99,5.8,135,63,102,85,1.31,96,0.1,37.4,14.7,9,13126,11.0,0,6,7,5.5,6,M,no,sedentario
PAC001648,78,106.9,204,25.7,117,88,120,81,81,159,7.4,268,33,162,305,1.01,69,8.2,22.4,15.0,0,995,7.0,8,0,3,12.6,4,F,si,sedentario
PAC001649,49,76.4,156,31.4,81,81,130,62,85,81,4.7,231,36,112,160,1.17,93,2.3,16.5,9.1,5,3710,9.9,24,29,0,9.4,10,F,si,ligero
PAC001650,81,80.3,195,21.1,125,90,134,73,90,120,7.0,195,35,171,275,1.2,70,4.1,19.2,14.6,0,3573,8.9,14,22,1,7.5,5,F,si,activo
PAC001651,36,81.8,160,32.0,88,101,105,59,69,66,5.1,194,63,145,141,0.99,98,0.1,37.8,11.3,7,14491,7.2,0,0,3,2.0,3,M,no,activo
PAC001652,18,49.6,180,15.3,70,85,119,68,90,115,6.2,184,55,116,174,1.04,103,3.4,18.5,10.2,6,8400,8.6,13,16,2,10.0,10,F,no,sedentario
PAC001653,18,76.4,172,25.8,60,107,92,79,66,88,5.6,180,63,143,94,0.94,93,0.1,36.9,15.4,8,13364,7.0,3,2,8,8.6,4,F,no,ligero
PAC001654,20,78.5,159,31.1,80,100,111,64,88,73,5.1,146,67,75,50,0.99,77,5.0,16.2,13.1,5,12517,7.8,20,18,0,8.6,10,M,no,ligero
PAC001655,18,75.5,170,26.1,111,81,112,80,66,78,6.1,207,54,89,159,1.1,81,5.7,42.6,13.1,3,6600,9.0,10,32,3,10.2,7,M,si,sedentario
PAC001656,77,95.1,152,41.2,103,105,149,118,76,120,5.8,192,60,160,134,0.85,61,7.3,23.4,17.3,0,500,7.9,20,0,3,12.3,8,M,si,ligero
PAC001657,82,79.1,141,39.8,108,121,174,92,89,89,6.1,230,52,92,183,0.46,63,7.4,30.3,16.6,2,6436,4.6,1,2,1,13.4,6,M,no,ligero
PAC001658,83,79.1,190,21.9,81,106,127,79,84,99,7.6,300,28,164,284,1.28,57,7.7,37.6,16.5,0,2535,8.3,2,2,0,7.8,4,M,si,sedentario
PAC001659,90,90.1,161,34.8,117,92,157,104,68,91,5.1,191,50,125,237,0.64,85,2.0,60.0,17.5,0,3418,6.4,0,8,4,12.1,9,M,no,sedentario
PAC001660,79,89.3,204,21.5,101,83,149,84,80,117,7.8,223,46,154,249,0.96,80,7.1,44.7,18.0,0,1350,10.1,15,6,3,12.3,5,M,no,ligero
PAC001661,37,52.6,175,17.2,64,97,133,62,57,74,4.6,201,62,99,94,0.99,113,0.1,21.8,15.2,5,16263,9.8,7,7,5,5.1,1,F,si,activo
PAC001662,21,85.9,170,29.7,68,106,134,64,59,64,5.8,170,72,84,131,1.14,108,1.6,53.1,12.8,8,14418,9.5,1,8,5,5.5,2,M,no,ligero
PAC001663,58,76.4,144,36.8,91,113,159,96,53,99,6.2,247,60,157,162,0.59,78,7.1,34.5,16.0,2,3378,5.6,7,6,3,14.3,6,M,si,sedentario
PAC001664,45,59.6,164,22.2,76,108,113,77,64,114,5.1,188,51,93,72,1.33,110,0.6,43.8,15.3,4,10710,7.7,0,0,4,8.3,3,F,si,activo
PAC001665,57,78.6,192,21.3,118,113,143,96,80,113,7.1,272,43,194,213,1.37,67,7.4,39.6,11.0,1,4240,10.3,6,8,2,13.6,9,M,si,sedentario
PAC001666,18,69.4,151,30.4,92,91,141,71,84,91,4.5,199,70,150,169,0.94,102,4.8,17.9,10.0,7,3610,5.8,14,20,2,4.5,7,F,si,ligero
PAC001667,18,52.0,150,23.1,70,87,96,69,97,96,4.4,199,60,118,77,1.14,97,1.0,28.6,12.8,7,7907,9.5,18,25,0,8.8,7,M,si,sedentario
PAC001668,18,68.3,169,23.9,86,116,139,71,82,85,5.5,210,47,112,75,0.83,100,0.9,5.0,11.8,2,7900,7.2,12,23,2,4.5,9,F,no,activo
PAC001669,90,93.6,154,39.5,87,99,161,106,75,84,5.5,273,44,92,194,0.59,96,0.1,24.1,16.1,0,1052,5.5,13,8,1,12.6,3,M,no,sedentario
PAC001670,74,80.3,202,19.7,133,108,124,92,68,143,7.9,232,31,138,272,1.44,70,6.8,41.8,17.7,2,6484,8.7,13,0,1,13.5,5,F,si,activo
PAC001671,73,97.9,189,27.4,111,108,116,88,77,133,9.1,291,44,203,230,1.02,83,2.9,25.9,14.6,0,3542,9.6,27,9,0,12.8,9,M,si,ligero
PAC001672,53,91.7,147,42.4,104,113,157,94,74,94,6.2,243,41,114,164,0.69,75,5.8,35.7,15.9,2,1436,6.2,11,0,3,14.1,3,F,si,ligero
PAC001673,56,103.0,203,25.0,102,109,159,76,96,147,7.2,240,42,135,287,1.16,68,5.2,27.0,15.6,0,5727,10.2,25,11,3,14.5,10,M,si,activo
PAC001674,18,67.6,168,24.0,77,109,104,82,74,82,6.5,196,58,61,186,0.96,90,3.3,39.7,15.3,7,10122,7.1,0,2,6,4.7,4,M,si,activo
PAC001675,26,49.0,184,14.5,93,89,135,67,48,64,6.2,175,49,64,61,1.27,112,0.1,37.3,12.8,6,13137,8.9,0,0,3,9.2,2,F,no,sedentario
PAC001676,40,67.7,162,25.8,92,96,99,72,80,86,5.7,165,76,88,40,1.2,122,0.5,32.7,12.6,7,11943,8.1,9,0,5,4.1,1,M,si,activo
PAC001677,67,74.4,156,30.6,98,90,161,81,88,115,5.5,213,33,112,181,0.55,67,7.0,40.4,17.9,5,4027,4.8,18,0,0,14.9,10,F,si,sedentario
PAC001678,38,88.8,144,42.8,93,126,166,106,65,77,6.1,255,52,129,272,0.63,59,9.3,32.5,17.3,1,8685,6.9,3,2,1,7.9,4,M,no,ligero
PAC001679,31,90.1,163,33.9,73,97,102,73,61,69,5.1,110,63,123,42,0.88,120,2.5,26.3,15.9,5,15239,10.3,0,0,8,8.6,4,M,no,activo
PAC001680,85,91.7,205,21.8,121,119,128,90,83,122,7.2,255,60,157,238,1.2,46,8.6,26.3,16.0,1,2417,8.8,8,5,2,10.3,10,M,si,sedentario
PAC001681,23,40.0,169,14.0,102,91,125,78,78,76,4.0,151,77,123,76,1.17,126,0.1,40.2,14.6,13,12050,8.0,0,7,6,8.0,6,M,no,ligero
PAC001682,65,100.6,142,49.9,88,89,167,92,74,94,6.5,230,46,130,113,0.7,66,6.8,26.4,16.9,3,7539,8.0,11,0,0,13.4,2,M,no,sedentario
PAC001683,87,85.7,200,21.4,107,103,149,89,70,114,7.2,213,46,141,245,1.23,66,10.0,36.4,16.6,0,3013,9.4,6,13,2,7.4,6,F,si,sedentario
PAC001684,18,66.0,143,32.3,107,87,101,77,102,104,5.4,199,36,96,89,1.29,92,3.5,22.6,12.3,6,6951,9.4,10,33,2,9.0,5,M,si,sedentario
PAC001685,40,48.8,171,16.7,71,108,119,68,72,93,5.4,157,45,147,131,1.28,86,0.1,40.1,14.2,9,13874,10.3,5,6,6,7.6,0,M,no,activo
PAC001686,18,46.1,165,16.9,84,103,116,55,73,97,4.3,152,66,133,126,1.22,105,2.8,15.2,15.4,9,10798,7.4,0,1,4,5.8,2,M,si,ligero
PAC001687,20,75.8,170,26.2,92,86,117,68,74,81,6.1,210,33,109,65,1.06,90,4.9,24.8,12.0,5,6620,7.1,20,31,3,8.0,8,F,no,ligero
PAC001688,55,97.8,192,26.5,131,98,140,82,76,150,5.9,222,37,176,281,1.4,96,6.6,40.5,16.2,3,765,8.5,8,11,1,11.3,10,F,no,sedentario
PAC001689,56,69.8,144,33.7,116,81,148,111,75,116,5.0,174,29,128,79,0.76,76,4.0,22.1,16.5,4,3861,5.3,16,3,3,12.7,5,F,si,sedentario
PAC001690,51,80.2,149,36.1,128,99,163,102,67,86,6.5,254,42,129,181,0.4,82,3.7,42.9,15.0,1,8717,6.7,5,1,2,17.4,8,M,no,ligero
PAC001691,78,74.9,158,30.0,94,100,180,90,80,97,5.9,220,36,140,144,0.4,54,5.5,22.1,15.6,1,5204,6.3,11,0,1,13.3,3,M,si,sedentario
PAC001692,53,84.9,147,39.3,116,93,134,88,78,115,5.6,185,35,188,241,0.4,62,7.3,27.5,17.0,0,2322,6.3,17,5,2,10.1,6,F,si,sedentario
PAC001693,29,62.8,162,23.9,102,78,127,79,96,110,5.5,207,47,139,40,0.98,108,6.2,21.9,11.1,4,6866,8.6,15,12,0,5.3,10,F,no,ligero
PAC001694,28,77.6,180,24.0,83,97,136,74,59,79,4.6,148,61,94,112,1.0,99,1.9,38.5,14.0,3,10859,8.9,9,0,5,9.7,0,M,no,activo
PAC001695,69,94.0,196,24.5,113,103,151,95,88,120,6.8,272,34,147,248,1.28,80,3.6,36.2,15.7,0,7342,11.0,3,16,0,11.3,9,F,no,sedentario
PAC001696,18,63.1,166,22.9,105,111,108,65,58,82,5.8,167,68,91,64,1.37,80,0.1,39.1,14.5,12,8881,9.1,9,6,7,8.4,1,M,no,ligero
PAC001697,35,66.7,153,28.5,90,106,131,80,51,69,5.5,186,85,57,40,1.02,86,0.9,25.6,14.5,4,13473,9.0,0,0,6,9.6,4,M,no,ligero
PAC001698,18,42.1,164,15.7,110,118,118,61,60,78,5.0,190,67,57,165,0.92,83,0.1,30.6,13.2,3,15311,7.7,0,7,5,3.2,0,F,no,sedentario
PAC001699,39,84.8,166,30.8,72,90,119,72,74,75,4.6,154,60,40,40,1.39,92,0.1,34.0,15.3,9,15143,7.6,5,5,6,6.0,1,F,no,ligero
PAC001700,27,67.2,154,28.3,103,110,137,74,72,83,5.5,170,56,103,105,0.85,92,0.1,43.5,15.7,4,4701,9.1,0,0,5,2.0,3,F,no,sedentario
PAC001701,18,72.6,140,37.0,103,101,128,72,89,90,5.3,184,47,102,40,0.85,82,5.0,33.4,11.0,5,8382,6.9,19,26,2,10.5,9,F,si,activo
PAC001702,24,64.5,168,22.9,95,75,124,76,67,60,6.1,197,74,57,134,1.16,100,5.6,23.0,10.2,3,10245,9.5,27,29,2,10.2,10,F,no,activo
PAC001703,51,83.9,186,24.3,110,113,153,74,100,123,7.1,223,52,115,313,1.29,90,10.3,36.9,13.6,0,5382,8.6,11,14,1,9.2,10,F,si,sedentario
PAC001704,18,68.7,167,24.6,73,97,147,84,69,94,5.4,190,43,104,173,0.83,96,2.0,16.1,13.4,5,9220,8.8,23,15,3,12.1,9,F,si,ligero
PAC001705,34,50.7,162,19.3,93,94,124,101,89,104,5.1,149,49,125,61,0.95,105,4.6,18.8,12.5,9,14009,6.9,16,29,2,9.2,9,F,no,activo
PAC001706,53,49.2,169,17.2,78,113,125,66,55,61,4.3,148,60,152,116,0.8,77,1.4,28.8,15.1,12,10798,9.1,9,7,4,6.4,1,M,no,sedentario
PAC001707,50,99.0,193,26.6,103,104,132,99,73,101,7.3,239,36,173,228,1.35,83,4.1,35.5,12.6,0,8145,9.2,14,14,0,10.9,7,F,no,ligero
PAC001708,88,89.5,140,45.7,104,88,147,98,65,105,5.5,214,34,145,191,0.68,41,8.0,24.6,17.7,2,759,6.8,11,0,1,15.1,10,M,si,sedentario
PAC001709,18,57.2,160,22.3,80,100,92,70,90,92,5.2,159,57,111,175,1.01,94,2.1,15.9,13.1,6,12540,9.6,20,19,0,6.8,8,M,no,ligero
PAC001710,29,79.2,177,25.3,76,99,96,83,52,98,5.3,149,77,118,61,0.94,77,0.1,34.3,14.8,12,13271,7.4,0,4,1,4.1,3,F,no,activo
PAC001711,24,47.5,153,20.3,75,102,128,61,72,115,5.2,163,69,124,40,0.95,115,0.1,38.9,12.8,7,15527,6.6,0,5,4,6.4,0,F,si,sedentario
PAC001712,33,62.3,166,22.6,70,104,93,92,67,109,5.9,166,81,74,77,0.79,102,3.7,32.6,14.7,4,11546,7.0,2,12,7,6.6,2,F,no,sedentario
PAC001713,18,56.6,144,27.3,103,87,138,81,78,84,5.9,177,64,108,104,0.92,104,3.1,16.6,11.9,2,8678,7.5,15,31,0,14.2,2,F,no,sedentario
PAC001714,69,86.8,204,20.9,132,103,129,84,89,144,6.9,221,47,107,204,1.07,72,6.9,49.6,15.6,0,4408,9.4,5,7,4,8.7,5,F,si,sedentario
PAC001715,30,96.6,164,35.9,62,115,118,62,52,72,5.4,118,82,119,40,0.84,130,1.2,54.8,15.0,5,16071,9.2,7,0,7,9.2,3,M,no,ligero
PAC001716,55,79.9,142,39.6,101,92,159,110,85,90,6.0,255,34,135,136,0.58,72,1.1,18.9,15.4,0,6820,5.7,6,0,5,12.2,10,F,no,sedentario
PAC001717,53,82.7,200,20.7,106,100,142,88,68,134,7.9,232,53,136,257,1.07,59,8.2,57.7,13.7,0,2738,7.9,4,9,0,11.1,5,M,si,ligero
PAC001718,90,103.5,153,44.2,101,94,168,99,91,82,5.0,219,45,184,234,0.44,63,5.4,47.8,16.1,4,1102,4.6,9,0,2,14.6,8,M,si,ligero
PAC001719,76,87.8,147,40.6,121,104,168,95,72,107,5.9,252,59,163,204,0.64,76,6.8,20.3,16.0,0,1127,5.1,6,0,5,10.8,5,M,no,ligero
PAC001720,25,62.4,155,26.0,89,97,119,68,54,70,5.4,155,61,80,40,1.21,97,0.1,46.5,16.7,7,12876,9.7,0,0,3,9.2,6,M,no,ligero
PAC001721,18,78.5,165,28.8,85,95,118,87,67,71,6.6,188,63,58,40,1.17,81,0.1,32.2,13.9,11,15165,9.4,3,10,3,2.0,0,F,no,ligero
PAC001722,26,40.0,170,13.8,104,110,111,69,63,102,5.4,161,73,91,40,0.82,126,0.1,40.3,14.3,11,15149,8.4,6,13,3,4.1,0,F,no,ligero
PAC001723,30,59.0,162,22.5,87,128,132,75,56,100,4.5,161,56,50,53,0.96,99,2.6,52.8,15.7,7,17683,8.7,15,0,3,3.3,4,M,si,activo
PAC001724,25,90.2,179,28.2,105,106,114,72,81,94,5.4,207,83,132,62,0.94,108,0.1,32.4,15.1,7,14479,8.9,0,11,6,4.8,6,F,si,sedentario
PAC001725,55,50.5,152,21.9,72,103,91,60,72,117,5.9,140,55,56,87,1.11,107,0.1,28.2,14.0,5,15644,7.7,2,18,4,6.1,3,M,no,activo
PAC001726,90,96.6,147,44.7,113,83,164,101,73,75,5.9,262,40,128,104,0.53,71,2.8,41.4,13.5,4,11035,6.2,4,0,0,10.4,5,F,no,activo
PAC001727,41,78.9,173,26.4,71,95,104,71,65,91,5.9,177,56,143,71,0.92,102,0.1,37.6,14.7,7,9371,8.5,0,0,5,10.1,1,F,no,ligero
PAC001728,23,44.8,151,19.6,62,104,111,76,52,85,4.8,169,82,136,144,1.09,104,0.3,28.1,14.4,11,11035,7.6,6,0,4,10.7,7,M,no,ligero
PAC001729,87,96.4,191,26.4,116,109,149,87,75,141,7.8,247,48,226,244,1.28,63,6.3,29.4,14.6,0,4121,8.6,10,0,1,9.8,8,F,no,ligero
PAC001730,33,71.5,168,25.3,86,98,116,62,65,74,5.8,198,51,97,63,1.12,101,1.1,31.3,15.0,4,13667,6.5,0,4,4,3.3,4,F,no,ligero
PAC001731,90,76.6,141,38.5,102,97,166,101,87,104,5.4,237,36,103,241,0.4,67,8.6,42.1,16.2,0,6046,5.3,8,17,2,9.6,8,M,no,sedentario
PAC001732,18,71.5,173,23.9,92,93,143,83,60,77,5.6,158,56,125,58,1.3,105,0.1,39.3,13.9,6,13877,6.8,5,14,6,5.8,8,M,no,ligero
PAC001733,31,77.7,165,28.5,95,77,126,75,79,93,6.3,164,66,104,90,0.66,110,1.1,27.3,12.1,5,8044,8.0,25,14,2,8.4,3,M,si,ligero
PAC001734,27,81.9,148,37.4,65,98,94,76,73,79,6.5,185,47,130,161,1.02,108,1.5,12.5,11.5,3,7153,10.0,28,21,1,10.6,6,F,si,ligero
PAC001735,35,86.5,197,22.3,106,77,141,74,84,130,6.5,248,52,145,231,1.22,63,9.1,31.7,14.4,0,500,11.0,12,1,5,9.9,10,M,si,ligero
PAC001736,24,56.1,161,21.6,68,87,133,84,59,115,4.6,145,73,99,40,1.06,100,2.3,30.7,15.8,5,13529,7.8,7,0,6,6.7,2,M,no,ligero
PAC001737,32,67.0,164,24.9,88,111,140,81,69,78,6.8,161,64,139,133,1.11,110,1.4,25.5,14.6,9,11986,10.0,3,9,6,3.4,4,F,no,activo
PAC001738,67,119.2,205,28.4,120,101,155,102,79,170,7.6,255,29,124,367,1.13,78,7.1,45.9,15.1,0,1347,10.4,8,23,2,7.7,6,M,si,ligero
PAC001739,29,86.8,172,29.3,82,103,99,79,64,60,6.5,164,74,66,119,1.07,104,4.8,16.9,15.0,8,12893,9.1,0,14,4,4.7,1,F,no,sedentario
PAC001740,42,62.4,153,26.7,116,82,144,90,80,107,4.5,233,47,159,179,0.4,88,6.4,20.5,16.6,0,6121,7.0,6,3,4,10.1,5,M,si,sedentario
PAC001741,29,71.9,162,27.4,60,83,144,59,73,61,4.7,214,85,97,40,1.31,97,3.6,21.1,13.7,10,16630,7.9,0,9,5,2.4,3,M,no,sedentario
PAC001742,44,71.4,153,30.5,96,84,150,68,92,92,6.0,193,59,125,97,1.07,81,3.9,8.2,10.8,4,4960,9.6,32,25,1,8.4,9,F,no,activo
PAC001743,22,66.7,164,24.8,81,97,110,78,59,99,4.1,179,69,117,106,1.11,113,0.1,50.7,17.2,3,12243,9.2,0,2,7,7.3,2,F,no,activo
PAC001744,86,95.9,140,48.9,101,101,164,105,91,112,5.6,225,47,146,99,0.4,87,5.5,49.5,15.1,1,7564,5.7,16,0,0,10.0,8,F,si,activo
PAC001745,73,46.8,145,22.3,98,105,159,105,80,94,6.6,217,73,90,187,0.45,91,4.6,14.8,15.4,0,4126,5.6,11,0,1,11.8,8,M,si,sedentario
PAC001746,37,56.3,183,16.8,74,89,108,88,53,68,6.1,183,75,165,131,0.92,124,4.7,39.6,15.3,6,8902,7.2,3,0,3,9.4,6,M,no,activo
PAC001747,34,82.7,161,31.9,60,118,121,71,72,106,5.2,141,42,76,52,1.09,117,1.2,48.2,15.6,6,9060,8.1,5,0,6,7.1,2,F,no,sedentario
PAC001748,35,51.1,149,23.0,94,90,130,64,80,116,4.5,204,66,90,65,1.29,107,0.1,37.1,14.0,7,13241,9.1,10,5,4,9.4,4,M,si,activo
PAC001749,61,103.9,200,26.0,130,110,126,82,84,126,7.4,276,25,131,285,1.11,52,4.7,43.0,14.2,0,1829,10.2,17,2,0,12.8,8,M,si,sedentario
PAC001750,18,59.3,145,28.2,77,83,112,77,63,80,4.4,209,76,97,186,0.69,98,4.5,28.0,12.8,5,10008,7.7,20,21,2,7.1,6,F,no,sedentario
PAC001751,79,93.5,141,47.0,119,96,138,114,73,79,6.3,239,43,198,193,0.49,92,6.4,41.8,15.5,0,4412,6.8,9,0,0,15.3,10,F,no,sedentario
PAC001752,42,69.0,180,21.3,95,93,102,54,46,75,4.4,193,76,63,76,1.07,95,0.4,32.1,14.1,4,10108,9.7,5,4,5,8.1,2,F,no,ligero
PAC001753,85,86.5,152,37.4,109,107,182,104,76,110,6.2,215,42,137,170,0.69,72,4.0,35.6,17.3,0,5351,6.2,23,0,1,14.1,7,M,no,sedentario
PAC001754,62,100.8,200,25.2,101,75,133,79,73,151,6.2,225,51,150,241,1.19,80,7.5,31.8,15.4,0,7038,9.2,14,6,4,11.8,10,M,no,sedentario
PAC001755,79,100.5,143,49.1,97,99,174,114,68,101,6.3,164,40,191,263,0.58,63,1.1,21.1,15.2,0,619,6.9,0,12,2,16.4,8,F,si,ligero
PAC001756,20,76.6,167,27.5,83,89,126,73,76,88,5.3,138,38,66,105,0.89,86,3.6,23.0,9.2,3,9557,9.5,18,14,2,9.5,7,F,no,ligero
PAC001757,18,75.3,156,30.9,76,80,121,63,84,71,5.2,183,54,130,181,0.88,111,3.6,21.0,12.4,5,5570,8.0,24,22,1,8.5,8,F,no,activo
PAC001758,90,76.5,150,34.0,101,87,152,96,73,98,5.8,230,35,142,176,0.71,79,6.9,40.7,15.3,3,3227,5.5,3,3,2,9.7,10,M,si,ligero
PAC001759,60,97.5,143,47.7,108,82,159,102,79,90,6.6,244,52,132,205,0.65,82,1.6,30.4,14.9,4,4439,3.9,14,0,2,15.2,8,M,si,sedentario
PAC001760,51,63.5,188,18.0,105,98,122,89,68,110,6.2,250,35,115,371,1.17,75,6.4,35.3,14.4,0,4938,9.5,0,13,3,10.1,8,M,no,ligero
PAC001761,18,55.4,154,23.4,94,83,109,64,94,60,4.9,217,73,105,92,0.94,85,2.2,26.3,10.0,9,8480,8.8,22,24,3,7.3,8,M,no,ligero
PAC001762,18,82.0,167,29.4,61,107,136,89,65,60,4.0,159,88,118,80,1.04,85,0.1,48.7,15.1,6,9104,8.1,11,11,5,5.9,0,F,no,ligero
PAC001763,51,76.6,159,30.3,77,99,137,91,51,60,4.7,191,71,90,40,1.12,90,0.1,37.0,14.5,6,16564,9.1,6,3,4,2.0,1,F,no,activo
PAC001764,89,65.9,162,25.1,122,104,156,120,83,145,6.8,251,41,149,244,0.4,29,4.7,35.6,18.4,2,4238,7.2,18,6,2,13.0,6,F,si,activo
PAC001765,18,86.0,165,31.6,74,86,111,79,72,101,5.5,121,69,90,105,1.09,105,0.1,36.4,16.0,11,14738,9.8,0,1,4,2.6,4,F,si,ligero
PAC001766,66,70.2,198,17.9,108,101,159,79,85,138,5.6,226,25,196,191,1.49,52,4.3,27.0,13.4,0,500,7.1,8,7,3,7.7,7,F,no,sedentario
PAC001767,35,82.6,162,31.5,96,99,99,70,67,95,4.3,179,63,71,116,1.05,114,1.8,36.7,14.9,8,10619,9.2,0,0,4,4.1,1,M,no,sedentario
PAC001768,18,64.4,173,21.5,82,100,96,64,61,120,5.7,185,73,70,52,1.01,79,4.1,34.5,12.9,13,13646,6.9,7,0,6,5.0,3,M,si,ligero
PAC001769,70,74.9,162,28.5,107,104,147,119,81,111,7.1,225,26,125,208,0.66,86,6.3,30.5,15.7,0,500,5.9,13,1,2,11.3,3,F,no,ligero
PAC001770,62,91.5,162,34.9,109,86,187,89,63,77,4.8,279,41,120,248,0.72,81,3.4,25.1,17.9,1,3565,4.0,14,0,2,12.9,4,M,si,ligero
PAC001771,22,83.5,146,39.2,82,97,130,67,87,75,4.5,202,86,90,141,0.68,102,2.9,30.5,11.5,4,5992,6.8,24,10,1,8.7,10,F,no,sedentario
PAC001772,45,47.1,160,18.4,76,103,143,83,81,101,6.6,213,78,86,238,0.76,103,0.1,34.5,9.9,1,10103,7.6,12,15,4,9.4,9,M,si,ligero
PAC001773,29,55.2,164,20.5,60,102,108,78,55,99,5.7,164,68,57,60,1.09,104,0.1,29.5,17.6,7,11734,7.9,12,0,5,8.8,4,F,no,sedentario
PAC001774,89,89.3,152,38.7,114,88,159,88,92,84,6.4,233,25,119,194,0.4,89,1.8,15.0,17.8,0,3317,5.8,11,0,6,14.8,9,F,no,sedentario
PAC001775,73,70.0,159,27.7,107,93,150,80,71,77,6.6,201,47,140,240,0.73,96,2.5,29.5,15.6,0,3649,6.2,12,3,3,12.8,6,M,si,sedentario
PAC001776,47,75.0,205,17.8,124,111,146,68,93,125,7.5,284,25,177,182,1.11,65,4.9,19.0,15.5,0,500,9.0,7,14,3,18.7,10,F,si,ligero
PAC001777,65,94.7,140,48.3,99,98,171,89,69,92,7.0,187,49,151,243,0.4,100,4.9,41.0,16.6,1,6340,7.2,15,4,0,11.5,6,F,si,sedentario
PAC001778,18,56.7,147,26.2,66,86,108,85,88,97,5.0,137,60,109,102,0.72,100,1.3,7.1,11.4,4,8525,8.2,27,22,1,6.7,8,F,no,ligero
PAC001779,18,64.1,162,24.4,89,108,117,50,50,60,5.5,141,59,112,40,1.18,101,0.1,27.2,14.7,7,11189,7.8,6,12,5,6.6,2,F,no,activo
PAC001780,29,57.5,169,20.1,75,94,124,73,63,60,6.6,173,72,149,116,0.95,107,1.2,39.5,16.2,11,14335,7.6,5,10,6,7.3,1,M,no,ligero
PAC001781,18,55.3,165,20.3,74,95,100,58,59,90,5.5,163,59,108,88,1.06,104,1.2,40.1,14.7,11,14377,9.5,7,6,7,2.4,2,F,no,ligero
PAC001782,18,61.0,170,21.1,71,94,107,78,62,126,4.7,189,70,66,40,0.97,101,2.3,30.5,16.5,12,10043,7.9,1,11,3,8.1,3,F,no,sedentario
PAC001783,31,48.8,177,15.6,66,81,121,67,52,94,4.0,171,67,122,40,1.23,102,0.1,35.4,12.6,8,11658,9.3,0,0,4,10.1,2,F,si,ligero
PAC001784,33,51.1,159,20.2,79,78,107,81,66,98,4.8,138,66,118,70,0.73,108,0.1,25.2,13.5,15,14918,7.9,3,8,5,3.4,5,M,no,activo
PAC001785,18,53.6,160,20.9,63,89,112,83,76,60,6.1,151,50,116,160,1.0,114,0.1,32.4,12.5,6,10517,7.1,12,22,2,8.4,8,M,no,sedentario
PAC001786,54,96.8,145,46.0,112,100,162,97,69,104,6.1,218,53,85,184,0.66,75,2.2,27.1,15.7,0,7841,4.6,6,3,2,8.0,4,M,si,sedentario
PAC001787,69,80.6,195,21.2,104,109,130,78,84,142,7.4,215,48,238,210,1.37,74,7.8,42.3,15.3,0,500,8.6,19,16,1,13.6,8,M,no,activo
PAC001788,53,105.3,140,53.7,113,90,175,93,78,60,5.6,246,51,129,313,0.51,87,7.1,28.2,15.8,0,500,7.9,0,3,4,10.8,6,M,no,sedentario
PAC001789,21,61.0,142,30.3,94,99,131,75,88,96,5.3,225,78,155,83,1.04,100,2.6,34.7,11.1,10,5819,7.5,16,37,1,6.6,5,F,no,sedentario
PAC001790,38,81.0,155,33.7,98,84,119,86,87,81,6.0,168,65,130,173,0.7,116,2.5,23.6,9.7,5,8216,9.0,21,8,3,8.8,10,F,no,sedentario
PAC001791,50,106.5,193,28.6,137,107,164,84,76,149,6.7,177,25,207,229,1.03,74,3.8,32.9,14.8,0,4102,9.2,0,0,0,10.1,4,F,si,sedentario
PAC001792,81,86.1,140,43.9,114,94,142,107,73,117,5.9,235,57,141,184,0.4,51,1.9,24.7,17.7,6,1053,4.8,13,0,0,10.2,10,M,si,sedentario
PAC001793,88,97.9,182,29.6,141,104,140,90,80,141,8.1,249,58,139,289,1.52,81,8.6,36.2,14.5,2,500,7.7,21,2,3,10.5,10,M,no,ligero
PAC001794,38,70.6,166,25.6,81,95,107,62,51,87,4.0,160,67,102,40,1.0,85,0.1,35.6,14.5,5,12025,7.7,2,0,5,5.7,4,F,no,activo
PAC001795,42,88.5,158,35.5,82,97,143,86,65,79,5.8,174,52,90,193,0.92,110,0.1,18.8,12.4,6,10730,7.9,16,21,2,8.7,6,M,no,ligero
PAC001796,18,80.7,150,35.9,76,92,125,78,59,84,4.7,199,51,88,123,0.91,93,0.1,48.8,17.5,15,14795,6.9,0,17,7,10.2,1,M,si,activo
PAC001797,23,62.1,181,19.0,79,118,125,53,55,69,6.0,141,67,74,40,1.12,92,0.6,27.6,15.4,10,11415,7.7,15,0,4,4.1,1,F,no,ligero
PAC001798,70,92.1,140,47.0,110,96,162,95,88,79,6.7,202,46,134,284,0.72,69,3.2,34.1,15.8,3,7322,3.6,16,0,1,11.8,8,F,no,ligero
PAC001799,18,65.1,155,27.1,115,112,119,76,84,110,4.0,180,59,98,175,0.87,103,4.0,12.9,11.7,2,11004,7.8,24,28,1,5.8,7,M,no,sedentario
PAC001800,18,57.8,164,21.5,84,95,119,76,64,86,4.0,193,70,113,123,1.28,125,0.5,48.9,13.8,5,13515,6.8,8,0,4,5.5,4,M,no,activo
PAC001801,18,69.4,161,26.8,94,84,90,77,81,96,5.5,163,52,116,154,0.56,99,2.8,13.6,11.8,4,5355,9.7,13,23,3,9.7,7,M,si,ligero
PAC001802,53,111.3,205,26.5,102,110,138,94,89,103,6.9,237,44,147,237,1.18,58,5.0,41.3,13.6,1,6664,9.6,11,17,1,11.7,6,M,si,ligero
PAC001803,24,69.9,157,28.4,92,99,105,83,60,84,5.3,151,67,114,49,1.28,103,0.6,52.5,15.6,7,10577,8.7,1,4,8,6.6,5,M,si,sedentario
PAC001804,18,79.9,173,26.7,85,88,138,56,66,60,6.5,141,67,135,62,0.99,89,4.4,42.6,15.8,10,15678,10.4,0,0,3,4.8,0,F,no,ligero
PAC001805,51,87.8,147,40.6,124,106,151,102,70,66,6.4,227,48,200,196,0.84,73,3.9,29.8,18.1,2,500,5.2,13,5,2,14.4,9,F,no,sedentario
PAC001806,18,79.1,144,38.1,89,118,126,80,85,103,6.7,170,40,79,138,0.88,106,7.3,28.5,11.7,9,6613,9.1,21,27,3,5.3,9,M,si,sedentario
PAC001807,31,56.9,146,26.7,95,94,121,68,85,60,5.5,148,53,132,129,0.49,88,3.9,30.6,10.9,3,6878,8.6,24,26,5,7.7,8,M,si,sedentario
PAC001808,48,56.9,166,20.6,77,100,126,70,70,82,5.7,163,52,115,75,0.76,107,4.0,43.7,12.5,3,13183,8.6,21,19,3,10.7,6,M,si,sedentario
PAC001809,18,64.4,151,28.2,93,92,120,86,80,92,5.0,230,36,167,213,0.96,105,3.4,23.3,12.1,3,9880,8.6,8,10,3,8.6,9,M,no,ligero
PAC001810,22,73.9,164,27.5,69,101,96,70,50,88,5.4,118,63,120,177,1.27,109,3.0,40.4,16.6,14,10373,8.1,0,0,8,7.7,4,F,si,activo
PAC001811,18,53.2,155,22.1,72,116,118,80,73,125,5.7,236,83,71,117,0.82,106,2.1,50.3,13.4,13,12079,8.3,0,3,4,3.9,4,F,si,sedentario
PAC001812,18,69.9,181,21.3,69,105,110,56,62,95,5.0,197,69,160,40,1.07,108,4.6,40.0,15.3,7,12744,8.1,0,1,4,6.0,2,M,no,activo
PAC001813,60,83.5,190,23.1,107,106,147,76,66,119,7.0,216,30,168,294,1.01,53,3.9,33.4,13.6,0,2609,10.7,10,6,3,12.7,7,F,si,sedentario
PAC001814,90,71.4,158,28.6,79,106,172,86,69,105,6.5,221,65,136,84,0.43,80,7.8,44.7,16.7,2,8050,7.2,8,0,0,12.7,7,M,no,activo
PAC001815,18,54.3,164,20.2,81,96,135,65,61,66,4.7,175,64,134,40,1.1,91,4.4,29.9,16.6,6,13964,7.3,4,4,4,3.8,4,F,no,sedentario
PAC001816,60,89.6,199,22.6,110,78,156,109,75,124,7.7,292,32,146,311,1.16,62,6.7,53.0,15.0,0,3525,11.0,11,12,3,11.8,8,M,no,activo
PAC001817,18,65.2,159,25.8,93,115,122,58,65,124,6.1,172,58,85,217,1.11,130,1.3,32.4,12.0,6,7919,8.7,12,8,6,2.0,5,F,no,sedentario
PAC001818,66,100.6,199,25.4,121,111,129,78,70,121,6.4,201,25,152,278,0.91,92,5.8,47.1,14.0,0,7217,8.6,11,6,1,13.9,9,F,si,sedentario
PAC001819,90,86.0,140,43.9,125,88,172,96,73,93,4.9,269,63,96,186,0.74,71,3.7,24.3,16.5,3,1358,6.3,4,8,2,12.3,6,F,si,sedentario
PAC001820,74,98.0,197,25.3,125,87,122,87,78,116,6.4,224,25,130,195,1.21,55,8.2,38.7,14.9,1,4789,7.2,14,11,3,11.9,7,F,no,activo
PAC001821,67,81.7,149,36.8,97,98,157,107,84,124,5.6,205,53,118,178,0.52,106,3.1,34.8,15.6,0,9104,7.2,9,11,1,12.9,2,F,no,sedentario
PAC001822,69,86.6,152,37.5,91,88,157,120,73,100,6.3,144,49,164,144,0.7,67,1.9,36.5,17.0,0,3801,6.7,14,0,2,16.7,6,F,si,sedentario
PAC001823,63,89.4,140,45.6,118,104,137,102,74,93,5.6,230,53,95,202,0.52,66,3.3,35.3,14.6,1,4705,5.9,22,0,4,10.5,5,F,no,ligero
PAC001824,55,61.2,150,27.2,118,111,163,99,78,116,5.3,214,33,173,108,0.4,65,7.3,26.1,14.4,1,8417,5.4,0,0,1,15.1,8,F,si,sedentario
PAC001825,24,81.7,170,28.3,60,114,139,60,68,81,5.2,154,70,100,66,0.68,104,0.1,48.8,14.4,13,13084,8.3,9,5,4,6.4,0,F,no,ligero
PAC001826,75,80.5,140,41.1,106,96,147,96,67,110,6.1,222,26,131,121,0.4,49,4.8,28.0,15.9,5,5292,5.3,6,0,0,14.3,10,M,no,sedentario
PAC001827,47,76.6,168,27.1,74,96,121,61,81,92,4.9,254,57,96,47,0.96,111,5.1,23.8,8.0,8,6097,7.8,18,18,1,6.7,10,F,no,sedentario
PAC001828,29,73.3,165,26.9,69,95,117,77,70,73,4.6,207,42,141,57,0.74,93,0.1,34.9,15.0,14,12797,8.7,12,5,7,7.2,6,M,no,ligero
PAC001829,18,40.0,191,11.0,83,97,157,72,67,85,4.7,251,62,107,40,1.01,78,0.8,35.6,17.2,15,12096,9.0,2,2,5,3.0,1,M,no,activo
PAC001830,57,86.2,150,38.3,127,112,177,105,72,93,5.3,241,43,157,101,0.41,56,5.7,34.3,14.8,0,5377,7.0,16,4,2,16.5,6,F,si,sedentario
PAC001831,33,49.5,158,19.8,85,97,90,57,85,97,4.6,188,66,96,102,1.09,115,2.3,25.8,13.5,0,8052,8.9,40,25,4,12.0,9,F,si,sedentario
PAC001832,19,60.8,159,24.0,100,97,104,85,55,79,4.4,163,75,112,165,1.09,80,0.1,26.2,13.4,8,18066,6.6,0,0,6,7.2,5,F,si,sedentario
PAC001833,56,94.0,140,48.0,116,95,124,110,92,80,5.1,248,34,129,249,0.68,60,3.5,39.0,15.6,0,4789,6.0,0,0,3,15.2,5,F,si,ligero
PAC001834,46,77.3,172,26.1,67,93,135,68,55,76,4.4,242,71,140,61,1.0,97,0.5,50.2,15.9,9,11532,8.8,0,11,7,5.8,0,F,no,activo
PAC001835,26,89.0,169,31.2,68,100,126,75,66,112,4.9,187,58,128,53,1.14,100,2.4,33.0,15.2,6,15691,8.2,0,0,5,6.5,0,F,no,ligero
PAC001836,86,67.8,140,34.6,112,91,143,102,85,82,6.2,233,60,155,216,0.4,68,1.0,44.8,15.3,0,4215,5.2,4,3,1,12.2,6,F,no,sedentario
PAC001837,28,55.0,153,23.5,80,111,112,78,53,60,4.8,139,81,86,137,1.25,105,0.5,26.7,14.4,8,17404,7.7,1,2,3,9.2,3,M,si,ligero
PAC001838,74,86.3,142,42.8,96,102,141,109,79,114,6.5,234,31,139,148,0.46,85,7.4,38.4,17.8,2,1464,6.5,10,0,2,15.4,5,M,no,sedentario
PAC001839,83,90.3,154,38.1,103,82,157,111,61,136,6.5,258,40,155,252,0.56,59,2.0,25.4,16.0,5,5393,6.3,1,11,0,12.9,3,F,no,ligero
PAC001840,24,45.2,167,16.2,106,113,120,68,74,102,4.1,184,63,40,82,1.16,85,1.3,30.9,14.5,7,12357,8.3,0,0,6,4.8,4,M,si,sedentario
PAC001841,90,91.7,142,45.5,115,98,147,85,65,86,5.9,295,48,108,213,0.81,91,6.6,45.5,16.1,1,2903,7.5,5,0,3,10.0,7,M,si,sedentario
PAC001842,79,99.8,159,39.5,115,110,151,113,73,97,5.8,229,41,131,206,0.4,71,6.7,33.4,16.9,4,7989,8.1,7,8,3,15.0,8,F,no,sedentario
PAC001843,51,79.5,161,30.7,99,83,114,77,71,110,4.4,220,90,67,109,0.83,91,0.1,34.8,13.5,11,13421,7.2,0,0,5,3.3,1,M,no,ligero
PAC001844,90,96.5,157,39.1,108,94,144,88,77,81,5.2,287,39,150,209,0.71,63,5.3,47.9,16.7,3,6303,4.2,6,1,4,10.5,0,M,no,activo
PAC001845,18,48.4,162,18.4,84,86,108,73,75,71,6.4,162,58,109,209,0.68,110,4.3,22.6,12.3,4,6410,8.1,12,22,2,8.4,9,M,si,activo
PAC001846,73,73.4,148,33.5,121,102,174,104,78,116,5.1,223,60,140,287,0.68,72,4.6,33.4,16.7,2,7577,5.5,20,0,4,7.8,3,M,si,sedentario
PAC001847,34,64.6,153,27.6,93,120,90,57,74,69,5.8,187,67,87,135,1.01,111,1.1,32.1,16.8,7,12727,7.9,21,0,4,2.0,0,M,no,activo
PAC001848,43,62.8,164,23.3,83,75,90,68,84,85,4.4,181,54,134,90,0.93,102,4.4,30.5,10.4,3,9303,8.1,30,18,2,7.1,5,M,no,activo
PAC001849,69,78.9,155,32.8,123,101,154,94,78,97,5.7,233,38,147,165,0.4,59,5.8,20.8,16.7,0,3955,6.9,12,20,0,17.2,4,M,no,sedentario
PAC001850,31,48.7,166,17.7,88,101,126,77,55,86,4.4,128,61,72,170,0.94,57,0.1,35.3,14.4,4,8772,8.9,0,0,6,8.4,3,M,no,activo
PAC001851,42,40.6,168,14.4,60,102,129,66,57,86,5.0,170,73,95,43,0.97,116,3.2,40.5,17.8,6,14700,7.2,1,12,6,3.9,1,M,no,activo
PAC001852,31,58.8,158,23.6,69,109,102,74,54,63,6.3,183,62,113,139,0.77,118,1.3,39.1,15.6,9,12000,7.8,4,0,6,8.0,4,F,si,ligero
PAC001853,27,77.8,144,37.5,64,88,127,67,79,86,4.0,156,68,74,96,1.14,121,5.1,28.5,13.2,7,8267,10.0,29,23,1,10.3,10,F,si,sedentario
PAC001854,37,54.5,156,22.4,88,111,119,84,68,105,6.2,242,31,130,110,1.03,103,4.0,18.8,15.6,5,7227,8.8,24,24,0,11.5,10,M,no,sedentario
PAC001855,90,85.7,145,40.8,100,102,155,104,71,74,7.6,243,50,134,146,0.4,106,3.8,34.6,15.9,0,6240,3.7,4,0,4,9.4,8,M,no,sedentario
PAC001856,83,86.7,192,23.5,150,104,142,93,85,148,7.0,212,45,159,117,1.21,90,7.6,30.3,12.9,3,500,8.8,5,3,0,6.8,10,F,si,sedentario
PAC001857,69,88.5,140,45.2,113,88,162,97,66,107,5.0,182,54,149,166,0.96,94,7.1,28.4,18.1,0,2128,5.8,0,6,2,8.3,5,M,si,sedentario
PAC001858,25,93.7,160,36.6,86,88,110,50,70,104,4.3,189,43,132,103,1.27,63,0.3,19.2,16.5,10,16091,8.5,6,0,7,9.7,1,F,si,sedentario
PAC001859,62,79.7,148,36.4,105,78,156,115,87,70,6.7,221,54,155,185,0.4,58,4.6,38.7,17.5,5,5638,6.9,9,0,3,9.4,7,F,no,sedentario
PAC001860,24,70.1,163,26.4,60,114,121,75,51,75,4.0,208,67,90,109,0.98,100,5.0,34.1,13.7,7,15212,8.1,8,22,5,9.6,2,M,si,ligero
PAC001861,30,53.1,168,18.8,91,116,92,64,50,69,4.9,204,61,121,63,1.02,71,0.9,33.1,13.4,8,14216,8.4,0,8,4,5.6,3,F,no,ligero
PAC001862,28,83.0,184,24.5,122,101,142,89,58,155,6.6,169,27,175,188,1.06,61,7.4,32.4,15.3,0,588,9.4,25,0,2,10.4,10,M,si,sedentario
PAC001863,78,87.4,144,42.1,103,98,136,89,74,133,7.3,232,37,125,206,0.8,41,7.2,12.7,14.9,4,5803,5.0,4,0,3,13.2,7,M,si,ligero
PAC001864,18,51.4,166,18.7,76,110,140,71,102,66,5.8,159,75,96,48,1.04,118,5.6,20.8,14.6,5,7656,6.9,16,20,3,6.1,8,F,si,ligero
PAC001865,27,66.0,181,20.1,91,85,98,82,74,70,5.4,190,54,99,100,0.91,115,1.8,34.0,15.8,7,7991,9.4,7,0,7,9.0,5,M,no,ligero
PAC001866,25,90.2,161,34.8,102,92,136,72,86,81,5.9,225,35,124,135,0.79,114,4.8,17.0,13.4,0,10460,8.9,19,22,1,9.4,3,M,no,ligero
PAC001867,72,82.3,140,42.0,111,105,173,95,69,88,5.9,194,53,177,226,0.7,50,7.0,30.3,16.8,3,7177,5.7,3,11,4,11.5,7,F,si,activo
PAC001868,43,109.6,196,28.5,131,93,146,85,83,136,8.1,287,42,138,381,1.64,84,8.6,28.0,17.7,0,6459,9.1,16,12,2,12.8,8,M,no,sedentario
PAC001869,42,77.9,152,33.7,87,105,114,63,50,60,4.6,111,52,71,71,1.24,97,0.1,30.0,15.7,7,15980,7.0,0,0,6,4.6,3,M,no,sedentario
PAC001870,39,78.6,157,31.9,68,92,97,62,60,93,4.9,162,39,66,95,0.96,71,5.2,26.9,15.3,7,11283,7.0,6,0,4,2.0,2,M,si,sedentario
PAC001871,69,92.4,154,39.0,105,96,132,109,75,91,5.8,247,44,108,221,0.64,78,7.7,19.6,15.4,2,4092,8.2,10,0,1,11.8,8,M,no,sedentario
PAC001872,65,100.7,205,24.0,112,108,120,87,85,123,6.6,232,30,226,339,0.69,64,5.7,34.2,15.0,1,3289,9.5,7,11,2,16.0,6,F,no,sedentario
PAC001873,71,60.6,195,15.9,118,122,158,97,80,135,7.3,260,45,178,276,1.32,90,4.0,51.6,14.5,0,4194,7.8,4,0,3,16.3,5,M,si,sedentario
PAC001874,79,69.7,140,35.6,84,101,167,99,70,107,5.0,191,50,143,146,0.58,82,6.4,21.6,18.0,0,5374,6.7,12,2,3,12.6,5,M,no,ligero
PAC001875,34,78.9,165,29.0,109,119,122,66,57,89,4.5,167,65,93,238,0.98,89,3.7,53.0,16.7,7,11468,8.6,0,0,3,4.8,3,M,no,sedentario
PAC001876,77,86.6,148,39.5,111,88,141,100,72,88,6.1,270,77,170,217,0.66,53,0.6,23.9,15.1,0,2358,6.3,8,0,1,10.3,5,M,no,sedentario
PAC001877,81,106.1,198,27.1,105,107,167,94,82,139,8.1,226,25,155,207,1.14,82,4.0,40.5,13.0,0,2520,9.7,9,5,0,12.6,5,M,si,ligero
PAC001878,47,80.0,181,24.4,129,88,133,100,83,117,7.5,307,32,135,238,1.18,69,7.4,22.9,15.7,0,500,11.0,10,8,2,12.1,4,M,si,sedentario
PAC001879,72,88.0,190,24.4,131,100,118,90,79,140,8.2,195,35,188,85,1.21,71,6.2,35.5,16.5,0,3776,8.3,7,6,2,9.5,8,F,si,sedentario
PAC001880,29,96.5,191,26.5,117,97,148,90,94,158,7.2,280,40,163,384,1.31,73,7.8,31.4,13.5,1,500,8.8,12,12,0,8.5,6,F,no,activo
PAC001881,61,89.1,184,26.3,108,100,141,91,97,146,7.4,282,43,163,274,1.06,71,8.1,31.5,15.3,0,500,7.4,18,0,4,9.8,9,M,no,activo
PAC001882,55,108.2,187,30.9,124,103,162,83,62,121,6.8,217,50,162,163,1.33,72,5.0,49.4,16.8,0,5344,9.6,6,0,0,13.0,4,F,si,ligero
PAC001883,78,83.5,190,23.1,112,106,124,90,72,143,6.7,290,26,201,299,1.05,55,10.9,46.4,15.4,1,7025,9.0,7,4,2,9.7,5,F,no,ligero
PAC001884,62,75.2,162,28.7,112,105,160,70,83,89,5.9,271,47,187,65,0.8,63,3.1,40.1,18.9,5,5373,6.7,9,0,2,13.0,8,F,no,sedentario
PAC001885,45,56.3,192,15.3,117,106,110,88,80,127,7.3,290,33,158,324,0.97,104,6.9,36.3,15.3,1,5340,9.0,13,6,3,11.3,5,M,si,ligero
PAC001886,47,68.0,162,25.9,83,102,122,71,77,81,5.2,236,67,113,225,0.73,88,2.1,24.6,12.7,3,10140,8.2,12,22,4,12.7,7,M,si,ligero
PAC001887,35,55.4,146,26.0,86,86,106,65,79,129,5.0,199,68,83,52,0.63,100,2.7,12.6,12.5,1,8474,7.3,13,28,0,13.4,4,F,no,sedentario
PAC001888,58,88.0,195,23.1,114,102,141,90,74,123,6.6,194,44,118,351,1.25,60,8.4,54.1,13.6,1,1142,8.4,6,9,3,11.2,9,F,si,sedentario
PAC001889,18,46.5,165,17.1,92,100,106,57,72,101,5.6,209,64,85,159,1.0,84,0.1,39.7,15.7,6,11116,8.9,0,13,5,5.2,5,M,no,ligero
PAC001890,18,65.7,152,28.4,72,85,113,55,81,116,5.0,207,41,127,140,0.73,103,1.4,37.6,12.0,7,6201,8.1,28,28,3,3.9,10,M,si,sedentario
PAC001891,40,45.1,156,18.5,77,110,122,87,71,67,5.7,162,65,157,122,1.39,124,2.3,33.3,14.3,11,10674,7.7,0,6,5,5.8,2,M,no,sedentario
PAC001892,82,74.3,152,32.2,80,96,147,110,74,109,5.8,187,29,118,163,0.41,70,5.3,25.4,16.5,0,3779,6.1,12,5,0,9.6,7,M,si,sedentario
PAC001893,31,66.0,166,24.0,78,85,126,61,59,88,6.0,143,63,101,80,1.21,122,0.1,36.9,14.3,13,5785,7.1,0,12,4,4.0,4,M,si,ligero
PAC001894,18,50.9,162,19.4,81,115,104,86,68,102,5.7,166,74,52,56,0.89,96,0.1,48.0,14.6,11,13090,6.0,12,0,6,4.0,0,F,no,sedentario
PAC001895,18,101.2,157,41.1,95,93,125,68,81,102,5.0,228,62,179,199,0.59,94,6.0,35.0,12.0,5,11965,8.1,10,15,1,4.3,5,F,no,sedentario
PAC001896,64,111.5,192,30.2,121,88,125,88,88,138,7.3,252,57,201,174,1.09,101,8.2,25.1,17.8,0,4099,9.2,20,0,0,11.9,9,F,no,sedentario
PAC001897,20,61.2,177,19.5,82,114,125,61,63,77,5.3,195,80,40,51,1.27,107,0.1,17.9,18.0,11,11946,8.8,6,2,4,9.5,0,F,no,sedentario
PAC001898,40,77.9,146,36.5,103,81,153,102,68,119,5.2,206,33,120,204,0.41,78,8.6,22.4,16.3,5,500,7.6,11,0,1,9.1,7,M,no,sedentario
PAC001899,69,78.5,154,33.1,80,93,103,80,70,60,6.1,171,58,119,40,0.92,102,3.8,27.8,10.9,2,12940,7.5,20,13,0,10.8,10,M,si,ligero
PAC001900,50,94.2,140,48.1,111,79,161,102,69,101,5.5,216,50,154,150,0.44,81,6.4,23.7,17.1,3,4852,7.0,10,0,0,12.0,10,M,si,activo
PAC001901,68,86.8,190,24.0,109,96,144,90,68,113,7.4,307,32,168,287,1.07,70,5.0,17.7,15.0,1,6299,9.0,10,11,2,12.6,8,M,si,sedentario
PAC001902,56,53.6,173,17.9,73,85,113,63,66,78,5.0,233,71,53,40,1.0,108,2.3,59.4,16.5,5,18458,9.8,0,0,5,8.3,0,M,no,ligero
PAC001903,69,84.3,140,43.0,119,95,146,94,72,118,6.0,222,43,172,275,0.63,67,5.5,18.8,14.7,4,4935,5.0,0,0,1,10.6,9,F,si,sedentario
PAC001904,59,114.7,192,31.1,122,121,144,90,78,138,8.3,241,25,150,322,1.22,117,8.2,64.5,16.0,0,5636,9.5,15,8,0,9.6,9,F,si,sedentario
PAC001905,68,101.7,152,44.0,78,94,149,106,67,98,6.2,250,62,128,170,0.46,68,4.6,24.1,14.9,0,2426,4.2,4,11,3,10.2,10,M,no,ligero
PAC001906,56,80.1,165,29.4,88,110,155,86,70,96,5.6,203,55,156,193,0.63,65,5.8,47.3,17.7,0,3062,7.6,25,0,3,12.9,5,M,si,sedentario
PAC001907,85,90.9,159,36.0,94,99,159,106,82,117,6.4,226,37,171,112,0.64,65,4.5,46.2,17.0,5,3008,7.4,21,9,1,9.6,3,M,si,ligero
PAC001908,57,102.7,205,24.4,112,109,127,95,74,150,7.1,231,59,152,152,1.29,101,5.7,23.4,14.8,0,2313,10.1,8,9,2,12.9,9,M,si,sedentario
PAC001909,22,53.7,168,19.0,63,121,112,66,49,86,5.7,220,53,82,129,1.03,102,0.1,39.9,17.1,6,14046,6.7,1,8,7,8.7,2,F,no,activo
PAC001910,70,64.1,162,24.4,102,97,132,95,57,111,6.1,225,60,141,110,0.4,92,4.5,44.7,15.8,6,5585,6.1,10,1,3,14.8,7,M,si,ligero
PAC001911,84,93.8,155,39.0,84,85,144,84,72,120,5.9,268,37,166,179,0.56,76,6.9,26.8,15.1,1,8099,4.1,4,16,2,9.9,7,M,no,sedentario
PAC001912,69,104.5,145,49.7,98,75,146,116,72,92,6.5,172,40,159,188,0.82,69,6.3,21.6,15.7,5,4597,6.7,7,1,0,12.1,7,F,no,ligero
PAC001913,27,71.4,184,21.1,87,96,127,74,67,65,4.5,170,72,144,41,1.26,121,1.2,38.3,16.1,5,13042,8.3,0,6,5,4.2,0,M,no,activo
PAC001914,60,116.7,193,31.3,124,105,145,92,70,152,5.5,247,31,169,96,0.99,91,4.4,41.6,16.8,2,500,7.2,7,11,2,12.6,6,F,si,sedentario
PAC001915,90,70.5,151,30.9,95,101,152,99,84,100,4.9,222,45,115,233,0.58,83,3.9,24.6,13.7,7,4186,5.9,16,0,5,12.8,6,F,no,sedentario
PAC001916,52,84.5,148,38.6,116,95,140,104,64,98,6.9,204,51,101,204,0.54,71,6.0,33.4,13.0,1,3247,5.0,2,9,3,10.0,9,F,si,sedentario
PAC001917,18,70.7,150,31.4,95,81,123,80,50,84,4.0,205,71,114,40,1.31,106,2.8,13.3,14.1,9,13821,8.3,0,0,5,11.5,0,F,si,sedentario
PAC001918,73,86.9,161,33.5,118,82,168,94,83,108,5.6,196,46,146,215,0.61,78,3.0,35.2,16.0,0,1010,4.5,6,0,0,13.4,6,F,si,sedentario
PAC001919,39,79.1,187,22.6,124,115,159,90,80,124,7.9,277,42,138,276,0.83,110,10.3,29.8,15.2,0,9227,9.5,12,11,2,11.8,10,F,si,ligero
PAC001920,82,92.8,205,22.1,125,109,130,98,85,119,6.7,238,45,177,256,1.16,92,9.5,30.3,15.8,1,4962,6.8,0,0,4,9.2,6,F,no,ligero
PAC001921,71,116.8,192,31.7,117,100,133,77,82,123,8.5,209,33,81,303,1.2,76,6.0,36.8,15.1,1,2148,10.2,5,0,2,10.3,8,F,no,ligero
PAC001922,68,91.2,158,36.5,103,113,145,111,75,108,6.5,218,57,160,302,0.67,79,4.6,7.6,15.4,3,9119,5.1,8,5,1,16.4,5,M,si,sedentario
PAC001923,68,71.1,145,33.8,100,102,170,101,90,103,6.8,206,42,139,234,1.01,81,2.1,31.2,16.9,1,4417,3.7,15,8,1,12.2,3,F,si,sedentario
PAC001924,31,63.3,176,20.4,94,113,121,86,78,102,7.6,231,25,84,244,1.56,51,10.8,26.7,12.8,1,4164,7.6,12,0,0,13.8,4,M,no,ligero
PAC001925,58,83.4,159,33.0,113,93,161,86,69,112,5.8,182,53,201,131,0.62,64,6.4,37.1,14.6,1,3233,4.3,7,0,2,13.6,9,M,no,sedentario
PAC001926,33,63.7,168,22.6,64,108,119,60,66,70,5.9,170,53,131,94,1.07,103,0.1,20.6,16.4,8,16169,8.9,12,0,6,5.5,1,M,no,sedentario
PAC001927,39,47.7,172,16.1,83,108,99,88,63,85,5.2,160,64,109,110,0.98,103,0.1,23.4,13.9,12,11352,9.0,0,0,4,2.0,3,M,no,ligero
PAC001928,81,83.9,205,20.0,118,114,139,105,76,115,7.3,292,43,146,231,1.02,72,3.6,28.8,18.4,0,4235,8.1,17,13,3,8.0,10,M,no,sedentario
PAC001929,77,123.5,195,32.5,119,110,167,88,84,119,7.5,189,46,133,306,1.31,66,6.7,52.5,14.5,0,4497,11.0,7,0,2,6.0,9,F,si,sedentario
PAC001930,52,69.2,160,27.0,80,98,124,57,84,126,5.2,218,65,109,76,1.16,90,3.0,12.6,12.8,0,8362,9.4,18,24,1,9.8,8,F,no,sedentario
PAC001931,56,125.3,205,29.8,114,100,116,83,77,135,8.3,235,35,175,321,1.22,76,6.3,35.7,14.6,1,1485,8.3,13,6,1,10.3,5,F,si,ligero
PAC001932,39,70.1,150,31.2,86,92,118,57,87,90,5.7,207,50,75,87,1.2,101,0.1,11.4,12.6,9,6335,7.3,17,35,2,6.6,7,F,si,ligero
PAC001933,82,77.5,160,30.3,97,104,150,102,83,119,4.7,227,34,123,222,0.7,45,1.7,32.7,15.5,1,2398,4.6,0,3,1,18.0,6,F,si,sedentario
PAC001934,75,66.4,152,28.7,108,86,160,110,77,116,6.9,227,39,173,174,0.58,62,1.9,26.2,16.5,2,3460,5.3,9,0,4,15.7,6,M,no,sedentario
PAC001935,21,52.8,143,25.8,75,103,123,79,82,88,5.9,184,51,88,48,0.63,75,3.6,7.6,10.4,1,8344,7.4,22,17,0,8.8,6,M,no,activo
PAC001936,58,93.9,202,23.0,116,96,132,86,75,138,5.8,309,25,142,294,0.9,71,5.8,43.8,14.8,2,2145,9.9,8,0,2,15.2,8,M,si,ligero
PAC001937,18,83.5,162,31.8,103,96,107,73,57,88,4.3,151,70,84,88,1.32,98,2.1,24.3,13.6,4,11185,9.0,16,5,7,7.0,3,F,no,activo
PAC001938,46,59.9,187,17.1,80,97,115,87,59,67,5.0,240,43,148,160,1.34,86,0.1,44.8,16.8,10,12086,10.0,16,0,6,2.1,0,M,no,activo
PAC001939,19,70.6,164,26.2,98,101,114,63,75,73,4.0,231,65,114,169,1.23,116,6.7,34.9,14.6,9,10430,7.0,16,0,4,9.4,2,F,no,ligero
PAC001940,18,67.5,165,24.8,65,78,121,66,73,93,6.2,190,56,102,87,1.19,109,0.1,29.3,16.3,0,10199,7.3,6,0,7,5.9,2,M,no,ligero
PAC001941,57,87.7,188,24.8,124,113,136,76,80,118,8.1,204,46,153,249,1.45,80,1.2,36.0,16.0,0,500,10.5,2,6,2,11.3,7,F,si,activo
PAC001942,46,64.6,167,23.2,95,88,126,72,67,82,6.2,191,43,120,108,1.27,128,1.0,36.0,15.8,10,12293,8.2,19,0,7,5.9,6,F,no,activo
PAC001943,22,67.9,154,28.6,83,100,91,83,71,100,4.2,183,83,138,191,1.23,86,3.7,44.6,12.7,7,11165,8.8,9,7,5,8.5,4,F,si,ligero
PAC001944,70,97.4,140,49.7,94,84,151,97,67,94,6.4,171,54,170,146,0.4,49,4.0,46.5,14.5,0,6851,5.3,10,5,4,12.3,9,F,no,sedentario
PAC001945,27,67.9,159,26.9,93,92,112,51,77,98,4.9,158,46,111,40,1.12,107,0.9,36.9,15.3,10,9741,7.8,9,5,6,2.0,7,M,no,activo
PAC001946,18,56.2,166,20.4,90,96,95,67,50,118,5.1,167,45,90,168,1.11,77,0.6,36.0,16.2,9,14047,8.9,7,2,8,7.4,6,F,si,activo
PAC001947,41,80.5,167,28.9,60,103,110,88,58,98,5.5,162,34,104,40,1.07,90,0.1,40.3,12.9,6,10998,9.4,15,6,5,5.7,3,F,no,sedentario
PAC001948,74,80.3,181,24.5,127,112,145,87,87,126,7.6,222,31,154,268,1.02,100,8.6,45.1,15.6,1,5651,7.7,7,0,2,15.7,6,F,no,activo
PAC001949,38,69.1,148,31.5,95,100,117,83,83,89,4.9,160,46,97,71,0.77,95,6.0,26.4,9.8,5,8629,8.9,22,23,1,10.6,6,M,no,sedentario
PAC001950,45,69.5,162,26.5,60,103,93,68,70,76,4.0,195,61,117,134,1.08,88,0.1,40.0,12.6,11,12635,10.8,4,2,3,3.1,2,F,si,sedentario
PAC001951,64,83.4,196,21.7,128,99,148,88,70,135,6.4,252,43,121,245,1.15,71,5.3,28.6,13.3,0,4002,7.9,6,4,2,12.6,8,F,si,ligero
PAC001952,21,67.0,158,26.8,88,102,116,73,64,98,4.0,163,67,108,52,1.37,70,0.1,21.8,16.0,11,10157,9.3,4,8,7,9.1,2,M,no,sedentario
PAC001953,37,60.3,162,23.0,85,98,123,85,80,93,4.9,182,52,135,199,1.06,102,2.0,24.9,13.3,7,10541,7.3,13,14,0,12.6,6,M,si,sedentario
PAC001954,18,65.2,167,23.4,81,91,149,67,59,103,4.8,153,78,74,152,1.08,89,2.1,38.3,14.5,8,16289,7.8,1,11,6,5.0,1,M,no,sedentario
PAC001955,71,93.7,179,29.2,139,107,134,85,72,137,6.9,245,46,201,237,1.2,86,6.7,37.8,13.9,0,3544,8.4,16,2,2,11.8,9,M,no,sedentario
PAC001956,32,56.1,174,18.5,99,90,118,81,79,82,4.3,165,67,173,146,0.82,100,4.8,20.4,10.5,6,4492,7.4,14,29,3,6.7,10,F,si,sedentario
PAC001957,18,66.5,145,31.6,97,97,132,93,59,100,5.3,163,66,85,146,0.86,80,5.0,33.6,11.5,4,8435,9.5,15,17,5,7.2,10,M,no,activo
PAC001958,63,45.1,168,16.0,92,89,101,70,64,97,4.0,172,68,68,154,1.15,99,0.1,42.7,15.5,12,16271,6.6,1,10,6,2.0,0,F,si,ligero
PAC001959,25,86.0,144,41.5,93,95,90,74,87,95,6.3,181,72,123,134,0.88,89,4.6,32.3,12.2,3,9553,6.7,20,29,1,7.8,7,M,no,ligero
PAC001960,78,76.5,164,28.4,96,96,164,89,81,115,5.5,251,70,115,168,0.51,63,1.8,37.6,16.6,1,3805,4.4,12,0,2,12.5,2,M,no,ligero
PAC001961,32,50.6,173,16.9,85,102,109,70,67,76,6.1,208,72,108,73,1.09,123,0.1,31.1,12.9,3,12462,6.6,6,5,5,6.2,6,M,no,ligero
PAC001962,18,57.4,160,22.4,84,88,123,83,82,87,5.4,204,57,98,233,1.2,64,1.0,27.8,11.2,2,10377,8.1,19,29,5,11.7,5,M,no,sedentario
PAC001963,66,86.7,164,32.2,107,91,146,103,87,82,6.4,240,32,87,155,0.63,68,0.3,49.7,15.6,0,500,7.2,3,9,1,8.7,5,F,si,sedentario
PAC001964,42,89.4,189,25.0,95,89,145,96,62,122,7.4,203,32,166,231,1.18,84,11.8,46.0,13.8,2,3960,7.0,18,9,3,11.7,7,M,no,activo
PAC001965,84,81.9,174,27.1,100,95,174,111,52,83,5.1,179,44,168,181,0.6,66,2.7,40.4,16.7,0,11186,5.4,5,2,1,12.4,6,M,si,ligero
PAC001966,57,104.1,184,30.7,104,113,140,99,101,120,7.1,240,51,213,263,1.08,65,6.9,35.0,13.2,0,2999,10.1,22,3,0,8.3,10,M,no,sedentario
PAC001967,32,59.1,163,22.2,114,85,113,67,96,93,5.7,197,89,124,84,0.65,105,2.2,31.5,12.4,11,9340,7.5,30,35,1,14.3,4,F,si,activo
PAC001968,18,46.5,156,19.1,63,109,90,63,64,92,4.8,166,69,108,65,0.82,110,0.1,41.2,16.7,4,10898,7.5,0,0,6,6.3,4,M,no,activo
PAC001969,67,95.5,205,22.7,99,101,147,86,72,136,7.5,262,43,120,233,1.47,87,8.4,42.4,15.6,2,3207,8.7,8,17,3,7.4,8,F,si,sedentario
PAC001970,53,78.6,140,40.1,98,101,150,86,67,99,6.2,253,56,137,205,0.45,80,0.3,27.7,16.5,0,4262,7.7,16,16,2,6.5,7,M,si,sedentario
PAC001971,66,97.8,140,49.9,108,115,147,96,84,75,6.8,233,46,160,219,0.4,77,9.8,40.5,15.9,5,5610,5.8,4,7,0,14.1,7,F,no,ligero
PAC001972,18,64.4,163,24.2,69,80,103,69,69,90,4.8,165,61,100,81,1.03,115,1.3,41.0,14.0,5,7305,8.4,3,0,6,9.0,3,M,no,ligero
PAC001973,39,98.1,191,26.9,116,86,146,86,67,105,7.2,189,56,157,141,1.27,73,5.2,28.8,14.0,1,4261,6.8,10,5,0,15.0,8,F,si,sedentario
PAC001974,69,114.6,177,36.6,124,108,138,90,76,171,7.1,268,57,160,276,0.9,64,8.4,50.4,16.7,1,3697,9.0,14,16,1,10.4,9,M,si,sedentario
PAC001975,46,94.6,146,44.4,117,92,176,99,68,94,5.8,238,43,179,173,0.6,66,1.1,39.6,17.6,3,979,5.8,5,9,2,8.9,6,F,si,sedentario
PAC001976,18,50.4,163,19.0,80,89,94,60,67,108,6.6,184,96,78,149,1.19,87,2.2,36.3,16.1,5,7376,9.0,0,12,2,4.1,4,M,si,ligero
PAC001977,18,87.6,167,31.4,71,75,109,73,69,100,4.9,171,69,84,105,0.96,119,1.4,26.5,13.9,5,13152,6.4,13,26,1,4.7,7,M,si,sedentario
PAC001978,81,90.8,205,21.6,101,101,134,100,83,142,6.9,286,40,142,285,1.01,75,2.1,20.0,14.1,0,500,7.6,0,0,1,13.4,10,F,si,sedentario
PAC001979,89,97.9,150,43.5,105,105,143,78,74,107,5.0,211,25,175,221,0.4,69,1.6,43.3,11.8,0,500,4.5,19,0,1,11.2,7,F,no,sedentario
PAC001980,18,56.9,172,19.2,75,121,123,64,60,63,5.9,155,72,119,80,1.1,130,0.8,36.3,15.8,5,11745,8.3,5,0,6,10.7,5,M,si,sedentario
PAC001981,18,82.8,153,35.4,82,112,130,78,72,89,5.1,156,58,63,172,0.9,124,4.6,17.4,10.0,1,11024,7.6,23,25,2,12.3,9,M,si,sedentario
PAC001982,63,111.9,205,26.6,88,121,138,82,79,127,7.3,257,26,160,291,1.0,68,5.7,42.3,14.4,0,5091,10.3,14,11,0,10.1,10,F,no,sedentario
PAC001983,51,100.2,205,23.8,130,97,142,88,82,113,7.9,300,36,130,224,1.23,67,7.2,42.7,14.4,0,1960,8.8,5,0,1,14.8,9,F,no,sedentario
PAC001984,18,68.2,141,34.3,88,94,116,85,66,105,4.3,186,49,119,129,0.79,115,3.7,24.9,12.5,3,9670,8.7,31,24,1,8.2,4,M,no,ligero
PAC001985,34,115.4,197,29.7,112,103,136,102,77,139,7.6,248,29,132,232,0.99,76,7.5,40.3,14.0,0,872,8.6,18,20,2,7.4,9,F,no,sedentario
PAC001986,74,81.1,205,19.3,116,113,109,87,98,146,7.5,218,46,130,289,1.43,81,8.0,46.9,14.3,0,3530,8.3,5,8,3,5.4,4,F,si,ligero
PAC001987,18,65.7,174,21.7,98,104,110,66,55,116,5.9,179,78,137,155,0.73,130,0.1,33.0,17.7,3,9051,9.2,7,10,4,7.1,4,F,no,sedentario
PAC001988,74,99.4,155,41.4,120,108,135,96,74,110,5.9,204,52,177,175,0.4,64,3.7,37.3,12.9,3,9131,7.7,8,1,2,14.3,8,M,si,sedentario
PAC001989,78,112.1,182,33.8,113,98,111,95,70,125,7.6,289,48,135,195,1.33,85,7.3,49.8,14.9,0,1927,11.0,21,0,1,9.7,6,M,si,ligero
PAC001990,69,72.9,186,21.1,78,106,151,89,86,138,7.2,245,54,175,186,1.05,58,5.2,41.0,16.6,0,8753,6.9,5,4,1,11.5,6,M,si,sedentario
PAC001991,18,56.9,171,19.5,67,107,108,68,70,91,4.6,160,71,101,97,0.85,88,1.2,26.0,12.5,9,15156,10.2,0,0,6,9.2,2,M,si,activo
PAC001992,18,61.2,157,24.8,88,87,142,84,66,100,5.6,200,64,104,44,1.11,91,6.3,29.6,12.8,10,9065,7.6,0,7,6,8.5,3,F,no,ligero
PAC001993,41,44.3,165,16.3,97,101,109,71,52,60,5.2,195,57,117,54,1.17,105,3.8,20.8,13.0,6,12151,8.5,7,4,4,3.6,1,F,no,activo
PAC001994,73,107.9,140,55.1,111,86,152,93,69,98,5.6,202,61,110,252,0.87,55,6.6,21.0,14.5,2,6105,6.7,8,0,1,14.5,7,F,no,activo
PAC001995,52,82.7,158,33.1,97,98,116,69,85,99,5.5,184,62,106,135,1.24,76,6.4,30.0,8.8,4,5527,7.0,37,24,3,10.3,8,F,si,sedentario
PAC001996,35,76.5,174,25.3,82,90,125,72,61,78,5.1,205,58,114,66,0.85,95,0.1,28.4,15.6,9,12573,8.2,8,15,8,4.1,0,F,si,sedentario
PAC001997,40,65.4,155,27.2,90,97,115,71,60,65,4.9,180,57,128,134,1.3,84,3.9,29.0,16.1,8,12411,7.4,15,12,5,3.9,3,F,si,activo
PAC001998,18,91.0,158,36.5,78,98,109,79,62,82,6.6,197,68,101,112,1.14,130,0.1,27.5,14.3,9,14720,8.2,1,12,4,3.9,2,M,si,ligero
PAC001999,58,81.0,191,22.2,117,120,148,89,78,118,6.6,229,30,166,195,0.94,86,5.4,33.7,16.0,0,7087,9.1,9,7,3,12.1,7,M,si,ligero
PAC002000,18,55.1,169,19.3,85,109,101,76,45,89,6.9,175,65,92,99,1.11,119,0.1,35.9,16.5,7,13797,8.9,3,0,4,3.0,3,M,no,activo
PAC002001,42,69.7,175,22.8,84,105,128,79,66,67,5.1,201,83,103,40,1.12,91,0.1,36.0,15.2,12,9948,9.4,0,0,5,4.1,1,F,si,activo
PAC002002,66,73.3,178,23.1,133,93,163,92,76,159,6.9,201,44,179,167,1.15,68,10.9,31.9,15.8,0,3692,9.6,9,11,0,12.5,5,M,no,ligero
PAC002003,64,105.2,203,25.5,111,88,127,90,61,122,6.7,249,25,158,262,0.97,66,4.4,23.9,14.9,1,3573,7.3,11,12,3,14.6,5,M,no,ligero
PAC002004,90,90.6,150,40.3,90,94,155,120,88,101,6.0,178,26,72,83,0.4,69,1.7,19.5,14.6,0,1742,6.6,10,3,2,11.8,6,M,si,sedentario
PAC002005,36,95.8,157,38.9,100,85,172,111,79,138,5.6,212,35,135,40,0.56,83,2.3,19.8,17.6,1,3550,4.1,11,3,0,12.8,3,M,si,sedentario
PAC002006,50,86.7,192,23.5,132,95,149,84,63,151,7.3,251,36,216,293,1.49,62,7.4,33.8,15.6,0,1400,9.8,22,7,1,12.9,7,M,no,sedentario
PAC002007,24,72.8,157,29.5,85,104,127,74,83,81,4.1,159,39,102,83,0.97,80,3.7,32.5,11.1,3,4240,8.2,23,34,3,13.4,10,F,no,sedentario
PAC002008,50,97.9,193,26.3,107,96,121,93,73,124,6.9,202,64,138,305,1.69,80,7.7,41.1,15.7,2,4430,10.5,9,7,1,9.2,8,F,si,activo
PAC002009,56,84.9,148,38.8,110,84,146,94,73,103,5.6,220,53,141,145,0.4,83,4.8,19.2,14.0,0,6153,5.1,0,15,2,11.9,5,M,si,sedentario
PAC002010,38,64.9,191,17.8,69,110,135,68,77,77,5.0,185,53,105,74,1.25,110,1.6,31.2,12.6,11,16685,9.2,10,0,5,5.3,2,F,si,activo
PAC002011,88,102.8,201,25.4,124,103,145,84,66,126,8.0,220,25,173,305,1.03,67,5.6,40.9,14.3,3,2854,9.6,2,3,2,11.0,10,M,no,sedentario
PAC002012,51,84.8,150,37.7,97,98,181,85,69,139,6.8,248,34,158,195,0.4,38,4.2,33.6,14.6,0,8154,7.3,4,8,5,13.7,10,F,no,ligero
PAC002013,66,103.1,188,29.2,103,105,159,89,73,98,8.0,252,38,162,333,1.41,65,4.0,15.8,16.4,1,500,9.8,13,12,0,13.2,9,F,si,ligero
PAC002014,47,92.3,188,26.1,121,98,120,72,71,140,7.1,330,47,201,265,1.05,74,9.0,39.8,13.4,0,500,9.3,1,3,2,13.9,10,F,si,sedentario
PAC002015,42,64.5,173,21.6,68,102,132,78,59,63,5.3,190,72,127,177,0.71,73,3.5,41.3,15.3,11,10326,7.9,0,3,7,6.8,3,F,no,sedentario
PAC002016,61,127.0,197,32.7,136,103,138,94,62,116,6.5,272,56,163,300,1.36,86,2.4,18.7,14.9,0,5837,7.9,21,13,2,9.5,9,M,si,ligero
PAC002017,90,85.7,159,33.9,114,103,170,89,90,79,5.4,219,25,175,151,0.4,97,3.1,24.3,15.1,2,882,5.4,16,7,0,8.7,10,M,no,sedentario
PAC002018,79,62.3,145,29.6,89,89,179,72,80,114,6.0,216,55,113,244,0.48,68,1.6,32.4,15.9,2,2503,4.4,10,2,3,13.0,5,M,no,ligero
PAC002019,75,113.8,155,47.4,121,89,138,103,86,96,5.7,236,51,154,229,0.49,83,5.4,24.1,18.3,0,2913,7.7,4,9,2,12.7,9,F,si,sedentario
PAC002020,90,106.7,205,25.4,108,101,140,92,63,145,6.4,224,30,160,348,1.39,92,5.4,46.2,16.1,2,2331,9.1,8,17,3,7.8,2,M,si,sedentario
PAC002021,31,62.3,146,29.2,105,92,113,90,79,101,4.5,191,49,104,43,0.82,96,0.7,31.1,12.2,7,5218,8.0,21,24,2,11.0,8,F,si,activo
PAC002022,45,99.6,185,29.1,126,93,123,100,92,107,7.2,235,27,161,307,1.1,78,10.4,22.7,14.8,0,3413,8.7,23,8,1,16.7,6,M,no,ligero
PAC002023,75,84.6,192,22.9,109,117,155,80,97,132,6.5,242,25,198,257,1.5,95,4.4,45.6,16.8,0,6811,10.0,8,15,2,13.0,8,M,no,sedentario
PAC002024,30,66.1,159,26.1,82,99,128,84,85,76,5.2,155,66,108,224,1.04,77,0.9,21.1,11.1,6,11579,6.5,26,32,2,8.0,6,M,no,ligero
PAC002025,35,40.2,167,14.4,84,91,117,79,54,85,5.4,158,74,104,40,0.79,78,0.1,22.5,14.0,8,11691,6.0,8,0,7,5.3,0,M,no,activo
PAC002026,73,108.2,205,25.7,112,101,141,88,85,83,8.0,236,35,191,278,0.95,100,7.3,37.0,12.9,2,5608,8.4,7,6,2,10.3,7,F,no,ligero
PAC002027,18,63.6,166,23.1,97,93,97,95,74,96,5.0,217,48,99,163,1.17,82,6.6,31.1,13.6,7,7077,7.5,32,38,0,7.8,6,F,no,ligero
PAC002028,36,94.7,162,36.1,60,75,145,83,88,86,4.0,168,87,86,138,1.21,81,4.7,30.9,11.6,5,12326,7.4,24,16,2,10.0,10,M,no,activo
PAC002029,61,77.7,197,20.0,116,103,128,88,80,122,7.5,193,25,157,240,1.35,94,6.3,19.5,12.5,3,890,9.0,12,5,1,9.7,6,F,si,activo
PAC002030,44,118.8,179,37.1,136,127,126,95,86,135,6.3,232,40,152,212,1.06,76,7.6,41.6,17.1,4,3371,9.1,0,1,0,14.4,8,F,si,ligero
PAC002031,38,63.4,171,21.7,79,99,122,84,65,106,4.6,169,53,141,131,0.78,112,0.1,24.6,14.6,3,6759,7.0,16,23,1,9.4,8,F,no,ligero
PAC002032,63,103.3,196,26.9,108,102,141,80,64,137,8.2,256,43,184,310,1.15,90,7.0,44.0,17.4,0,8062,9.5,10,21,3,9.7,8,M,si,activo
PAC002033,20,59.4,169,20.8,85,88,136,75,64,69,5.6,146,48,100,40,1.02,110,0.1,35.0,12.6,7,16898,7.5,7,0,6,8.3,5,M,no,activo
PAC002034,27,50.6,168,17.9,74,81,120,74,58,83,4.4,148,75,133,123,1.04,93,3.3,36.7,15.5,5,10656,8.9,0,0,8,4.1,3,M,no,activo
PAC002035,49,55.4,146,26.0,88,87,117,77,81,93,5.4,226,68,130,121,0.82,117,1.5,19.7,13.8,5,12041,7.8,26,31,2,8.1,6,F,si,sedentario
PAC002036,18,60.6,141,30.5,69,94,125,65,79,73,4.2,194,69,93,40,1.0,112,1.6,15.4,10.6,2,10642,8.4,29,29,3,10.6,9,M,si,ligero
PAC002037,18,56.4,162,21.5,85,108,151,74,69,86,6.0,151,60,79,40,0.73,84,4.9,35.7,13.4,3,7322,9.2,6,38,0,4.9,8,M,si,sedentario
PAC002038,90,107.5,147,49.7,112,88,174,92,66,102,6.4,205,25,154,215,0.74,79,4.0,21.0,16.7,4,3669,6.1,20,0,3,9.4,3,F,no,sedentario
PAC002039,52,72.5,183,21.6,91,98,122,71,55,75,4.2,194,46,149,176,1.33,117,1.2,45.1,12.9,10,12279,7.9,7,3,6,6.1,3,M,no,activo
PAC002040,78,75.1,140,38.3,93,85,163,102,69,85,6.1,216,46,181,171,0.4,69,2.1,36.4,16.6,8,5240,7.5,13,4,2,11.2,6,F,si,sedentario
PAC002041,34,68.1,163,25.6,77,101,99,76,82,98,5.7,209,61,118,113,0.78,96,0.3,24.8,12.9,5,8066,7.3,11,21,2,9.8,6,M,no,sedentario
PAC002042,67,93.0,153,39.7,108,105,152,88,88,90,5.8,222,63,139,159,0.68,69,9.0,29.2,16.4,0,500,6.9,8,10,1,13.6,7,M,si,sedentario
PAC002043,18,57.3,162,21.8,90,103,99,76,74,84,4.9,160,55,76,141,1.15,79,0.1,24.7,14.9,10,11746,8.9,3,14,6,5.5,3,M,no,ligero
PAC002044,78,80.6,205,19.2,117,111,133,87,76,152,6.7,211,44,201,258,1.02,88,5.3,45.5,16.0,0,5850,10.7,11,6,1,11.2,6,F,no,ligero
PAC002045,70,120.4,174,39.8,105,108,182,86,72,132,8.0,243,53,184,213,1.3,89,5.5,50.4,18.8,3,1866,7.3,9,19,1,12.5,9,F,si,sedentario
PAC002046,25,65.5,163,24.7,91,111,123,65,84,80,5.2,216,70,103,101,0.91,86,2.5,5.0,11.9,9,7799,7.1,15,22,1,10.6,9,F,no,sedentario
PAC002047,46,63.0,167,22.6,88,110,90,84,65,90,4.1,182,76,114,120,1.38,59,0.1,43.8,15.0,10,12333,6.9,0,0,4,3.4,5,F,no,activo
PAC002048,53,87.9,140,44.8,106,85,169,107,83,98,4.8,219,44,147,233,0.49,68,4.6,35.7,16.1,0,6234,7.4,1,6,1,11.0,5,F,no,sedentario
PAC002049,80,94.5,205,22.5,106,104,157,90,81,148,6.4,218,47,143,287,1.17,81,7.7,37.9,14.8,1,4462,8.4,9,8,0,11.3,10,F,no,ligero
PAC002050,79,93.5,205,22.2,110,110,136,88,86,143,6.0,210,25,168,183,1.06,77,8.9,26.1,18.2,0,3670,9.4,14,11,1,13.6,6,F,si,sedentario
PAC002051,18,89.8,176,29.0,84,97,150,77,70,87,4.5,200,83,101,40,0.72,103,0.1,25.2,14.0,8,11528,8.0,6,10,6,3.3,2,M,no,activo
PAC002052,39,76.2,172,25.8,91,99,113,75,97,76,5.0,202,86,74,142,0.67,89,1.7,25.5,10.6,6,7816,7.9,16,15,5,9.2,7,M,no,activo
PAC002053,85,103.4,205,24.6,117,91,143,72,86,113,7.7,246,55,146,282,1.18,65,10.1,41.8,18.1,3,7162,8.2,2,7,0,14.0,8,F,no,ligero
PAC002054,28,65.3,156,26.8,78,94,106,82,72,111,6.1,195,71,155,112,0.79,76,3.6,19.2,11.0,6,8680,8.9,24,18,1,10.2,10,F,no,sedentario
PAC002055,76,101.6,180,31.4,123,116,144,102,73,107,7.0,229,44,172,306,1.09,84,6.2,53.9,13.1,0,5933,8.7,13,0,0,11.9,8,F,si,sedentario
PAC002056,42,105.4,147,48.8,67,100,127,72,69,64,5.0,183,67,104,135,0.89,120,2.3,12.4,10.4,7,4343,8.9,33,24,0,11.0,10,F,si,sedentario
PAC002057,71,96.0,156,39.4,108,86,168,93,67,124,5.6,265,51,92,244,0.65,73,3.9,45.6,15.8,2,5223,5.0,9,0,2,7.9,9,M,si,sedentario
PAC002058,59,101.9,202,25.0,114,106,140,100,64,128,6.6,207,25,164,217,1.01,69,5.2,42.2,17.0,2,500,7.3,3,21,0,10.3,7,M,si,sedentario
PAC002059,18,72.3,149,32.6,83,78,122,62,79,90,5.2,180,69,127,76,1.23,94,3.4,14.9,13.3,5,8366,7.3,18,20,1,12.8,6,M,si,ligero
PAC002060,68,116.8,194,31.0,141,108,153,79,84,121,6.1,220,56,140,246,1.1,66,3.3,27.4,15.0,4,3491,9.8,5,9,0,9.6,9,F,no,ligero
PAC002061,19,83.1,157,33.7,120,98,132,66,80,74,5.2,171,39,131,146,0.77,70,3.0,6.2,13.7,6,9550,7.9,14,20,3,9.2,7,F,si,ligero
PAC002062,49,102.5,142,50.8,106,105,139,106,68,62,6.2,245,66,168,117,0.4,115,6.1,48.5,13.1,0,6226,6.1,12,10,1,11.7,9,F,si,sedentario
PAC002063,68,61.3,198,15.6,108,89,134,101,79,120,6.8,261,26,220,359,1.07,79,10.5,31.3,13.9,5,500,7.2,12,10,0,13.5,10,M,si,sedentario
PAC002064,69,87.0,162,33.2,103,81,175,91,67,101,6.7,197,57,136,176,0.4,74,2.5,37.8,15.2,5,4808,6.5,15,21,3,17.2,7,F,si,ligero
PAC002065,52,97.6,200,24.4,115,108,110,95,93,143,7.1,283,58,220,289,1.34,83,8.8,31.6,12.9,0,2032,10.1,11,18,0,7.5,9,M,si,sedentario
PAC002066,18,76.3,155,31.8,76,104,107,83,68,84,4.7,218,66,136,121,0.99,89,0.4,34.0,15.7,12,9527,8.5,4,3,5,7.1,0,F,si,sedentario
PAC002067,25,66.3,178,20.9,91,91,92,72,80,108,4.4,173,38,117,81,0.79,124,2.7,27.5,10.3,6,10343,7.7,20,29,0,12.0,7,M,no,ligero
PAC002068,42,67.2,159,26.6,84,92,125,83,57,111,5.8,169,71,80,127,0.89,77,0.8,48.6,15.6,10,12649,9.0,6,0,7,5.7,0,M,si,activo
PAC002069,68,97.6,205,23.2,132,97,136,98,86,113,6.2,231,36,83,208,1.17,84,7.5,39.9,14.5,0,3577,8.6,26,10,2,8.1,8,M,si,sedentario
PAC002070,62,81.3,149,36.6,95,82,166,98,75,101,5.7,186,37,154,219,0.65,107,6.3,43.7,17.0,5,5011,4.5,9,3,2,17.6,9,F,si,sedentario
PAC002071,78,75.1,147,34.8,94,94,177,82,78,71,4.3,228,39,171,90,1.05,55,6.0,26.6,15.9,1,1892,5.9,10,0,2,12.1,4,F,no,ligero
PAC002072,53,90.8,204,21.8,136,112,113,81,67,154,8.4,274,77,112,327,1.08,88,2.8,53.5,17.1,0,500,7.5,7,0,0,12.5,8,M,no,sedentario
PAC002073,81,86.3,140,44.0,117,100,139,72,73,100,4.1,191,36,188,167,0.48,81,2.5,21.8,16.8,1,7852,6.3,1,10,0,11.8,8,F,no,ligero
PAC002074,18,40.0,169,14.0,91,107,107,70,59,86,4.8,229,49,75,124,1.04,95,0.2,30.9,15.0,9,9210,8.2,0,4,4,2.0,5,F,no,activo
PAC002075,59,66.4,201,16.4,123,94,132,84,74,120,8.3,185,43,176,179,1.24,75,8.3,54.6,14.2,0,1374,9.3,6,19,0,9.5,9,F,si,ligero
PAC002076,55,76.5,162,29.1,76,101,156,76,62,95,5.1,159,69,82,90,1.22,120,0.5,39.3,14.4,10,14338,7.9,0,8,6,6.0,6,M,no,ligero
PAC002077,82,79.6,140,40.6,101,80,164,109,86,113,6.3,237,53,157,136,0.7,85,4.4,35.7,16.4,4,3394,6.4,4,13,3,18.8,5,M,no,sedentario
PAC002078,18,45.0,166,16.3,74,86,141,81,63,86,5.0,185,64,178,173,1.08,91,0.1,32.9,14.4,11,7118,8.3,0,0,5,5.5,2,F,no,ligero
PAC002079,60,83.9,157,34.0,100,94,167,98,81,97,5.5,244,51,139,184,0.52,70,7.3,25.2,13.2,0,500,7.0,8,0,0,9.2,4,M,no,sedentario
PAC002080,72,97.1,152,42.0,123,90,177,104,71,113,5.1,291,38,114,66,0.56,75,4.1,53.4,17.2,0,4820,4.6,16,9,2,12.0,7,M,si,activo
PAC002081,63,102.3,177,32.7,103,100,126,87,81,112,6.6,276,25,121,309,1.4,95,10.9,40.3,17.2,0,4836,10.8,0,0,0,13.2,2,F,no,sedentario
PAC002082,29,54.8,161,21.1,76,101,136,70,65,76,4.6,139,76,108,58,1.41,77,1.7,24.6,15.5,9,8290,7.5,1,0,6,2.8,0,M,si,ligero
PAC002083,21,45.2,153,19.3,91,76,114,73,100,98,4.7,189,32,120,40,1.06,78,1.4,30.0,11.9,10,11297,6.9,19,27,3,8.5,9,M,si,sedentario
PAC002084,49,88.2,163,33.2,104,78,120,71,84,97,6.0,183,80,116,102,1.03,99,3.9,25.8,12.9,6,7689,8.4,28,5,4,9.1,7,M,no,activo
PAC002085,23,54.8,143,26.8,86,88,93,74,90,106,6.2,151,56,99,117,0.83,115,1.5,32.1,13.8,4,7685,6.9,28,35,0,7.7,8,F,no,sedentario
PAC002086,49,81.8,157,33.2,114,98,134,106,65,127,5.6,207,35,158,185,0.58,57,7.9,30.5,17.6,0,4977,5.0,14,0,2,14.7,9,F,si,sedentario
PAC002087,41,67.1,166,24.4,84,80,140,90,82,104,4.6,230,54,90,241,0.64,96,2.2,15.8,13.3,7,6522,7.8,23,18,3,8.7,2,F,no,sedentario
PAC002088,20,61.9,173,20.7,91,100,127,76,46,87,5.6,126,72,80,62,1.28,91,2.9,44.0,16.4,15,10794,8.7,0,0,7,9.8,5,M,no,ligero
PAC002089,71,111.0,205,26.4,111,104,140,100,90,152,6.5,274,25,146,176,0.97,105,7.3,40.3,12.6,2,6108,9.3,12,6,1,8.0,8,M,no,sedentario
PAC002090,73,83.6,145,39.8,99,94,141,108,55,104,5.3,201,45,129,109,0.54,80,5.1,48.1,16.7,3,500,5.1,10,6,1,10.0,8,M,si,ligero
PAC002091,29,96.4,172,32.6,100,96,94,75,79,99,5.4,201,57,133,124,1.13,119,3.2,34.6,12.8,11,13141,7.3,1,0,6,8.1,3,F,no,sedentario
PAC002092,61,70.6,149,31.8,113,102,165,107,89,109,5.9,284,86,140,209,0.4,72,6.4,52.2,16.6,1,5022,5.8,7,0,1,12.9,4,F,no,ligero
PAC002093,26,60.7,155,25.3,73,100,113,73,45,116,4.9,173,92,93,82,1.09,123,1.8,29.7,15.0,7,15915,7.9,0,0,6,5.7,5,M,no,sedentario
PAC002094,22,64.1,164,23.8,78,93,116,77,76,81,4.9,180,65,130,134,0.87,79,0.1,19.7,11.0,3,11092,9.9,19,25,3,9.7,3,M,no,sedentario
PAC002095,78,77.4,147,35.8,88,92,147,106,71,98,5.6,229,37,156,210,0.41,78,7.6,58.0,15.2,1,7144,5.9,14,0,2,18.1,6,F,no,activo
PAC002096,63,97.2,140,49.6,110,83,147,91,81,113,6.3,225,41,178,109,0.44,76,3.4,45.3,15.4,0,4944,6.9,9,3,2,13.9,8,F,no,sedentario
PAC002097,54,87.9,157,35.7,79,93,130,81,88,90,6.6,172,60,89,218,0.77,130,4.1,28.4,10.4,4,12116,8.2,22,8,3,7.4,8,F,si,sedentario
PAC002098,34,55.8,178,17.6,68,106,115,65,56,66,5.5,181,73,114,52,0.62,107,0.3,43.2,13.5,10,12879,7.9,0,0,6,3.7,3,F,si,sedentario
PAC002099,31,99.9,148,45.6,71,94,108,77,96,100,6.0,162,41,121,91,1.13,89,3.2,19.7,14.3,9,6222,6.5,20,29,2,8.3,6,F,no,ligero
PAC002100,63,95.4,195,25.1,100,105,137,95,67,148,7.5,191,25,143,352,1.31,57,3.9,37.5,14.0,0,3039,7.8,13,16,0,10.2,10,F,no,sedentario
PAC002101,61,79.1,141,39.8,114,78,127,91,78,85,6.0,181,56,136,110,0.4,70,5.2,30.1,14.3,4,6112,9.3,10,7,3,16.0,6,M,no,sedentario
PAC002102,37,74.4,167,26.7,74,102,92,66,68,85,4.3,179,66,125,119,1.15,118,0.2,46.4,14.1,8,13964,8.7,0,0,4,6.2,7,M,no,activo
PAC002103,67,94.5,149,42.6,103,99,178,96,87,114,6.0,227,33,125,236,0.63,65,6.7,22.5,15.6,2,4235,7.2,7,0,4,13.5,8,F,no,sedentario
PAC002104,45,59.1,160,23.1,69,91,117,69,76,71,5.7,211,65,103,227,0.83,86,1.8,24.9,11.6,7,7881,8.8,11,25,1,8.1,9,M,no,ligero
PAC002105,30,71.7,143,35.1,84,89,117,64,93,113,5.0,185,64,96,120,0.81,90,4.1,19.4,14.9,4,7229,9.3,22,30,5,7.3,10,F,no,sedentario
PAC002106,63,112.4,205,26.7,108,98,144,83,86,161,7.7,215,59,155,294,1.47,66,5.0,39.2,14.8,5,925,9.3,21,6,0,16.8,8,M,no,activo
PAC002107,54,82.1,189,23.0,121,116,142,83,75,143,7.7,276,37,138,246,0.83,72,3.5,53.5,13.8,0,4587,7.8,14,25,0,11.9,5,F,no,sedentario
PAC002108,77,93.3,199,23.6,116,122,141,84,77,133,7.3,268,25,155,336,1.46,80,6.7,34.3,16.0,3,4531,10.4,4,6,1,12.4,9,M,si,sedentario
PAC002109,37,69.9,140,35.7,88,94,107,64,66,108,5.4,177,58,98,40,0.81,84,2.0,33.5,12.1,6,3756,8.3,32,29,2,7.4,5,M,si,ligero
PAC002110,71,93.8,191,25.7,100,103,126,79,67,140,6.1,236,25,189,322,1.1,66,9.1,25.1,12.8,0,1339,9.6,6,16,5,6.7,10,M,si,sedentario
PAC002111,59,73.8,193,19.8,123,103,112,86,62,116,7.2,319,43,145,224,1.15,93,5.9,38.2,15.8,2,500,9.6,16,0,3,9.7,10,M,si,sedentario
PAC002112,30,68.0,146,31.9,82,75,122,71,79,97,5.1,202,62,106,154,0.72,92,4.8,35.5,10.8,5,7334,6.9,15,27,2,3.0,10,F,no,activo
PAC002113,88,108.4,187,31.0,136,100,157,85,98,172,6.9,263,39,142,241,1.31,62,6.2,43.3,16.7,0,604,8.8,10,5,0,11.1,5,M,si,sedentario
PAC002114,55,94.7,149,42.7,119,106,182,90,83,115,5.5,203,42,103,174,0.72,76,4.4,14.6,16.2,0,6638,6.5,9,7,0,17.6,4,F,no,ligero
PAC002115,40,50.1,153,21.4,96,98,106,82,84,77,5.6,187,48,104,64,1.12,106,3.7,15.3,11.1,4,6905,7.1,21,28,2,10.2,7,F,si,activo
PAC002116,18,67.5,165,24.8,74,100,123,79,72,74,5.6,192,50,149,40,1.2,114,1.8,31.0,13.0,11,3691,8.4,25,10,3,8.9,7,M,no,activo
PAC002117,26,63.7,176,20.6,71,91,103,72,64,96,5.4,157,49,100,94,1.1,101,3.9,42.9,14.5,13,7755,6.6,3,0,6,5.2,7,M,no,ligero
PAC002118,41,80.2,165,29.5,84,92,122,80,73,90,5.0,247,55,171,104,1.08,107,3.3,25.6,8.1,2,9764,8.0,15,28,0,14.2,7,F,si,sedentario
PAC002119,18,73.2,164,27.2,65,104,100,65,70,78,5.4,208,75,105,162,1.17,82,3.7,18.7,14.6,9,14751,9.6,3,0,6,2.0,3,M,no,sedentario
PAC002120,90,99.3,191,27.2,117,113,141,92,78,140,7.9,260,37,190,255,1.12,76,7.2,33.0,13.6,3,966,8.6,19,13,1,7.1,9,M,no,sedentario
PAC002121,75,65.5,148,29.9,91,99,146,104,78,141,5.9,194,47,191,247,0.53,64,4.2,24.6,14.2,0,10368,6.0,0,0,3,15.8,8,M,no,sedentario
PAC002122,18,92.3,164,34.3,70,117,114,79,64,91,4.7,224,58,99,149,1.58,92,0.1,27.5,14.9,9,11396,6.3,0,3,4,2.0,2,M,no,sedentario
PAC002123,22,60.6,180,18.7,75,112,102,78,73,62,4.5,133,63,47,50,0.91,129,0.1,17.7,14.3,9,14428,8.3,2,5,5,2.0,5,M,si,activo
PAC002124,27,57.1,160,22.3,70,102,122,77,78,94,5.2,212,63,93,58,1.02,95,3.6,28.2,13.6,8,10171,8.2,21,20,5,16.1,9,M,si,activo
PAC002125,62,93.5,205,22.2,123,98,132,74,72,142,6.7,305,54,176,202,1.29,72,4.4,25.1,13.5,0,500,7.6,4,0,0,13.6,10,F,no,activo
PAC002126,90,102.4,140,52.2,92,96,164,87,72,83,5.7,270,47,180,210,0.4,55,2.6,23.2,16.3,3,3990,7.2,22,7,0,10.4,6,M,no,ligero
PAC002127,70,91.3,140,46.6,92,89,167,94,74,75,4.5,232,28,155,154,0.64,67,7.7,43.8,16.7,5,1843,6.0,9,2,2,14.0,4,M,no,ligero
PAC002128,72,75.9,199,19.2,118,115,151,74,98,160,7.1,232,40,136,259,0.93,64,7.0,37.4,13.5,0,2731,7.8,11,1,1,14.2,6,F,no,sedentario
PAC002129,35,66.5,159,26.3,82,93,126,85,69,94,5.7,164,55,70,42,1.01,102,4.2,16.4,12.6,5,10365,8.2,24,28,3,6.7,4,M,no,sedentario
PAC002130,42,90.5,143,44.3,114,82,169,102,92,114,6.4,184,42,132,208,0.4,69,3.2,33.8,14.9,5,6167,5.7,16,0,2,13.7,6,M,no,ligero
PAC002131,78,103.3,140,52.7,90,83,140,117,80,87,5.2,218,54,180,165,0.82,104,4.0,36.5,16.5,0,5213,7.1,2,11,3,15.7,4,M,si,ligero
PAC002132,57,95.8,187,27.4,101,93,129,77,82,115,7.9,263,32,182,269,1.4,98,8.6,40.4,15.4,6,500,7.2,12,12,0,13.4,9,F,si,sedentario
PAC002133,34,65.6,176,21.2,76,90,123,68,51,68,4.7,194,65,129,69,1.11,112,1.4,39.7,15.9,9,11798,9.3,14,3,6,6.5,3,F,si,activo
PAC002134,53,89.9,140,45.9,79,94,145,95,64,92,5.5,224,48,143,233,0.4,78,4.1,31.9,14.6,3,5674,5.7,15,7,2,14.3,9,M,si,sedentario
PAC002135,45,73.1,177,23.3,88,114,117,74,57,90,4.8,208,67,127,105,0.82,105,0.1,43.8,14.9,8,14092,7.9,0,1,6,5.0,5,M,no,sedentario
PAC002136,18,74.5,183,22.2,81,108,109,68,74,103,4.5,181,62,109,172,1.23,90,5.5,29.7,13.4,8,7076,7.7,31,28,1,8.8,9,M,si,sedentario
PAC002137,21,91.4,146,42.9,105,91,116,85,89,69,5.6,184,64,91,74,0.89,115,0.1,18.4,13.0,4,4582,9.6,20,27,5,10.4,7,M,no,sedentario
PAC002138,23,62.0,172,21.0,95,106,98,70,73,72,4.9,144,51,64,45,1.58,115,1.5,32.1,15.7,9,12016,6.9,8,7,6,10.0,2,F,si,sedentario
PAC002139,69,81.6,196,21.2,99,115,93,93,92,133,6.7,213,36,159,164,1.21,114,8.1,34.1,16.7,0,5162,9.4,23,11,0,11.2,9,M,si,sedentario
PAC002140,60,102.0,197,26.3,110,105,117,86,101,154,8.4,262,36,156,297,1.17,60,5.2,44.0,12.3,2,1120,9.1,29,11,1,13.0,8,M,no,sedentario
PAC002141,42,112.0,205,26.7,100,92,156,102,96,137,8.1,278,42,156,388,1.04,51,3.8,38.8,13.8,2,5951,8.2,10,20,0,10.5,9,M,si,ligero
PAC002142,55,71.6,154,30.2,111,85,151,92,81,111,6.4,229,66,119,184,0.9,76,5.6,34.2,16.6,0,3837,5.4,10,0,1,12.8,6,M,no,sedentario
PAC002143,56,64.3,153,27.5,80,93,140,83,86,70,4.9,183,68,79,122,0.78,101,2.9,23.7,12.5,4,13462,8.6,15,10,0,10.6,5,M,si,ligero
PAC002144,58,63.3,171,21.6,89,107,144,68,56,76,5.8,157,70,128,177,0.89,122,0.1,43.3,15.7,7,11982,10.1,7,7,5,4.7,3,M,si,sedentario
PAC002145,18,72.4,163,27.2,81,102,126,75,76,111,5.1,182,74,105,165,0.69,104,2.2,24.4,14.4,6,10390,8.0,10,13,2,7.9,4,F,no,ligero
PAC002146,29,78.3,172,26.5,60,101,124,70,71,99,5.3,178,66,78,133,1.09,98,5.0,54.0,16.2,9,11986,9.0,14,0,4,6.0,0,F,no,ligero
PAC002147,23,92.0,168,32.6,91,113,114,78,98,78,4.7,256,39,115,98,0.82,89,6.6,28.6,8.9,3,4372,7.0,22,21,2,7.2,8,M,no,activo
PAC002148,90,79.4,140,40.5,100,102,160,108,90,115,4.9,269,55,167,206,0.57,36,3.1,11.5,15.7,0,8655,7.9,7,2,3,10.8,9,M,si,sedentario
PAC002149,73,91.9,205,21.9,123,97,143,85,63,141,6.9,193,25,166,272,1.05,80,10.1,48.6,15.5,0,6092,7.6,11,20,5,11.7,4,M,si,ligero
PAC002150,44,74.2,169,26.0,75,99,120,85,58,92,5.3,207,68,115,53,1.26,100,1.2,47.8,14.5,8,14472,6.9,3,0,6,8.6,1,M,si,activo
PAC002151,33,55.5,166,20.1,71,130,112,72,62,70,5.0,175,83,111,40,0.87,130,0.1,46.5,13.6,11,7286,7.5,8,6,4,10.7,2,M,no,ligero
PAC002152,27,92.7,154,39.1,85,102,108,54,69,127,4.9,205,55,107,94,0.72,95,4.0,18.9,11.0,5,12222,8.1,17,27,0,7.5,6,F,no,ligero
PAC002153,59,73.8,181,22.5,150,113,139,87,85,122,7.7,282,25,186,235,0.99,68,11.6,30.2,16.0,1,911,8.5,15,0,3,16.0,7,M,si,sedentario
PAC002154,38,56.1,154,23.7,68,95,127,81,55,60,4.2,192,59,85,44,1.09,117,0.1,38.6,18.7,6,13681,7.8,7,2,5,6.8,4,M,no,activo
PAC002155,40,61.3,161,23.6,70,110,136,68,62,104,5.7,179,51,87,92,1.01,84,0.8,34.6,14.3,7,11742,8.5,6,15,4,5.8,1,M,no,sedentario
PAC002156,34,62.0,161,23.9,81,96,114,83,90,76,6.0,149,60,148,121,1.04,108,5.0,31.4,11.4,8,10667,7.1,25,21,2,10.1,8,F,no,ligero
PAC002157,74,107.1,140,54.6,98,98,159,109,74,108,6.6,232,32,104,260,0.44,75,7.2,39.7,16.3,0,2969,7.5,7,9,3,9.2,10,M,no,activo
PAC002158,29,72.8,167,26.1,81,118,119,68,49,93,4.0,132,48,142,128,0.88,75,3.8,36.9,11.9,10,11974,11.0,0,0,6,3.0,0,F,no,activo
PAC002159,70,90.0,189,25.2,113,93,142,91,62,115,6.6,276,27,138,222,1.35,76,3.2,41.1,17.0,3,1853,7.7,17,15,0,5.5,6,F,si,sedentario
PAC002160,39,65.5,154,27.6,95,85,107,74,86,92,5.7,237,62,57,103,0.66,81,0.1,24.9,12.8,4,5938,7.5,19,26,1,9.1,7,F,si,ligero
PAC002161,37,80.9,198,20.6,96,109,158,79,79,138,6.9,251,40,235,304,1.22,84,6.2,42.4,16.0,0,500,8.4,8,7,1,9.2,7,M,si,sedentario
PAC002162,90,96.1,150,42.7,102,111,165,95,86,84,6.0,256,65,136,155,0.4,83,4.4,42.9,16.0,2,6138,4.7,20,0,1,8.2,5,M,no,sedentario
PAC002163,63,111.1,143,54.3,103,97,164,103,67,80,6.5,198,65,144,118,0.4,88,2.8,26.2,15.0,2,4406,7.4,7,0,4,16.2,8,F,no,sedentario
PAC002164,18,78.3,163,29.5,69,87,107,66,60,99,5.9,181,65,70,145,0.76,108,3.5,46.5,16.7,10,14525,8.0,1,0,7,10.6,5,F,si,ligero
PAC002165,60,82.9,140,42.3,83,95,145,99,83,118,5.7,240,25,153,148,0.58,65,0.1,14.2,14.6,0,5171,7.7,10,6,0,10.2,10,M,no,sedentario
PAC002166,49,70.2,205,16.7,134,105,149,97,60,164,6.6,302,54,156,189,1.15,53,4.3,29.9,16.1,0,3464,8.2,9,19,3,11.5,9,F,si,ligero
PAC002167,18,51.3,156,21.1,82,98,114,81,101,68,5.8,185,55,116,101,0.89,82,5.4,18.8,11.7,8,8203,7.7,19,38,1,9.4,7,M,no,sedentario
PAC002168,54,104.4,193,28.0,96,110,132,98,78,140,7.8,186,25,128,260,1.09,62,5.5,35.9,15.8,0,5056,11.0,7,18,1,13.6,8,F,si,ligero
PAC002169,81,82.2,141,41.3,107,90,158,107,83,82,5.2,270,70,106,228,0.4,37,5.8,38.2,15.9,0,7565,7.1,2,6,2,12.9,3,F,si,sedentario
PAC002170,42,96.2,190,26.6,126,95,153,90,74,132,7.0,218,36,179,232,1.12,55,4.7,41.3,14.9,2,2559,9.6,18,17,3,11.8,7,F,no,ligero
PAC002171,19,63.8,178,20.1,73,95,114,64,51,94,6.3,179,56,138,89,1.25,103,1.2,27.4,13.2,3,10586,8.0,0,0,5,4.3,3,M,no,activo
PAC002172,68,98.3,195,25.9,116,108,152,64,81,108,7.6,271,25,203,270,1.02,77,6.2,28.5,15.7,0,1207,7.8,13,4,2,12.2,3,F,no,sedentario
PAC002173,90,72.5,158,29.0,104,86,168,91,77,106,7.3,240,40,152,108,0.71,93,7.2,32.2,16.7,4,5982,6.2,9,3,2,11.5,6,F,si,ligero
PAC002174,18,88.5,159,35.0,88,84,133,59,81,97,5.2,188,60,49,178,0.98,99,4.9,24.2,12.6,2,9498,6.0,20,15,1,12.8,4,F,si,ligero
PAC002175,18,60.8,158,24.4,88,85,133,77,67,80,5.5,162,68,73,95,0.87,96,3.8,27.4,11.2,5,9328,6.4,17,16,2,6.7,3,M,si,ligero
PAC002176,66,83.7,172,28.3,113,79,155,97,86,160,8.0,240,28,133,176,1.08,99,8.9,39.4,15.1,2,7309,6.5,10,17,2,9.8,8,F,si,ligero
PAC002177,46,56.9,170,19.7,60,97,90,69,59,92,5.4,165,54,112,83,1.07,110,0.1,38.1,15.2,4,9054,8.1,0,0,6,3.6,0,F,si,activo
PAC002178,87,79.7,197,20.5,97,105,123,69,60,98,6.3,245,66,152,223,1.02,89,7.4,37.8,14.9,0,4046,8.5,18,7,0,8.2,8,F,no,activo
PAC002179,50,90.6,185,26.5,129,104,102,83,71,129,7.7,225,64,143,242,1.15,76,5.8,44.4,13.7,0,4032,8.4,13,13,1,8.5,9,M,si,sedentario
PAC002180,90,85.7,140,43.7,126,99,165,104,77,116,5.9,202,29,152,185,0.54,41,5.2,42.4,12.3,0,741,4.0,8,8,1,14.4,3,F,si,sedentario
PAC002181,31,60.7,170,21.0,90,96,107,58,65,100,6.3,163,59,94,71,0.92,67,3.0,22.0,15.4,11,11034,7.8,2,3,7,5.2,0,F,si,sedentario
PAC002182,90,84.2,147,39.0,99,91,162,107,83,95,4.7,156,48,123,92,0.55,67,4.8,43.3,16.3,4,2806,5.1,17,0,4,12.6,4,M,no,activo
PAC002183,23,68.7,160,26.8,97,95,104,64,72,93,4.2,189,54,110,70,1.16,104,2.0,23.5,12.2,7,10418,8.9,18,18,0,11.1,5,F,si,sedentario
PAC002184,67,91.7,191,25.1,117,103,121,65,75,135,6.1,267,63,154,194,1.2,86,9.1,36.4,15.8,0,3197,9.8,7,19,2,11.5,9,M,no,sedentario
PAC002185,22,42.4,172,14.3,72,75,131,71,72,110,6.1,174,62,106,66,0.91,87,1.8,25.5,11.4,6,8048,9.8,9,24,2,9.2,6,M,no,ligero
PAC002186,53,143.9,183,43.0,127,95,135,88,67,153,6.7,259,25,93,248,1.34,90,8.4,38.4,15.0,0,2067,8.0,14,0,2,12.1,5,M,si,ligero
PAC002187,64,61.3,171,21.0,69,99,125,74,49,74,4.8,145,79,102,108,1.12,119,3.2,33.9,14.1,8,18693,7.1,0,6,8,3.4,6,M,si,activo
PAC002188,33,64.1,165,23.5,62,86,142,75,53,89,4.7,124,63,67,128,0.92,106,3.1,45.8,14.9,11,11649,8.6,0,0,4,5.1,3,M,no,sedentario
PAC002189,20,56.3,160,22.0,74,105,135,68,60,79,4.7,151,56,116,61,1.15,111,3.5,40.1,15.4,10,11598,7.3,12,8,4,6.0,5,M,no,activo
PAC002190,29,63.8,169,22.3,73,111,148,72,59,106,6.3,176,66,147,56,0.86,118,1.4,38.9,13.9,8,12264,9.1,7,6,7,9.0,4,M,si,activo
PAC002191,45,55.5,164,20.6,74,103,120,67,71,119,4.6,149,59,134,123,1.06,94,1.4,37.0,15.8,7,12709,7.8,1,0,2,7.2,4,F,si,activo
PAC002192,18,65.7,167,23.6,65,103,95,76,61,74,4.3,139,65,71,189,1.08,130,2.9,45.2,13.9,8,9302,8.4,11,0,4,7.6,1,M,no,ligero
PAC002193,80,95.8,189,26.8,124,98,142,90,74,145,6.1,150,25,165,204,1.16,54,2.3,47.8,14.0,0,500,10.3,10,3,0,12.7,10,F,si,ligero
PAC002194,42,74.0,164,27.5,95,79,168,90,86,102,5.1,177,28,146,174,0.4,62,3.1,26.2,15.8,1,1905,5.6,15,0,3,17.0,10,F,no,sedentario
PAC002195,85,74.9,151,32.8,128,93,172,90,81,92,6.6,217,65,117,230,0.54,69,4.3,26.3,16.1,0,4577,7.8,18,0,3,9.8,3,M,si,sedentario
PAC002196,70,97.2,150,43.2,107,111,166,101,76,95,5.8,185,38,80,88,0.62,52,5.9,32.4,14.8,1,12179,4.4,2,1,2,8.6,2,M,si,sedentario
PAC002197,69,75.8,186,21.9,139,104,140,94,96,114,7.4,202,33,151,306,0.85,94,7.7,37.3,14.4,2,2457,9.8,10,6,1,11.5,10,F,si,sedentario
PAC002198,20,60.8,155,25.3,61,95,120,60,64,97,5.6,236,74,97,246,0.84,115,2.3,35.1,13.2,10,12734,9.5,0,0,4,7.5,5,M,si,ligero
PAC002199,26,70.3,159,27.8,71,106,132,72,74,83,4.8,142,63,102,103,1.29,81,0.6,35.2,16.5,7,8813,7.5,0,13,5,2.0,1,M,si,activo
PAC002200,25,65.9,165,24.2,82,89,107,79,62,89,4.7,159,71,90,204,1.22,103,3.3,44.4,14.4,6,11382,9.0,10,0,8,5.0,5,F,no,activo
PAC002201,57,89.8,153,38.4,112,94,184,94,81,115,6.4,188,35,156,153,0.5,50,5.8,49.7,16.4,1,11446,5.1,8,5,2,9.2,9,M,no,sedentario
PAC002202,84,61.6,140,31.4,105,95,163,99,95,116,6.6,266,29,144,216,0.4,78,2.9,20.4,15.6,0,4464,6.3,22,6,2,12.1,5,F,no,sedentario
PAC002203,47,70.6,160,27.6,79,104,118,76,62,93,4.1,183,66,111,154,1.35,105,2.2,40.3,16.8,1,10144,8.4,0,9,6,5.5,3,F,si,ligero
PAC002204,19,40.0,173,13.4,81,96,141,50,46,98,4.8,176,69,121,40,1.11,99,0.2,55.4,14.7,10,4890,8.6,0,4,7,2.2,0,F,no,ligero
PAC002205,18,69.9,155,29.1,88,115,135,85,64,84,5.8,136,55,85,141,0.92,86,4.3,36.8,14.8,5,11286,9.1,4,4,5,3.2,6,F,si,ligero
PAC002206,18,79.6,157,32.3,93,82,105,62,97,94,4.6,136,47,103,152,0.93,130,3.3,20.3,11.4,6,4405,10.6,24,35,4,12.1,10,F,no,ligero
PAC002207,18,62.6,156,25.7,75,101,150,66,65,78,4.6,152,68,57,47,1.12,112,0.1,38.7,14.6,8,12092,9.8,0,0,5,6.1,5,F,no,ligero
PAC002208,55,69.5,153,29.7,119,99,153,103,68,124,7.2,241,55,160,130,0.4,74,2.8,27.3,15.9,0,1974,4.4,0,0,1,11.4,5,M,no,sedentario
PAC002209,63,98.8,157,40.1,115,116,166,90,84,93,5.8,192,38,100,253,0.41,69,6.7,30.1,16.1,0,4222,5.3,11,4,2,10.8,5,M,si,sedentario
PAC002210,39,77.2,173,25.8,86,97,115,73,72,100,5.4,140,71,67,144,1.03,92,2.8,19.4,13.1,5,10764,7.5,2,6,7,4.6,3,F,no,sedentario
PAC002211,59,58.8,140,30.0,89,94,90,85,104,93,5.8,209,47,62,116,0.82,72,4.6,25.9,9.2,3,9440,8.5,10,28,2,11.8,5,M,no,ligero
PAC002212,38,86.1,165,31.6,89,91,112,69,50,90,5.2,192,87,113,103,0.83,82,0.5,32.9,15.7,5,9937,9.4,0,8,4,9.5,5,M,no,activo
PAC002213,26,59.8,171,20.5,74,93,102,76,69,90,5.3,179,70,129,49,1.27,130,1.2,40.7,14.4,7,9574,9.4,15,9,5,2.0,0,F,no,ligero
PAC002214,84,101.7,197,26.2,126,99,136,99,87,117,6.9,229,25,108,341,1.09,93,3.4,31.4,13.7,0,6128,9.9,14,9,0,11.9,10,F,no,ligero
PAC002215,57,102.8,166,37.3,129,86,172,84,65,99,6.4,195,43,134,141,0.46,89,1.1,21.5,15.2,0,1646,6.7,2,7,1,12.9,0,M,si,ligero
PAC002216,18,60.9,161,23.5,77,90,94,67,53,94,5.1,164,69,104,128,1.18,79,0.1,38.4,16.0,5,9740,7.0,13,11,7,3.3,6,M,no,sedentario
PAC002217,70,101.4,192,27.5,114,115,151,87,80,116,7.9,230,71,177,300,1.21,72,4.8,44.3,16.8,0,500,8.2,8,9,1,14.2,10,F,no,activo
PAC002218,28,71.1,162,27.1,74,104,113,80,55,100,5.6,201,57,115,209,1.24,79,1.6,23.4,13.7,5,12107,7.8,6,0,5,4.7,6,F,no,activo
PAC002219,27,89.3,151,39.2,80,102,123,88,70,66,4.5,224,49,102,116,0.61,117,3.2,25.4,14.1,6,8281,9.0,21,20,0,9.4,6,M,no,sedentario
PAC002220,18,49.5,150,22.0,73,105,124,71,72,60,5.7,181,71,107,82,1.39,105,0.1,30.0,12.1,12,12139,8.8,0,11,9,7.7,3,F,si,activo
PAC002221,43,48.4,166,17.6,92,119,123,75,54,65,5.4,182,59,76,126,1.26,105,0.5,37.8,13.2,8,13140,8.1,0,8,3,6.1,3,F,no,sedentario
PAC002222,80,82.8,174,27.3,113,76,127,98,85,96,8.0,272,33,186,261,1.47,48,10.0,18.8,16.3,0,7310,8.4,11,0,0,14.1,7,F,no,ligero
PAC002223,40,85.2,192,23.1,118,107,156,84,71,158,7.7,224,25,178,270,1.21,112,6.5,27.1,13.9,0,500,8.1,11,0,2,14.1,7,M,si,ligero
PAC002224,77,83.3,140,42.5,103,89,155,83,86,114,5.4,246,45,156,181,0.8,70,7.1,19.2,15.2,1,2760,5.6,10,10,1,14.2,4,F,no,sedentario
PAC002225,74,79.8,145,38.0,92,96,174,96,81,95,5.9,175,54,109,152,0.56,61,3.5,24.6,13.4,0,4523,6.4,1,0,4,12.7,8,F,si,sedentario
PAC002226,48,59.8,170,20.7,82,109,134,53,62,83,7.0,135,93,75,144,0.99,128,0.1,41.0,14.9,11,11502,7.8,1,0,4,7.7,4,F,no,sedentario
PAC002227,41,91.8,183,27.4,107,114,146,81,74,150,7.4,296,51,171,207,1.18,89,13.1,40.0,19.0,2,2552,8.8,6,14,4,10.6,6,F,si,ligero
PAC002228,18,61.6,154,26.0,89,92,108,72,90,92,5.9,207,45,142,143,0.89,91,3.1,38.1,11.4,5,5460,9.9,13,17,2,8.9,10,M,no,activo
PAC002229,65,97.5,179,30.4,101,110,159,91,79,153,7.3,252,50,157,211,1.46,78,7.2,44.6,15.9,0,3934,9.0,16,7,0,10.2,6,F,si,sedentario
PAC002230,34,56.6,167,20.3,101,97,114,75,71,90,4.3,147,63,104,178,1.42,72,0.7,53.5,13.3,10,13359,9.0,4,0,8,5.6,0,F,no,activo
PAC002231,73,87.0,146,40.8,94,93,173,91,61,111,6.3,235,39,108,106,0.46,61,8.8,18.6,14.9,0,8649,3.8,14,0,2,16.1,2,F,no,sedentario
PAC002232,67,86.6,195,22.8,110,113,148,102,62,118,7.4,230,36,153,240,0.88,58,9.0,47.0,13.3,0,7352,10.0,8,7,2,12.2,10,M,no,sedentario
PAC002233,34,60.6,151,26.6,80,94,111,60,81,84,5.7,163,64,99,57,0.92,102,0.6,21.4,10.6,7,11280,6.6,11,13,4,13.5,7,M,no,ligero
PAC002234,22,60.2,160,23.5,86,104,143,87,74,84,5.1,110,44,140,40,1.37,123,0.1,35.9,14.5,6,9666,8.2,5,0,5,5.0,4,F,si,sedentario
PAC002235,18,60.2,169,21.1,98,99,90,70,68,117,4.0,231,68,111,142,1.25,102,2.9,28.0,12.5,8,7196,7.5,8,24,3,14.1,9,F,no,ligero
PAC002236,83,76.4,140,39.0,125,105,147,99,77,122,4.0,229,41,146,188,0.57,103,7.6,32.5,12.8,1,10869,6.5,19,11,0,12.2,4,F,si,sedentario
PAC002237,18,79.1,151,34.7,98,99,130,55,76,86,4.4,185,41,146,66,1.13,92,0.8,5.0,12.7,9,11633,7.7,23,26,4,9.6,10,F,no,sedentario
PAC002238,78,87.9,198,22.4,121,98,141,83,100,148,7.2,197,41,155,213,0.86,74,5.3,26.7,16.4,1,500,8.4,19,13,2,12.6,8,M,no,ligero
PAC002239,56,90.4,193,24.3,126,103,117,86,72,112,6.8,262,45,176,244,0.97,74,6.5,47.5,15.3,0,4167,8.6,8,9,0,9.2,5,F,no,ligero
PAC002240,69,103.8,147,48.0,98,97,146,93,74,131,6.1,232,36,130,169,0.47,43,4.6,32.1,16.9,2,500,4.8,15,2,0,16.4,6,M,no,sedentario
PAC002241,66,81.1,205,19.3,100,107,145,91,65,114,8.7,276,33,166,238,1.08,93,6.7,36.7,17.1,0,5919,9.0,7,10,2,12.5,7,M,si,sedentario
PAC002242,76,69.3,157,28.1,107,101,137,96,87,112,4.7,247,58,181,132,0.79,64,7.7,15.1,17.4,1,6333,6.6,15,0,3,11.9,4,M,no,sedentario
PAC002243,40,77.0,172,26.0,69,98,136,83,69,83,5.1,184,71,73,144,1.14,107,0.1,20.4,16.0,11,16427,7.7,0,5,6,2.6,1,F,no,ligero
PAC002244,64,103.2,158,41.3,83,103,110,73,79,68,5.4,227,63,82,41,0.72,91,2.9,20.6,12.1,1,10016,8.8,27,23,0,10.1,8,M,no,sedentario
PAC002245,27,77.8,175,25.4,73,99,117,53,66,72,5.8,178,56,152,127,0.87,85,0.1,33.2,14.3,12,7905,7.8,10,0,5,6.1,2,F,si,activo
PAC002246,25,61.6,170,21.3,93,97,116,69,92,74,4.6,259,56,102,92,1.05,77,3.6,27.5,8.7,8,13173,8.9,12,16,0,7.2,8,M,no,sedentario
PAC002247,65,92.0,205,21.9,126,106,109,90,80,132,7.0,234,42,132,300,0.91,71,6.7,52.5,13.0,0,5215,8.8,2,7,1,14.7,6,F,si,ligero
PAC002248,30,55.9,157,22.7,77,85,142,65,82,78,5.0,212,45,115,92,1.05,109,3.7,24.4,10.4,2,10018,10.1,26,29,0,4.5,8,M,si,activo
PAC002249,75,93.2,147,43.1,95,80,166,113,74,91,5.4,209,43,153,174,0.55,89,4.1,29.7,17.3,0,3412,5.4,5,8,3,13.7,7,M,no,ligero
PAC002250,18,67.4,155,28.1,76,88,152,67,93,84,4.2,214,83,131,58,1.27,97,5.4,18.6,13.8,7,3869,7.0,24,24,0,7.5,7,F,no,sedentario
PAC002251,52,111.1,175,36.3,131,99,170,87,91,150,8.6,210,25,177,274,1.01,86,6.1,39.4,13.7,0,7439,7.8,18,3,0,12.0,6,M,si,sedentario
PAC002252,74,92.6,140,47.2,106,90,146,115,86,129,7.6,242,60,138,238,0.62,100,9.1,44.6,17.8,4,6338,6.1,4,11,2,11.3,4,F,no,ligero
PAC002253,57,76.1,186,22.0,109,119,131,69,91,85,7.0,294,32,126,219,0.98,51,9.1,43.0,16.1,1,852,10.0,13,0,4,6.9,7,M,no,activo
PAC002254,46,57.5,156,23.6,61,112,121,67,72,77,4.7,142,69,127,95,1.25,108,0.4,38.0,14.2,7,11881,9.0,1,7,6,5.3,1,F,no,activo
PAC002255,27,59.0,163,22.2,90,98,124,78,84,71,5.4,151,51,74,84,1.11,82,0.1,15.0,10.6,8,9231,8.9,25,22,2,11.4,7,F,no,activo
PAC002256,38,82.9,167,29.7,74,114,122,84,53,85,5.6,226,62,109,46,0.85,91,0.3,42.0,13.9,7,12090,8.3,8,5,5,2.0,0,M,no,sedentario
PAC002257,59,68.7,185,20.1,120,106,166,90,86,141,7.7,301,28,171,308,1.19,88,5.7,31.3,17.7,0,2759,8.0,11,6,4,4.5,7,F,no,sedentario
PAC002258,47,61.1,164,22.7,92,98,99,67,70,102,5.9,253,57,85,43,1.02,75,3.4,18.7,11.9,5,10328,8.0,9,32,3,11.2,10,F,no,ligero
PAC002259,64,66.2,140,33.8,114,103,125,86,62,105,5.7,205,36,125,231,0.51,76,6.4,33.8,16.0,4,8196,3.6,19,0,3,7.6,7,M,si,ligero
PAC002260,18,49.3,171,16.9,90,115,117,70,63,86,5.2,164,79,121,97,0.99,82,0.1,42.9,14.9,7,13078,8.7,0,0,5,5.2,4,F,si,ligero
PAC002261,46,56.1,161,21.6,88,79,125,86,75,64,4.7,165,55,114,139,1.07,130,0.1,29.9,11.4,4,8252,8.8,16,16,0,7.2,7,F,no,sedentario
PAC002262,80,92.7,143,45.3,129,95,166,99,82,87,6.7,209,68,139,84,0.4,68,4.9,21.5,15.6,1,1115,6.5,9,15,4,7.5,3,M,no,sedentario
PAC002263,18,65.3,154,27.5,71,96,122,86,103,60,5.4,147,80,100,119,0.56,99,1.4,24.5,11.6,3,7822,9.8,15,22,2,11.1,9,F,no,sedentario
PAC002264,26,55.8,164,20.7,78,98,100,85,96,61,6.8,143,81,40,138,1.12,92,5.2,15.2,11.8,5,2857,7.7,12,23,2,10.1,5,F,no,activo
PAC002265,74,91.7,190,25.4,118,113,135,84,84,124,8.0,219,49,144,252,1.17,81,7.4,38.1,15.4,0,2859,8.7,7,4,5,2.7,9,M,no,ligero
PAC002266,21,53.1,170,18.4,72,83,124,73,74,93,6.0,237,61,40,48,0.91,97,2.6,5.0,12.0,5,7432,6.7,17,36,3,12.1,8,F,no,ligero
PAC002267,85,66.6,160,26.0,102,104,160,101,77,94,6.2,214,69,133,198,0.59,77,7.1,28.1,14.6,0,4777,7.3,6,9,5,11.6,10,M,si,sedentario
PAC002268,41,77.2,159,30.5,78,122,94,65,67,78,5.6,183,60,72,63,1.13,86,0.8,38.5,15.5,8,10613,9.7,0,9,7,10.9,3,M,no,ligero
PAC002269,90,92.3,161,35.6,103,99,171,108,70,110,5.1,216,48,162,132,0.61,53,6.3,37.3,16.3,5,9847,6.5,26,1,1,9.3,10,M,si,activo
PAC002270,57,100.9,140,51.5,122,110,154,106,83,101,5.8,228,45,127,141,0.57,76,3.3,33.5,17.9,5,500,5.2,3,15,0,12.3,5,M,no,sedentario
PAC002271,21,57.6,154,24.3,87,98,104,62,79,92,4.3,165,53,103,102,1.1,84,1.7,5.0,11.7,5,7534,7.5,28,35,0,14.0,10,M,no,sedentario
PAC002272,56,66.3,176,21.4,119,92,148,100,87,114,4.0,189,28,102,139,0.62,64,9.7,44.5,17.1,2,1875,6.7,11,6,0,17.4,7,F,no,sedentario
PAC002273,66,90.8,201,22.5,112,97,118,98,79,109,7.9,173,25,149,182,1.17,50,3.0,24.4,12.3,0,500,8.7,9,4,0,9.6,8,F,no,sedentario
PAC002274,87,69.2,146,32.5,96,83,142,98,98,150,6.5,166,61,171,203,0.4,73,4.1,32.0,14.8,2,874,3.7,6,1,4,18.5,7,M,si,sedentario
PAC002275,56,92.6,184,27.4,109,103,150,78,64,144,7.9,248,25,166,386,1.12,74,7.7,28.3,13.4,0,6186,10.6,6,3,3,8.2,9,M,si,sedentario
PAC002276,77,92.5,147,42.8,113,95,156,91,88,78,6.3,218,72,161,236,0.4,77,5.4,26.7,17.7,5,2945,7.4,12,1,0,10.7,3,F,si,ligero
PAC002277,27,84.2,170,29.1,87,100,97,76,48,85,4.0,147,61,40,60,0.63,96,5.8,25.0,14.9,11,13767,8.3,3,2,5,6.9,0,M,si,ligero
PAC002278,41,67.1,155,27.9,111,100,113,77,68,114,4.9,204,54,122,54,1.22,88,1.1,50.1,13.6,6,8649,8.5,7,0,5,9.0,1,F,no,sedentario
PAC002279,24,78.8,159,31.2,63,100,100,67,45,90,6.1,163,55,107,81,1.26,118,5.1,51.3,12.5,5,13657,8.4,1,0,7,3.2,4,F,no,ligero
PAC002280,18,77.5,156,31.8,90,110,90,70,81,65,5.0,179,64,118,106,0.89,79,1.5,34.1,13.3,5,8112,7.0,26,27,2,10.2,10,F,si,sedentario
PAC002281,18,86.9,166,31.5,101,110,120,77,84,107,4.5,174,78,124,148,0.92,118,2.0,15.9,13.2,8,8289,7.4,13,24,2,9.4,10,M,no,activo
PAC002282,31,85.0,170,29.4,82,93,102,73,67,96,4.5,184,65,115,67,1.18,89,2.5,35.4,13.2,10,14199,9.6,1,4,5,2.0,0,F,no,sedentario
PAC002283,65,98.7,197,25.4,132,80,116,91,87,130,7.5,253,46,109,271,1.34,72,6.2,46.5,13.0,1,500,11.0,0,19,1,12.6,8,F,no,ligero
PAC002284,18,67.5,159,26.7,80,101,127,76,69,107,5.0,143,42,129,203,0.92,99,5.1,24.6,10.3,3,9736,8.1,24,17,2,10.5,5,F,no,sedentario
PAC002285,54,76.2,141,38.3,94,84,153,106,82,86,5.6,273,50,177,131,0.4,89,4.8,24.9,15.0,0,2780,6.6,14,7,4,12.0,7,F,no,sedentario
PAC002286,58,53.9,174,17.8,65,89,113,70,65,82,4.3,193,57,124,128,1.04,87,4.4,38.6,13.5,9,9468,7.4,7,0,8,7.5,4,M,no,ligero
PAC002287,58,99.7,148,45.5,102,111,150,99,73,109,6.0,209,45,143,178,0.4,104,0.1,34.1,15.5,2,4168,3.9,10,0,3,13.3,6,F,si,ligero
PAC002288,46,110.6,202,27.1,117,111,147,87,84,111,6.8,271,41,158,261,0.96,82,6.8,47.9,16.7,0,500,6.7,0,1,2,11.0,8,F,si,sedentario
PAC002289,18,75.8,160,29.6,98,87,143,76,74,60,5.4,225,50,162,81,1.2,84,4.0,25.8,10.8,7,7317,6.9,18,12,3,6.8,9,M,no,sedentario
PAC002290,18,82.4,146,38.7,87,102,95,94,90,93,5.4,187,76,106,95,0.83,88,5.1,29.3,10.6,5,4006,7.9,24,33,3,8.8,6,M,no,ligero
PAC002291,33,40.2,162,15.3,61,104,90,83,74,100,4.3,128,56,54,81,0.7,91,1.0,30.5,15.8,10,10676,7.5,9,3,5,5.5,2,M,no,activo
PAC002292,40,92.7,154,39.1,95,100,125,78,82,105,5.8,204,60,76,212,0.76,116,4.2,20.1,10.4,3,7823,9.7,21,27,5,12.8,0,F,no,ligero
PAC002293,90,113.4,205,27.0,119,107,150,102,77,140,8.3,222,25,157,196,1.12,83,7.8,44.8,15.9,1,6908,6.6,0,0,1,10.9,7,M,no,sedentario
PAC002294,41,83.9,170,29.0,89,98,127,82,74,113,4.6,204,46,70,54,1.02,88,2.2,33.8,16.2,7,11314,7.7,0,6,5,8.1,5,F,no,activo
PAC002295,80,63.7,140,32.5,94,97,165,105,72,115,5.3,204,36,124,215,0.42,89,3.2,45.5,15.1,3,3566,6.7,10,19,2,13.7,6,F,si,sedentario
PAC002296,18,61.9,159,24.5,86,97,102,69,67,60,4.7,117,76,105,40,1.19,111,1.4,47.7,12.9,6,12337,9.7,0,0,4,3.0,5,F,no,sedentario
PAC002297,37,63.6,166,23.1,80,111,108,73,54,63,4.1,147,53,104,177,0.94,104,2.7,23.7,14.2,10,14916,8.4,0,0,5,7.2,5,M,si,ligero
PAC002298,48,72.1,174,23.8,77,102,119,77,67,66,4.4,157,61,86,40,1.21,113,1.8,33.5,16.7,9,11443,10.4,0,0,8,3.7,2,F,si,activo
PAC002299,31,70.4,181,21.5,74,75,110,85,69,96,5.2,170,40,118,71,0.81,119,3.8,14.2,13.4,2,5560,9.9,18,26,3,13.6,9,M,no,sedentario
PAC002300,41,73.8,160,28.8,61,100,122,85,88,97,5.3,163,62,170,115,0.87,103,2.9,20.2,10.7,9,8787,6.4,16,27,2,3.6,8,M,no,activo
PAC002301,18,63.5,153,27.1,80,95,117,69,78,96,6.0,185,60,86,40,1.16,83,3.8,30.4,10.3,8,7351,9.5,25,22,1,10.0,8,F,no,activo
PAC002302,35,60.4,149,27.2,91,93,117,67,57,95,4.8,110,88,111,98,1.13,95,2.0,49.6,15.7,13,8778,8.7,12,5,4,7.3,3,F,no,ligero
PAC002303,38,78.7,159,31.1,90,85,114,66,72,106,5.1,181,54,102,40,0.83,95,2.6,15.9,10.4,4,6364,9.1,21,15,3,11.1,10,M,no,ligero
PAC002304,45,113.8,141,57.2,89,108,142,107,70,94,6.8,256,58,149,175,0.4,80,3.6,43.7,14.9,2,3631,5.1,6,4,3,11.6,5,M,si,sedentario
PAC002305,47,84.8,173,28.3,118,106,113,88,69,137,8.2,225,42,194,306,1.17,87,5.6,49.0,13.0,3,500,7.5,5,9,0,13.5,5,F,no,sedentario
PAC002306,18,82.0,151,36.0,70,95,118,74,67,111,4.1,177,34,77,91,1.02,104,0.9,19.1,14.2,4,15040,11.0,10,0,7,8.5,2,F,no,sedentario
PAC002307,76,89.7,194,23.8,135,100,142,74,92,142,6.6,233,50,183,397,0.72,76,5.6,26.9,16.5,4,500,9.4,15,0,4,14.9,10,F,si,activo
PAC002308,45,49.9,173,16.7,95,96,134,69,53,73,4.0,160,74,134,46,1.26,88,1.2,17.6,13.1,4,13674,7.5,3,0,5,11.4,0,M,no,sedentario
PAC002309,49,102.1,182,30.8,117,122,133,88,83,152,6.5,243,34,180,184,1.18,75,4.8,38.6,13.5,0,3079,8.4,8,5,3,6.4,10,F,si,sedentario
PAC002310,57,54.2,165,19.9,88,93,105,83,89,82,5.5,180,48,114,118,0.42,81,2.1,23.5,11.4,11,5933,7.6,20,19,0,9.9,5,M,no,ligero
PAC002311,18,59.6,162,22.7,104,97,109,85,96,98,5.6,169,65,47,88,1.08,104,2.6,14.4,10.3,4,10948,7.3,15,17,5,8.1,7,F,si,ligero
PAC002312,68,68.8,204,16.5,106,89,153,73,74,141,7.4,274,42,166,256,0.95,67,6.5,32.2,14.4,0,3665,10.2,20,4,0,14.4,4,M,si,sedentario
PAC002313,63,88.3,169,30.9,108,114,166,78,86,123,6.4,225,44,159,238,0.9,117,7.0,49.2,15.9,1,3462,10.0,10,13,4,10.4,7,F,no,sedentario
PAC002314,79,89.9,140,45.9,104,91,154,91,70,117,5.0,217,60,174,148,0.58,54,8.8,18.4,16.5,0,5768,5.0,10,2,4,8.7,3,F,no,ligero
PAC002315,49,57.6,164,21.4,81,95,126,74,68,77,4.9,201,74,149,40,1.11,123,2.5,37.9,15.5,11,14529,7.9,5,0,4,4.9,5,F,si,sedentario
PAC002316,61,102.4,194,27.2,112,123,124,89,80,134,7.1,234,36,145,203,1.21,80,9.1,33.5,13.9,0,1519,9.8,19,7,2,14.6,2,F,no,sedentario
PAC002317,77,99.8,189,27.9,115,105,136,75,100,113,6.3,280,25,179,302,1.36,64,2.5,49.5,16.1,0,4576,11.0,14,3,1,11.3,8,M,no,sedentario
PAC002318,18,78.9,155,32.8,78,86,100,83,94,60,4.9,188,80,103,84,0.88,108,1.9,21.9,12.3,4,9105,7.9,21,26,2,5.1,5,F,no,ligero
PAC002319,67,75.9,152,32.9,91,97,143,95,66,100,7.3,213,45,181,207,0.42,79,4.3,21.2,17.7,0,2028,8.9,9,10,3,14.2,4,M,no,sedentario
PAC002320,90,79.3,147,36.7,111,96,169,85,80,107,5.8,195,53,112,73,0.62,74,2.4,16.2,17.3,4,3859,7.4,1,18,3,12.2,4,F,no,ligero
PAC002321,18,80.3,168,28.5,61,88,137,82,50,93,5.2,216,69,61,76,1.11,115,1.1,43.0,15.9,8,9078,8.6,3,12,4,6.6,1,M,no,ligero
PAC002322,28,75.9,174,25.1,91,80,120,82,82,74,5.6,195,71,89,59,1.22,85,2.4,11.5,12.7,4,11103,7.2,13,16,0,11.0,8,F,no,ligero
PAC002323,72,76.7,148,35.0,103,105,158,100,74,115,5.0,281,40,113,220,0.6,39,8.7,32.8,17.5,0,5952,8.2,26,0,2,18.2,10,M,no,ligero
PAC002324,90,89.1,140,45.5,117,108,158,93,72,97,4.8,192,47,117,50,0.46,63,7.5,26.7,16.8,6,2426,6.4,13,6,1,10.8,5,F,si,ligero
PAC002325,19,69.6,155,29.0,80,85,125,64,83,111,5.0,187,67,139,182,0.79,110,1.2,21.2,12.5,7,8250,6.4,11,12,1,16.3,5,F,no,sedentario
PAC002326,22,64.2,153,27.4,80,94,140,78,61,117,5.4,174,79,157,65,1.23,86,6.0,37.5,15.0,9,9025,9.0,0,0,8,8.4,4,M,no,sedentario
PAC002327,26,81.1,169,28.4,79,82,115,76,70,96,4.0,159,50,107,40,1.0,118,4.7,5.0,11.3,2,10228,6.8,14,27,3,10.2,5,M,no,ligero
PAC002328,19,44.2,159,17.5,60,87,108,74,48,84,5.4,159,66,120,160,1.0,83,0.1,55.6,16.3,7,10480,7.9,9,0,6,6.6,2,F,no,sedentario
PAC002329,71,78.7,163,29.6,102,92,168,104,92,108,6.3,230,42,133,200,0.59,70,8.1,50.2,15.3,2,2443,7.0,16,0,2,8.6,7,F,si,activo
PAC002330,29,70.6,160,27.6,65,84,122,73,92,105,5.5,181,41,128,68,0.96,121,2.1,35.3,11.5,3,9488,8.3,23,24,1,7.2,8,M,no,sedentario
PAC002331,42,72.7,155,30.3,117,85,132,93,69,97,6.7,236,59,154,171,0.57,65,5.5,36.2,15.7,0,4404,6.5,4,5,3,13.7,9,M,si,activo
PAC002332,18,54.9,153,23.5,83,108,109,85,61,102,5.3,168,62,40,40,1.04,80,0.1,37.9,14.2,3,12701,8.0,13,0,4,8.7,0,M,no,ligero
PAC002333,46,91.7,155,38.2,108,108,160,100,58,105,5.6,275,70,114,168,0.52,74,6.3,34.4,17.0,6,9980,7.9,14,0,3,10.0,6,F,no,sedentario
PAC002334,72,90.6,150,40.3,116,107,173,109,78,118,5.4,225,39,149,104,0.58,74,1.4,29.7,16.0,0,7029,4.9,16,4,5,11.5,4,M,si,ligero
PAC002335,53,89.0,202,21.8,108,110,141,76,55,153,6.4,185,53,116,310,0.98,62,4.9,17.6,12.7,3,4160,8.8,2,0,2,14.5,9,M,si,activo
PAC002336,24,79.0,168,28.0,86,106,119,71,63,132,5.8,179,71,88,104,1.06,112,2.2,37.3,14.6,9,15830,9.1,1,0,5,8.4,2,M,no,activo
PAC002337,90,96.2,148,43.9,96,90,151,110,79,106,5.1,211,69,141,268,0.61,62,3.8,39.9,17.1,5,6134,4.4,9,7,0,7.9,5,M,no,sedentario
PAC002338,37,60.7,158,24.3,101,77,123,72,92,78,4.0,181,51,89,82,1.06,108,2.7,23.0,15.2,4,4586,6.3,19,20,2,15.1,7,F,no,sedentario
PAC002339,41,53.4,168,18.9,76,106,126,64,78,98,4.3,215,68,60,40,0.92,116,3.9,41.8,13.5,6,13541,8.6,11,1,5,8.9,2,F,no,ligero
PAC002340,44,97.1,196,25.3,121,110,140,98,67,120,7.9,244,30,193,133,1.09,42,4.7,17.1,14.7,1,1415,8.7,12,3,3,8.9,10,F,no,activo
PAC002341,26,71.9,155,29.9,87,95,128,91,84,89,4.2,126,59,79,157,0.97,97,0.9,13.9,12.1,2,4767,8.0,29,11,0,11.5,8,M,no,sedentario
PAC002342,74,88.3,203,21.4,117,109,132,88,83,104,6.4,253,28,185,338,1.18,98,5.9,41.8,16.3,1,5287,8.9,13,0,2,15.2,8,F,si,ligero
PAC002343,82,75.5,148,34.5,123,98,162,109,82,86,8.0,256,40,129,132,0.77,54,4.2,12.8,15.3,1,10700,5.8,14,6,3,12.3,5,F,si,ligero
PAC002344,18,63.2,181,19.3,74,103,126,82,63,79,5.5,181,25,47,103,0.75,82,2.6,28.2,11.8,6,4226,7.8,27,28,4,11.3,6,M,no,ligero
PAC002345,18,72.5,156,29.8,83,114,143,86,86,83,5.7,185,39,90,150,1.24,101,4.6,5.0,14.0,4,8774,7.8,11,18,2,9.6,8,M,no,sedentario
PAC002346,18,59.1,141,29.7,78,90,101,85,98,117,6.1,170,37,84,146,0.92,89,0.6,28.0,10.5,6,8439,9.3,28,35,3,9.4,8,M,no,ligero
PAC002347,79,71.1,193,19.1,109,92,154,99,86,128,5.3,226,32,132,288,1.06,60,8.0,39.2,13.9,0,874,9.2,23,9,2,13.7,9,M,si,activo
PAC002348,71,97.5,142,48.4,106,80,151,117,86,97,5.0,263,51,124,251,0.49,76,5.9,15.9,16.1,4,1200,3.9,9,13,2,11.6,6,M,no,activo
PAC002349,29,51.9,158,20.8,104,84,151,76,80,120,6.2,245,67,92,100,1.16,108,6.4,19.9,11.9,6,6993,7.6,12,15,0,13.6,5,M,no,ligero
PAC002350,39,80.4,155,33.5,60,95,136,74,89,105,4.7,201,72,100,58,0.81,98,6.1,6.1,11.8,7,7767,8.0,22,23,2,8.0,6,F,si,ligero
PAC002351,18,62.7,166,22.8,90,109,122,71,45,79,5.6,188,76,100,127,0.8,114,0.1,29.0,15.1,8,13368,8.4,0,4,6,10.8,6,M,no,ligero
PAC002352,70,115.0,201,28.5,126,85,126,101,77,158,7.2,194,46,174,262,1.18,61,9.8,19.2,16.6,2,5778,10.6,6,0,2,16.8,10,M,si,sedentario
PAC002353,55,77.1,140,39.3,107,118,166,117,78,120,6.2,253,55,161,232,0.48,72,7.8,29.0,16.7,9,2904,6.6,0,12,3,14.1,9,M,no,ligero
PAC002354,35,82.9,165,30.4,68,98,134,79,84,78,6.0,149,58,139,120,0.88,78,2.0,13.6,11.6,8,4241,7.9,19,16,1,11.1,9,M,si,ligero
PAC002355,34,47.5,174,15.7,82,89,128,88,71,92,5.7,200,40,158,123,0.97,93,3.1,7.8,13.1,6,13367,7.5,19,31,1,9.2,9,F,si,sedentario
PAC002356,53,78.7,156,32.3,66,93,105,78,69,121,7.4,143,61,186,50,0.83,123,4.1,20.6,12.1,9,11215,6.8,15,22,1,10.4,2,F,no,sedentario
PAC002357,28,73.8,165,27.1,75,95,95,66,66,107,5.8,248,67,77,201,1.26,117,0.6,27.2,15.9,8,20000,10.0,0,0,3,8.1,2,F,no,activo
PAC002358,33,56.1,151,24.6,80,105,104,74,57,83,4.7,179,59,84,98,1.32,121,0.1,27.0,16.4,10,16854,7.7,4,13,5,10.3,2,F,no,ligero
PAC002359,18,71.6,175,23.4,93,91,124,93,70,69,5.8,146,48,130,143,1.03,125,4.1,28.0,9.7,8,10011,8.5,7,26,3,8.0,7,M,no,ligero
PAC002360,83,84.2,205,20.0,113,106,134,95,85,120,6.7,197,51,132,285,1.55,34,3.1,35.4,14.5,3,4856,7.1,10,2,1,11.3,9,M,no,sedentario
PAC002361,59,66.7,148,30.5,70,91,96,60,71,88,6.0,189,34,65,182,1.14,96,0.1,35.6,13.2,4,10032,8.5,8,7,3,14.0,5,M,no,sedentario
PAC002362,62,84.9,189,23.8,113,90,127,90,69,122,5.2,222,40,139,295,1.24,56,5.2,42.3,14.8,0,4016,7.4,10,11,0,7.7,10,M,si,ligero
PAC002363,18,40.0,186,11.6,82,90,121,77,66,68,4.8,132,70,85,112,1.1,99,0.1,35.2,14.9,4,10957,6.9,16,8,2,5.5,0,F,no,sedentario
PAC002364,27,76.1,150,33.8,83,105,116,72,62,96,4.3,193,39,96,40,1.19,112,0.1,43.2,14.9,6,11933,7.3,6,0,5,4.3,2,M,no,activo
PAC002365,70,87.7,151,38.5,99,116,150,94,66,105,5.3,204,41,172,128,0.57,94,6.4,17.4,14.1,0,6120,6.4,18,5,2,13.3,5,F,no,sedentario
PAC002366,18,91.2,155,38.0,107,84,124,59,76,82,6.1,203,70,97,46,0.94,90,4.5,27.8,11.5,2,9212,8.8,11,30,4,12.8,4,M,no,activo
PAC002367,51,112.8,190,31.2,119,91,145,97,69,126,6.6,302,25,115,336,1.2,85,4.4,33.0,15.1,0,1989,9.2,1,0,0,10.5,10,M,no,ligero
PAC002368,63,102.5,203,24.9,113,107,125,87,89,140,7.3,206,30,195,274,1.07,67,10.3,45.3,14.8,0,3961,10.2,11,0,0,16.1,6,F,si,ligero
PAC002369,57,70.5,140,36.0,102,89,173,93,82,118,5.8,246,39,120,238,0.4,93,3.9,34.5,16.8,0,6187,4.1,0,0,3,12.0,4,M,si,sedentario
PAC002370,37,80.1,140,40.9,92,75,114,92,82,96,4.2,160,76,99,184,1.16,81,4.6,13.2,12.5,6,9379,7.0,17,14,0,12.9,8,F,no,sedentario
PAC002371,78,89.0,205,21.2,130,84,140,74,57,141,8.0,237,46,170,142,1.23,65,6.3,30.2,15.9,0,8828,9.4,4,3,1,7.0,10,F,si,sedentario
PAC002372,90,88.0,143,43.0,106,102,163,98,77,101,5.9,167,61,115,106,0.4,68,5.6,35.4,16.0,0,2550,5.5,6,0,2,11.0,5,M,si,sedentario
PAC002373,34,80.8,166,29.3,93,111,141,70,66,85,4.6,174,76,40,131,1.11,102,0.1,36.2,17.2,6,12190,8.5,14,5,5,3.1,4,F,no,ligero
PAC002374,70,73.3,160,28.6,121,83,148,109,73,112,5.5,196,51,130,164,0.4,45,2.2,35.4,16.0,3,7204,5.2,21,11,5,11.9,7,M,no,ligero
PAC002375,39,68.1,172,23.0,99,75,117,76,98,84,4.9,211,74,75,40,0.77,116,2.7,35.9,12.9,4,11720,8.1,23,38,2,10.2,8,M,si,ligero
PAC002376,26,74.0,156,30.4,72,95,117,75,80,85,4.4,110,76,117,163,1.44,108,1.5,30.7,13.9,7,9920,7.0,5,5,7,9.3,2,F,no,sedentario
PAC002377,63,80.3,187,23.0,124,99,169,102,78,117,8.0,274,29,180,160,1.02,93,6.4,33.7,14.5,2,5803,8.0,8,10,1,13.3,8,F,si,ligero
PAC002378,80,111.3,187,31.8,125,111,159,77,68,130,6.2,233,43,183,257,0.76,60,10.2,36.8,14.5,0,7506,9.1,4,15,0,12.6,4,M,no,sedentario
PAC002379,35,86.5,180,26.7,118,83,161,76,83,141,7.5,273,25,159,252,0.92,65,6.2,26.0,16.3,0,7094,8.2,8,5,2,8.1,7,F,si,sedentario
PAC002380,23,50.1,159,19.8,67,85,128,64,61,70,4.9,203,69,98,182,1.17,99,0.1,38.4,15.9,7,18149,7.3,3,0,3,7.4,0,M,no,ligero
PAC002381,30,68.3,166,24.8,112,98,121,70,63,74,4.6,194,70,75,184,1.04,96,0.3,39.5,15.0,10,15169,8.6,0,0,2,4.9,1,M,no,activo
PAC002382,36,54.9,169,19.2,67,82,125,78,45,81,4.2,155,84,87,117,1.21,76,3.1,31.9,13.7,10,8249,7.9,2,0,6,6.1,0,M,no,activo
PAC002383,51,94.7,147,43.8,114,87,149,87,78,70,6.5,201,35,150,129,0.49,60,4.9,33.3,14.7,0,8314,3.7,15,11,4,13.4,5,F,si,ligero
PAC002384,72,89.1,145,42.4,111,87,151,99,69,99,5.2,222,35,131,153,0.42,50,7.9,34.2,16.0,4,6557,8.6,13,9,3,10.8,8,F,si,sedentario
PAC002385,18,91.1,148,41.6,66,86,99,63,73,84,4.6,164,66,110,69,0.98,92,2.3,5.0,12.4,6,2442,7.8,7,26,4,13.1,8,F,no,activo
PAC002386,69,93.5,185,27.3,115,100,159,86,84,146,7.6,233,43,121,238,0.92,92,8.6,42.3,16.9,0,3589,6.2,11,14,1,7.4,8,F,no,sedentario
PAC002387,44,66.8,169,23.4,96,102,112,73,71,75,4.6,217,50,94,114,1.12,116,0.1,25.0,14.1,8,10897,9.0,8,0,7,2.9,1,F,si,activo
PAC002388,32,73.2,170,25.3,79,81,107,85,97,98,4.2,181,50,133,171,0.92,78,6.1,15.9,11.0,11,9785,9.0,15,30,0,10.9,6,M,no,ligero
PAC002389,42,44.3,154,18.7,81,93,126,71,70,79,4.7,190,76,118,111,1.24,82,1.4,46.5,13.5,8,11787,8.1,7,0,3,10.5,2,M,no,activo
PAC002390,25,45.1,166,16.4,74,98,102,70,68,90,5.1,177,45,120,94,1.01,97,4.2,36.6,12.5,6,10294,10.2,0,0,3,3.8,5,F,no,ligero
PAC002391,75,84.4,143,41.3,111,88,171,102,74,86,5.1,254,52,155,151,0.66,85,3.6,41.3,13.4,0,638,5.7,14,5,2,12.2,8,F,no,ligero
PAC002392,45,60.7,151,26.6,63,89,138,71,51,83,4.0,208,54,155,40,1.18,122,0.9,41.4,14.0,4,12153,8.3,1,6,5,7.7,4,F,no,ligero
PAC002393,26,50.7,171,17.3,82,95,110,80,59,83,5.9,169,52,104,125,0.8,126,1.5,34.3,16.5,7,10501,7.5,0,0,6,7.5,0,F,no,activo
PAC002394,20,65.2,168,23.1,74,90,101,62,68,87,4.8,172,50,128,117,0.88,88,1.6,35.0,14.9,7,14658,7.2,0,0,4,2.7,4,F,no,activo
PAC002395,27,49.6,150,22.0,86,89,111,91,89,82,4.8,172,72,110,128,0.73,104,2.2,45.9,11.5,1,8886,9.7,4,34,0,9.9,10,F,no,ligero
PAC002396,20,71.5,169,25.0,70,85,105,63,58,60,5.0,195,50,91,40,0.89,81,0.1,36.3,17.6,10,11827,7.8,7,7,5,4.7,2,M,si,activo
PAC002397,62,85.1,147,39.4,100,95,156,110,85,108,5.7,254,56,140,289,0.4,69,5.3,32.0,15.6,1,4114,7.5,10,2,6,11.0,9,F,si,sedentario
PAC002398,41,62.1,142,30.8,87,95,137,69,80,82,5.7,191,52,59,106,0.83,65,2.1,12.4,10.7,2,12337,8.4,18,18,2,7.7,8,M,si,activo
PAC002399,31,66.1,155,27.5,104,91,115,91,75,77,5.5,186,64,120,100,0.75,83,4.1,13.0,12.6,10,6827,7.2,21,34,0,14.1,8,F,no,activo
PAC002400,42,91.9,189,25.7,134,98,160,84,92,129,6.7,221,25,141,258,1.25,68,9.6,28.3,14.0,0,1452,9.1,6,1,3,8.7,8,F,no,sedentario
PAC002401,22,65.0,160,25.4,89,101,115,69,53,78,5.7,208,67,109,115,1.09,105,0.1,37.0,13.8,11,13222,10.4,5,0,5,7.1,1,F,si,ligero
PAC002402,63,61.7,148,28.2,114,91,158,113,90,94,6.3,269,51,204,74,0.72,83,4.6,47.3,14.5,0,4336,6.3,13,3,3,17.6,5,F,si,ligero
PAC002403,26,65.9,161,25.4,91,100,118,80,80,104,5.4,172,63,126,124,1.06,71,5.1,19.3,12.0,8,9156,8.9,18,34,0,9.2,6,F,no,ligero
PAC002404,18,72.3,163,27.2,82,94,124,71,60,87,6.2,185,58,64,133,1.12,103,3.2,32.4,14.0,8,15037,9.0,8,0,7,3.6,7,F,si,activo
PAC002405,85,66.6,156,27.4,109,81,196,94,74,101,6.0,194,42,132,154,0.41,64,3.3,29.2,15.7,4,1450,4.0,21,2,4,18.5,5,M,no,sedentario
PAC002406,74,97.2,148,44.4,101,106,167,86,87,95,5.4,162,59,199,236,0.58,88,4.8,19.1,15.0,3,3562,4.8,3,12,0,11.4,6,M,no,activo
PAC002407,65,94.3,144,45.5,93,96,169,89,82,124,6.8,233,31,161,208,0.72,93,3.8,35.4,14.2,1,5555,6.5,12,8,4,17.4,10,F,no,sedentario
PAC002408,47,88.2,165,32.4,91,81,131,62,85,87,4.0,181,77,123,86,0.89,94,1.8,22.0,13.9,5,7940,8.1,21,26,2,9.2,7,F,no,ligero
PAC002409,64,75.5,160,29.5,99,104,175,117,80,111,4.8,217,40,101,181,0.56,51,6.4,31.8,19.0,3,10478,7.8,11,10,0,12.0,8,F,si,sedentario
PAC002410,33,69.1,158,27.7,84,91,132,84,84,98,6.0,187,53,124,67,1.07,114,4.0,5.0,12.5,6,7847,7.7,21,31,3,9.5,6,F,si,sedentario
PAC002411,31,60.5,156,24.9,64,106,118,82,62,96,5.6,149,77,109,184,0.94,104,2.0,35.1,14.4,12,13030,9.1,0,4,7,4.1,3,M,no,sedentario
PAC002412,18,66.9,165,24.6,60,100,138,70,47,91,5.8,185,70,102,136,1.17,110,3.8,29.8,13.8,10,13361,9.4,4,0,7,7.6,1,M,no,sedentario
PAC002413,62,86.1,143,42.1,92,84,161,84,69,117,5.6,211,62,189,206,0.6,72,6.6,36.3,16.6,0,4594,6.9,13,0,1,10.2,7,M,no,ligero
PAC002414,55,102.6,162,39.1,105,99,184,95,73,64,6.0,198,72,142,123,0.47,82,1.8,23.3,16.2,0,10330,6.7,4,12,1,16.1,7,F,no,activo
PAC002415,43,57.3,167,20.5,76,112,114,81,58,101,5.9,186,70,160,120,1.04,116,4.2,41.8,14.5,8,11467,9.2,5,0,7,7.8,3,M,no,ligero
PAC002416,29,69.1,154,29.1,79,108,112,73,89,78,6.5,214,71,144,60,0.92,73,4.1,27.3,10.0,4,3315,8.3,21,32,3,9.3,8,M,no,sedentario
PAC002417,25,70.3,170,24.3,93,105,123,77,58,76,5.1,224,63,132,40,1.21,108,0.5,34.7,13.3,12,8879,8.6,0,3,6,2.0,2,F,no,ligero
PAC002418,90,103.0,140,52.6,119,96,155,96,75,123,5.0,225,50,130,119,0.68,89,3.7,30.0,17.2,1,1403,7.0,0,0,4,14.0,9,F,si,sedentario
PAC002419,18,67.2,169,23.5,75,86,110,63,95,76,4.9,247,70,84,54,0.66,101,3.6,22.4,10.7,11,7426,9.5,18,33,0,9.5,8,M,no,ligero
PAC002420,22,49.5,156,20.3,80,119,128,84,52,60,5.2,111,81,116,113,1.05,120,0.1,38.2,16.1,13,10109,6.2,0,8,7,7.8,3,F,si,ligero
PAC002421,82,100.0,196,26.0,114,107,138,100,79,151,8.2,252,52,174,267,1.26,91,5.6,29.6,16.7,0,3486,10.4,12,2,0,14.3,10,M,si,sedentario
PAC002422,83,88.5,140,45.2,108,108,164,96,71,117,5.6,257,36,131,191,0.76,57,3.3,28.0,18.2,0,5451,6.4,3,10,2,9.0,10,M,no,ligero
PAC002423,18,76.3,161,29.4,106,97,97,70,88,69,5.9,235,41,46,198,1.17,90,0.7,11.8,13.5,5,12292,9.0,16,17,0,8.8,6,F,no,sedentario
PAC002424,36,40.0,158,16.0,76,100,129,70,58,92,4.0,165,63,90,49,1.09,123,1.3,28.8,14.8,11,17328,7.9,0,3,3,3.0,2,M,no,activo
PAC002425,18,42.3,165,15.5,78,87,121,84,66,88,4.8,216,52,77,64,1.04,105,0.2,27.1,13.0,8,15800,6.4,3,0,4,4.4,0,M,no,activo
PAC002426,18,63.3,143,31.0,87,88,126,84,82,73,6.2,173,49,117,40,0.83,109,0.1,23.8,12.8,7,7763,7.7,23,25,2,11.5,7,M,si,ligero
PAC002427,86,98.0,205,23.3,114,102,119,77,80,118,8.2,228,26,191,302,1.12,88,3.7,26.8,16.0,0,3232,9.9,10,0,0,15.8,10,F,no,activo
PAC002428,76,84.3,162,32.1,104,86,168,108,71,69,4.0,210,45,151,191,0.42,83,5.9,31.6,15.6,1,4000,5.3,15,0,0,9.2,3,M,si,sedentario
PAC002429,56,76.4,146,35.8,94,95,156,105,72,94,5.7,202,59,143,172,0.79,86,4.2,14.5,15.8,0,4175,6.4,3,12,0,9.1,5,F,si,sedentario
PAC002430,18,40.0,174,13.2,94,106,99,71,94,100,4.0,198,67,129,40,0.86,118,5.6,30.3,14.3,5,9255,7.4,11,21,1,8.0,7,M,no,ligero
PAC002431,18,66.3,172,22.4,87,110,108,69,60,90,5.5,130,69,88,104,1.11,96,4.8,31.9,15.2,7,11604,8.9,7,5,5,10.2,2,M,no,activo
PAC002432,66,102.5,186,29.6,121,108,137,84,83,131,7.6,201,41,102,302,1.3,72,10.1,44.5,15.0,1,500,9.4,4,0,2,8.4,5,F,no,sedentario
PAC002433,33,77.7,160,30.4,107,87,132,69,95,90,6.2,150,72,119,97,1.0,100,5.1,28.2,12.7,6,9075,8.9,12,22,1,11.6,9,M,no,sedentario
PAC002434,30,49.7,164,18.5,81,84,103,75,57,60,5.2,161,66,117,139,1.14,94,3.7,49.3,15.4,10,14527,7.2,3,4,4,6.4,3,M,no,sedentario
PAC002435,38,68.0,153,29.0,67,93,131,67,55,97,4.0,260,62,111,92,1.07,83,1.3,33.0,15.2,5,3424,8.3,8,0,4,8.2,5,F,si,ligero
PAC002436,59,92.4,192,25.1,100,101,153,87,73,153,6.0,272,25,191,255,1.05,57,2.3,41.3,15.0,0,5887,9.1,22,0,2,15.9,8,F,si,sedentario
PAC002437,75,78.4,203,19.0,113,111,145,88,99,120,6.3,259,36,129,234,0.95,76,5.5,42.7,14.8,0,500,9.2,19,4,1,2.8,6,M,si,sedentario
PAC002438,55,56.9,164,21.2,106,75,118,79,92,82,4.3,143,68,128,150,1.02,88,2.0,32.4,10.7,3,10668,7.8,4,20,0,9.8,7,F,si,activo
PAC002439,74,66.1,150,29.4,111,101,161,103,91,99,5.4,149,58,146,221,0.69,54,4.5,32.8,16.6,0,6207,6.7,14,5,3,14.5,7,F,no,sedentario
PAC002440,71,97.8,188,27.7,125,118,161,93,79,137,6.8,236,35,194,169,1.19,84,7.3,39.6,16.2,3,5306,9.9,6,0,1,11.8,7,F,si,sedentario
PAC002441,18,47.6,166,17.3,74,104,134,74,68,97,5.3,167,83,136,74,1.22,62,1.1,35.7,15.0,12,7467,8.2,2,10,7,7.8,4,F,no,activo
PAC002442,80,98.1,194,26.1,124,80,177,79,88,133,6.2,275,40,178,253,1.29,79,5.6,34.6,17.5,3,4905,9.3,0,0,2,10.3,5,F,si,sedentario
PAC002443,46,77.1,148,35.2,113,80,146,100,97,102,4.2,233,47,160,181,0.49,52,6.5,35.8,16.1,0,1304,5.4,0,0,3,14.9,5,F,no,ligero
PAC002444,33,75.1,157,30.5,97,109,109,75,67,90,4.8,228,51,73,40,1.06,82,0.1,36.2,14.8,12,10323,9.6,15,0,4,6.3,0,M,no,sedentario
PAC002445,79,73.7,152,31.9,91,97,171,100,74,104,6.3,204,42,157,181,0.44,81,0.7,35.6,16.5,1,2641,7.0,20,4,1,9.4,6,F,si,ligero
PAC002446,42,62.7,159,24.8,84,98,107,94,67,81,4.7,200,74,91,128,1.12,107,0.1,25.9,14.7,13,10514,10.1,2,9,6,4.8,5,M,no,sedentario
PAC002447,31,86.5,178,27.3,82,99,117,62,47,102,6.1,165,53,132,84,1.08,92,0.1,44.9,15.9,12,12630,8.2,4,6,6,5.2,4,F,no,activo
PAC002448,36,70.1,181,21.4,60,93,128,95,53,73,4.0,214,59,40,54,1.27,121,0.1,33.3,15.1,7,14195,11.0,7,5,7,3.6,5,M,si,activo
PAC002449,83,96.2,140,49.1,120,93,145,98,73,103,6.4,233,59,175,211,0.41,77,1.5,30.4,16.9,4,2607,7.0,4,0,2,12.4,7,F,no,sedentario
PAC002450,36,68.3,167,24.5,108,99,164,102,98,90,6.5,217,52,129,207,0.41,93,2.3,44.9,14.4,0,3793,6.1,2,5,3,15.3,8,M,si,sedentario
PAC002451,18,71.2,169,24.9,84,108,110,79,50,96,5.2,188,75,92,77,0.93,121,0.1,27.6,14.7,9,9226,9.5,0,0,4,2.0,2,F,no,ligero
PAC002452,69,77.4,149,34.9,102,98,158,85,75,127,6.5,193,39,161,175,0.4,43,6.7,30.1,16.7,0,1552,6.1,4,12,3,14.4,10,F,si,ligero
PAC002453,54,81.1,205,19.3,128,104,146,89,66,134,6.9,233,37,154,386,0.86,106,3.9,42.0,14.8,0,3766,9.8,14,4,0,7.5,7,M,si,sedentario
PAC002454,50,67.8,140,34.6,119,94,167,100,81,81,5.1,234,52,190,244,0.69,90,1.2,23.9,17.0,4,6582,7.1,14,9,2,9.4,7,F,si,ligero
PAC002455,53,81.9,140,41.8,105,97,141,88,76,104,5.9,179,34,110,227,0.68,97,4.1,39.7,13.7,4,4931,7.3,0,7,3,12.6,8,F,si,sedentario
PAC002456,84,85.1,147,39.4,107,100,132,101,85,112,5.9,201,44,156,93,0.53,70,4.9,10.5,17.1,0,6738,4.6,0,2,1,13.0,9,M,no,sedentario
PAC002457,35,63.2,161,24.4,68,86,120,70,69,97,5.0,201,62,85,150,0.99,90,4.9,31.8,10.8,11,8474,8.0,21,15,0,12.1,7,M,no,sedentario
PAC002458,27,90.0,203,21.8,124,106,138,90,69,132,6.5,252,57,199,243,1.14,66,7.7,30.7,13.9,4,3871,9.7,17,0,2,10.0,9,F,si,ligero
PAC002459,21,58.4,156,24.0,100,104,104,66,62,67,4.0,211,76,76,40,1.45,79,3.0,34.2,16.0,9,11241,9.2,1,0,4,10.5,3,M,no,sedentario
PAC002460,37,58.7,163,22.1,81,97,98,68,73,106,4.3,214,50,53,106,0.74,103,4.1,32.9,10.3,3,6471,7.9,28,23,2,6.9,5,F,no,ligero
PAC002461,18,55.7,182,16.8,101,88,146,63,59,95,5.8,156,97,139,58,1.01,82,0.1,33.9,11.5,10,11927,8.7,10,0,8,5.5,5,M,no,activo
PAC002462,30,63.6,155,26.5,105,108,134,73,82,85,4.9,197,42,137,71,0.89,85,0.6,30.8,13.2,8,7807,8.1,24,27,0,12.6,6,M,no,ligero
PAC002463,36,48.1,165,17.7,80,106,107,73,73,76,5.4,215,62,64,72,1.12,94,0.1,34.2,14.3,10,16013,8.8,1,8,6,7.0,3,F,no,sedentario
PAC002464,45,83.9,157,34.0,64,116,111,73,59,112,5.2,126,48,100,114,1.09,114,0.1,33.9,15.2,10,12642,7.3,15,0,6,5.6,5,F,no,ligero
PAC002465,26,56.6,166,20.5,82,98,118,80,60,91,5.0,125,77,69,69,1.03,106,1.5,39.8,15.5,9,12360,8.1,7,0,5,8.8,5,F,no,ligero
PAC002466,90,71.7,153,30.6,104,93,176,103,73,104,4.1,244,41,119,215,0.87,77,0.8,23.9,14.6,1,500,6.0,14,15,2,13.8,6,M,no,sedentario
PAC002467,73,79.2,141,39.8,115,92,155,93,93,89,6.2,209,45,141,188,0.47,41,5.7,27.8,17.1,0,2208,5.1,13,11,3,13.6,10,F,si,sedentario
PAC002468,50,63.6,154,26.8,62,75,118,83,78,82,5.8,190,36,100,40,0.97,72,0.4,9.2,11.0,9,7322,10.2,33,16,3,8.9,6,F,no,sedentario
PAC002469,63,93.8,186,27.1,101,75,137,93,68,136,6.3,239,25,152,284,0.92,73,5.0,28.5,15.2,0,5335,9.0,16,5,0,8.9,10,F,no,sedentario
PAC002470,84,74.4,169,26.0,123,104,157,96,87,77,4.4,256,46,101,206,0.4,52,7.0,30.8,14.6,0,500,5.1,24,10,3,12.0,7,M,no,sedentario
PAC002471,89,81.7,140,41.7,89,97,168,81,102,95,6.0,292,64,129,192,0.4,58,3.5,42.5,16.6,3,9290,7.9,0,12,3,16.1,6,F,no,sedentario
PAC002472,70,76.8,193,20.6,120,105,155,92,97,121,5.9,239,42,202,294,1.19,80,5.0,37.7,13.9,1,500,9.9,9,0,1,8.3,7,M,no,ligero
PAC002473,57,70.9,200,17.7,91,111,112,74,74,144,6.1,220,47,181,355,1.46,70,9.6,44.6,15.4,5,2894,9.3,0,0,2,16.2,8,M,si,sedentario
PAC002474,70,82.2,153,35.1,109,88,173,95,79,83,5.8,227,27,146,238,0.4,62,3.5,38.3,14.9,3,3463,6.9,13,10,3,13.1,5,F,no,activo
PAC002475,30,60.5,159,23.9,77,92,139,74,74,102,4.4,242,50,162,140,0.96,100,4.4,22.1,10.6,6,12396,7.6,34,19,4,7.3,5,M,no,sedentario
PAC002476,26,47.1,166,17.1,94,92,100,70,52,60,4.2,200,63,102,133,1.1,130,3.6,41.7,14.5,10,13199,8.4,0,4,5,8.0,5,M,no,ligero
PAC002477,59,60.3,151,26.4,99,98,187,102,67,102,5.8,195,33,133,196,0.4,93,1.3,31.0,18.1,0,5730,5.6,16,10,0,12.1,5,F,no,ligero
PAC002478,82,88.1,143,43.1,102,92,177,98,87,93,6.2,207,42,112,258,0.59,69,2.5,29.3,15.5,3,3375,4.2,23,0,1,9.5,8,F,si,ligero
PAC002479,24,62.9,155,26.2,88,89,124,70,50,93,5.9,194,51,118,169,1.2,104,0.1,40.7,15.1,6,15020,8.5,0,17,3,7.0,1,F,no,sedentario
PAC002480,58,97.0,196,25.2,104,115,125,91,86,117,7.5,228,37,172,213,1.12,37,2.6,42.8,14.4,0,3743,7.6,0,0,1,9.6,8,F,si,sedentario
PAC002481,65,93.0,149,41.9,121,101,168,100,91,96,5.0,232,25,88,171,0.52,96,1.9,35.1,16.1,0,4827,6.2,2,5,1,12.3,7,M,no,sedentario
PAC002482,84,64.7,140,33.0,87,95,152,101,63,70,6.0,175,47,164,80,0.46,70,2.9,31.7,15.1,1,4368,5.9,16,7,3,13.2,9,F,si,sedentario
PAC002483,71,109.3,196,28.5,109,114,133,92,65,131,7.2,247,42,162,232,1.65,59,8.8,40.9,14.8,0,6603,7.8,19,8,0,10.8,10,M,no,sedentario
PAC002484,27,75.7,156,31.1,85,100,116,91,68,91,4.7,170,64,89,48,0.69,95,3.5,26.9,9.2,8,12329,7.2,17,27,4,12.2,9,M,no,ligero
PAC002485,19,73.0,154,30.8,81,105,132,78,75,89,5.3,159,59,113,53,1.09,98,4.9,16.0,11.1,5,9827,7.1,30,20,3,9.6,8,F,si,sedentario
PAC002486,70,77.9,194,20.7,121,99,143,90,72,109,7.2,246,52,153,214,1.0,64,9.0,45.0,14.6,0,2034,9.4,4,0,4,11.3,10,F,si,sedentario
PAC002487,61,80.2,198,20.5,127,109,134,85,80,123,7.2,234,27,162,223,1.37,76,8.1,47.5,10.5,2,10229,8.0,9,1,1,9.8,5,F,no,activo
PAC002488,31,51.7,175,16.9,60,98,124,66,70,100,5.5,114,62,95,254,0.87,130,0.1,29.9,15.0,10,11598,9.1,3,5,4,5.5,5,F,no,ligero
PAC002489,66,72.3,140,36.9,96,91,189,80,80,112,5.0,226,31,134,195,0.64,72,0.2,24.9,16.5,2,1296,4.9,10,7,2,15.3,8,M,si,sedentario
PAC002490,90,73.3,157,29.7,76,99,134,109,74,68,6.1,232,59,166,113,0.4,22,1.6,34.4,16.1,0,4495,5.3,15,0,4,11.2,5,F,no,sedentario
PAC002491,18,70.8,165,26.0,101,75,121,68,80,96,5.3,193,57,137,172,1.13,80,1.9,40.7,12.9,7,8250,7.2,9,29,3,7.7,6,M,si,ligero
PAC002492,18,59.7,166,21.7,85,99,105,62,84,93,5.8,168,46,77,120,1.37,112,4.3,28.7,13.1,7,5285,9.6,11,19,0,8.9,6,F,no,activo
PAC002493,74,86.5,152,37.4,95,102,169,85,88,83,5.9,215,52,175,131,0.49,76,3.9,41.5,17.9,0,2838,6.2,14,8,2,11.9,5,M,si,sedentario
PAC002494,79,89.7,198,22.9,96,79,149,112,53,126,6.1,226,25,141,227,1.23,110,8.5,15.6,12.4,0,2278,8.0,26,4,0,13.8,3,F,no,ligero
PAC002495,67,101.3,149,45.6,100,104,149,103,76,106,6.1,227,25,157,161,0.7,83,3.5,26.1,17.2,0,4220,5.7,10,4,3,15.1,9,F,no,sedentario
PAC002496,53,104.3,186,30.1,124,98,153,77,88,115,7.0,262,35,168,313,1.46,87,6.2,35.6,15.1,0,500,8.1,19,14,3,10.3,6,F,no,sedentario
PAC002497,72,69.8,149,31.4,90,114,153,101,84,116,5.8,243,43,123,86,0.55,82,5.6,11.8,13.9,0,7357,5.7,3,5,2,12.1,8,F,no,sedentario
PAC002498,59,90.9,189,25.4,126,106,121,82,88,159,7.4,268,42,193,307,0.97,82,8.8,28.6,13.5,1,605,10.2,13,2,0,11.8,7,F,si,ligero
PAC002499,76,109.8,140,56.0,108,86,164,88,72,96,4.1,242,54,145,235,0.6,81,5.6,28.1,16.2,3,8681,7.0,12,6,3,9.6,6,F,si,ligero
PAC002500,34,71.9,152,31.1,92,115,125,95,67,131,4.5,163,49,128,187,1.06,90,5.0,31.9,12.6,4,8829,7.4,17,32,2,15.3,7,F,no,activo
PAC002501,72,86.8,195,22.8,130,104,129,78,90,128,6.8,201,47,151,196,1.5,80,3.7,25.3,15.6,0,6383,10.0,13,18,0,13.7,10,M,no,sedentario
PAC002502,18,88.5,166,32.1,86,102,118,73,94,122,4.6,176,33,162,68,0.82,102,0.1,22.9,12.9,0,7522,10.1,9,27,2,6.8,7,M,si,ligero
PAC002503,60,83.6,205,19.9,107,99,120,85,90,121,7.1,295,46,124,236,1.32,87,4.5,32.1,17.1,0,3686,9.2,1,0,1,10.5,6,M,no,ligero
PAC002504,39,77.1,196,20.1,129,100,135,76,88,141,7.0,246,58,121,317,1.26,77,11.3,33.9,12.7,0,4840,7.8,10,2,0,9.2,10,M,no,sedentario
PAC002505,63,115.4,205,27.5,102,97,122,82,75,145,7.2,296,37,168,273,1.06,50,8.0,43.4,13.6,2,661,9.1,10,3,1,18.4,6,M,no,sedentario
PAC002506,18,85.9,175,28.0,60,90,115,81,71,82,5.3,169,58,126,144,0.92,94,1.6,23.7,16.9,12,13560,11.0,0,0,5,3.1,2,M,no,ligero
PAC002507,40,68.2,157,27.7,77,89,101,72,92,82,5.8,216,49,106,148,0.64,99,4.3,14.9,9.9,7,8252,7.8,16,23,1,11.6,8,M,no,sedentario
PAC002508,90,106.6,151,46.8,96,87,149,100,79,129,5.8,253,41,120,283,0.74,79,1.4,25.3,16.3,3,2182,6.2,19,4,4,12.5,0,M,no,sedentario
PAC002509,35,52.3,160,20.4,92,82,125,69,56,78,6.0,184,49,80,123,1.1,92,0.1,41.1,14.0,11,15009,8.4,11,1,8,3.6,0,F,no,activo
PAC002510,22,79.7,161,30.7,100,75,128,65,86,88,5.1,172,51,97,119,1.07,103,0.1,28.3,13.4,10,14553,7.7,29,24,0,10.3,7,M,si,ligero
PAC002511,64,85.0,191,23.3,117,93,144,79,82,140,6.9,239,47,176,261,1.02,71,11.0,21.3,15.3,0,6028,7.3,15,7,0,12.3,7,M,si,activo
PAC002512,70,85.8,187,24.5,124,92,141,76,75,110,7.4,279,57,206,241,1.26,38,4.9,44.2,15.1,0,500,8.2,3,4,3,8.5,6,F,no,activo
PAC002513,19,84.9,149,38.2,85,80,138,89,57,61,4.6,208,69,87,109,1.3,77,4.4,29.2,18.4,4,12805,7.9,7,0,5,4.2,2,M,no,ligero
PAC002514,18,54.7,164,20.3,80,102,113,82,64,94,5.5,205,80,83,72,1.15,99,0.5,33.0,17.0,8,14356,9.2,5,9,5,8.2,0,F,no,activo
PAC002515,18,67.8,166,24.6,75,122,102,73,56,77,4.7,175,46,86,40,1.38,78,0.1,53.4,15.2,5,9124,8.0,0,0,3,7.1,4,M,si,ligero
PAC002516,18,75.0,157,30.4,83,104,125,70,69,91,4.7,207,85,112,97,1.27,88,1.9,52.7,14.4,10,12503,8.0,3,3,8,10.6,3,F,no,activo
PAC002517,68,125.3,204,30.1,107,101,151,76,74,109,7.0,208,47,103,301,0.77,79,8.8,33.0,15.3,2,4602,8.3,19,0,3,7.6,2,M,no,sedentario
PAC002518,18,72.3,167,25.9,68,83,104,54,53,85,4.0,184,79,108,191,0.93,110,2.5,27.3,16.3,7,13602,9.1,6,0,5,5.5,0,M,si,ligero
PAC002519,85,87.0,192,23.6,128,90,140,87,83,109,6.1,256,28,198,325,0.77,77,5.9,28.7,13.8,0,4016,9.6,12,8,1,10.1,9,M,si,sedentario
PAC002520,53,95.1,183,28.4,128,88,143,77,72,115,6.4,278,50,166,248,0.81,95,5.3,27.6,15.8,0,2719,10.2,1,1,2,13.5,10,F,no,sedentario
PAC002521,18,97.8,170,33.8,92,92,112,84,66,113,5.9,187,62,69,106,1.2,101,1.1,39.0,15.3,6,9644,8.9,5,0,4,7.1,1,F,no,ligero
PAC002522,39,67.0,183,20.0,71,89,114,65,74,102,4.5,141,71,109,40,0.94,92,0.1,39.3,13.5,14,11708,7.2,3,0,4,8.5,2,M,no,sedentario
PAC002523,22,50.4,158,20.2,86,103,140,77,79,81,5.9,178,47,97,194,0.94,84,3.3,30.7,11.8,6,10696,8.0,18,24,1,8.1,7,F,no,activo
PAC002524,32,42.3,156,17.4,77,87,131,74,82,60,6.5,170,62,99,101,1.43,124,1.3,38.0,15.0,10,12562,9.0,5,5,6,9.2,2,F,no,ligero
PAC002525,18,67.1,161,25.9,84,92,122,82,70,60,4.3,138,65,58,42,1.33,113,0.1,36.4,12.5,12,16167,7.7,1,4,5,4.8,5,F,no,ligero
PAC002526,69,119.7,190,33.2,130,111,159,82,86,123,7.4,239,35,140,363,1.11,84,6.7,34.3,14.6,1,500,8.4,4,22,0,6.6,7,M,no,sedentario
PAC002527,18,63.4,156,26.1,93,99,126,68,100,89,4.9,229,40,115,106,1.09,87,1.3,20.5,13.3,9,6503,6.4,25,23,0,10.0,8,F,si,sedentario
PAC002528,59,77.7,202,19.0,115,112,152,83,89,150,7.3,248,34,164,315,0.97,88,6.2,48.5,14.6,1,2777,9.7,12,4,0,6.9,8,M,si,sedentario
PAC002529,24,68.8,169,24.1,70,99,116,64,71,87,4.5,131,73,97,136,1.21,86,0.1,31.1,14.9,10,13490,8.9,0,6,4,6.1,2,F,no,ligero
PAC002530,60,104.4,153,44.6,101,85,156,97,80,122,5.8,277,43,205,230,0.6,40,8.8,40.9,15.7,0,4052,7.3,14,1,0,13.9,9,M,si,ligero
PAC002531,18,55.0,147,25.5,60,89,148,89,55,102,4.6,186,84,124,51,1.21,106,0.1,42.9,12.5,7,8506,8.4,10,0,5,3.2,5,M,no,ligero
PAC002532,22,64.1,163,24.1,75,96,105,58,59,86,4.3,183,56,114,151,1.08,84,3.9,53.6,16.2,7,12464,8.2,0,13,6,4.6,2,F,si,activo
PAC002533,90,102.1,146,47.9,104,92,164,112,77,106,7.2,231,39,173,212,0.42,75,3.2,32.5,15.4,0,4566,5.1,6,0,2,10.7,5,M,si,sedentario
PAC002534,90,103.0,140,52.6,107,89,162,120,80,95,6.6,252,40,87,135,0.4,60,4.0,28.1,14.7,3,7000,8.4,8,4,1,8.4,7,F,si,ligero
PAC002535,51,74.8,157,30.3,101,100,113,58,83,88,4.0,226,46,126,133,0.82,106,6.0,37.8,12.3,1,13748,7.7,20,23,3,13.9,5,F,si,sedentario
PAC002536,31,73.5,151,32.2,86,94,122,86,78,94,5.5,175,85,136,73,1.02,104,1.0,25.4,12.9,6,8881,8.4,20,21,3,11.8,4,M,no,sedentario
PAC002537,18,52.1,168,18.5,85,93,111,81,55,69,6.5,208,52,134,84,1.18,98,2.1,36.3,13.3,2,2067,8.1,4,30,1,7.8,5,M,no,sedentario
PAC002538,18,60.2,153,25.7,63,96,127,76,57,75,4.7,155,71,118,85,1.21,90,0.1,38.6,15.9,9,12951,8.3,4,7,8,2.0,0,F,si,activo
PAC002539,72,96.6,140,49.3,125,103,148,104,67,117,7.4,193,52,107,72,0.4,106,0.2,26.4,15.0,0,4681,4.8,21,1,0,11.4,7,M,no,sedentario
PAC002540,49,84.9,165,31.2,73,99,92,61,70,98,4.6,196,60,65,45,1.29,101,2.6,31.1,14.9,9,12847,8.0,5,0,4,5.3,3,M,si,ligero
PAC002541,42,71.1,152,30.8,87,97,96,67,77,104,5.2,110,53,131,40,1.05,130,1.3,18.0,10.2,3,8033,8.1,18,40,2,15.3,10,M,no,activo
PAC002542,52,93.8,152,40.6,105,119,141,103,81,76,5.9,174,53,144,143,0.4,74,2.4,33.6,16.7,1,6028,6.4,2,12,2,9.9,5,M,no,sedentario
PAC002543,18,71.7,166,26.0,94,101,117,69,84,106,6.1,138,40,106,56,1.13,85,1.8,21.2,10.7,3,7827,8.9,3,35,3,8.9,8,M,no,ligero
PAC002544,57,104.0,148,47.5,91,117,147,85,93,81,5.9,184,42,112,192,0.61,58,3.8,27.1,18.1,3,7055,6.5,18,13,2,11.2,7,F,no,ligero
PAC002545,24,68.1,173,22.8,71,96,111,79,65,60,5.8,137,74,119,112,1.42,104,1.2,50.5,15.7,7,16286,8.7,14,10,2,8.7,4,F,no,activo
PAC002546,71,91.3,140,46.6,114,94,114,111,71,84,6.3,280,66,129,173,0.5,86,5.9,33.5,15.5,1,9232,6.8,4,0,2,12.8,8,M,no,activo
PAC002547,50,75.2,140,38.4,93,101,147,97,76,79,6.6,245,44,148,260,0.5,73,5.5,42.1,17.0,3,1976,6.6,3,0,4,9.6,9,F,no,sedentario
PAC002548,65,95.5,205,22.7,118,112,148,86,69,144,9.1,239,37,165,304,0.96,67,9.5,25.8,15.6,3,1844,9.3,3,0,0,11.5,5,M,no,activo
PAC002549,43,68.7,155,28.6,77,104,108,67,55,82,5.3,179,66,72,40,1.57,85,0.2,43.5,17.4,12,13293,9.1,0,5,8,3.3,4,M,no,ligero
PAC002550,20,68.7,159,27.2,83,99,125,74,60,76,5.6,197,49,68,48,0.75,111,3.3,29.6,13.0,6,10245,7.2,19,10,7,5.7,3,F,no,ligero
PAC002551,34,63.1,178,19.9,75,93,106,87,73,78,4.6,199,52,113,40,1.02,97,0.4,22.8,14.5,9,13314,8.2,10,2,4,5.6,2,M,no,ligero
PAC002552,25,67.1,153,28.7,60,96,110,86,59,86,5.0,180,67,40,40,0.98,113,0.1,49.3,14.7,10,13481,9.1,0,10,2,3.1,4,M,no,ligero
PAC002553,32,81.9,159,32.4,80,98,140,65,84,74,4.8,148,48,156,40,1.03,110,4.4,12.3,13.2,9,7229,7.8,15,5,3,8.3,10,F,si,sedentario
PAC002554,18,57.6,170,19.9,88,94,113,55,60,103,5.2,180,55,112,40,1.16,80,2.7,34.6,13.9,10,13946,9.2,6,14,2,6.8,5,F,si,sedentario
PAC002555,38,63.0,172,21.3,96,78,126,80,67,82,5.6,176,58,120,109,0.87,93,0.1,46.6,15.4,11,14244,7.8,5,0,6,7.1,4,M,si,sedentario
PAC002556,82,75.8,155,31.6,102,101,151,98,81,103,6.5,212,53,150,227,0.74,80,3.8,40.8,15.0,7,4667,5.5,13,3,3,7.7,8,M,no,activo
PAC002557,18,69.4,172,23.5,86,105,115,72,59,91,5.4,154,62,92,147,1.31,74,1.5,35.9,14.3,4,8319,6.5,6,2,6,4.0,4,F,si,activo
PAC002558,30,75.3,167,27.0,71,89,150,86,72,73,4.0,174,56,73,63,0.89,91,2.0,35.2,15.2,9,13040,9.1,4,0,4,5.3,1,F,si,ligero
PAC002559,62,95.4,148,43.6,81,100,173,92,70,136,4.5,218,44,105,55,0.41,82,9.6,33.0,17.9,2,5638,5.9,18,2,2,12.6,5,M,no,sedentario
PAC002560,18,57.8,161,22.3,80,111,96,61,71,82,4.5,162,68,102,72,1.2,74,0.1,37.4,15.6,14,9895,8.8,0,0,6,2.0,0,M,no,ligero
PAC002561,40,74.5,172,25.2,100,117,103,88,57,94,5.9,140,80,100,162,1.09,130,0.1,36.0,15.9,8,13494,10.9,0,6,4,9.9,5,F,si,ligero
PAC002562,23,40.1,168,14.2,94,103,126,65,57,74,4.8,191,73,121,135,1.17,93,3.7,43.0,15.3,9,12817,8.9,8,2,6,7.7,0,F,si,ligero
PAC002563,30,64.9,164,24.1,60,82,112,79,93,68,5.7,176,64,124,121,0.97,94,2.9,18.8,9.4,8,7675,8.0,24,36,0,11.4,7,F,no,sedentario
PAC002564,51,69.4,186,20.1,108,97,157,86,71,139,7.3,263,25,177,195,0.88,91,5.0,42.8,11.5,0,5737,7.8,10,8,0,8.4,8,M,no,sedentario
PAC002565,23,69.5,150,30.9,106,87,115,72,76,95,5.6,207,40,124,144,0.83,70,0.5,31.5,13.1,6,8921,8.5,10,19,3,8.4,7,F,si,sedentario
PAC002566,18,67.1,168,23.8,84,84,107,83,86,96,4.8,210,58,114,149,0.72,88,4.5,12.4,13.4,7,6467,7.0,18,23,1,11.7,7,F,si,activo
PAC002567,34,97.2,165,35.7,88,94,109,72,85,83,5.1,179,74,119,186,0.95,99,4.4,16.6,8.9,11,5731,7.8,34,18,3,9.8,3,F,si,ligero
PAC002568,87,110.2,198,28.1,115,97,143,84,77,128,6.6,221,45,174,189,1.1,78,4.2,24.5,14.4,0,4226,10.8,15,0,0,8.4,6,F,si,sedentario
PAC002569,62,76.7,159,30.3,124,97,166,99,77,108,5.3,249,65,170,187,0.68,77,5.7,21.4,15.2,2,2416,5.6,17,8,0,8.0,7,F,si,ligero
PAC002570,21,66.2,164,24.6,79,96,115,89,60,68,4.9,168,53,77,116,0.87,88,3.0,30.1,15.1,9,11022,8.7,4,0,5,2.8,2,F,si,ligero
PAC002571,40,42.2,160,16.5,100,107,115,85,64,88,5.2,143,66,117,90,1.05,104,2.3,42.1,14.3,7,13319,8.4,8,0,4,4.6,3,F,no,activo
PAC002572,18,79.1,152,34.2,81,115,126,73,71,111,5.4,201,52,143,104,1.31,103,0.1,20.5,13.2,5,11393,8.5,13,31,1,12.5,6,M,no,ligero
PAC002573,54,98.6,201,24.4,102,91,149,91,74,165,5.9,224,35,175,280,1.18,54,5.0,35.8,17.0,0,1290,8.4,11,10,3,11.5,8,M,no,sedentario
PAC002574,84,72.7,192,19.7,112,111,156,82,62,156,7.2,243,25,144,318,1.47,90,6.6,33.8,13.9,3,5514,8.3,16,13,2,12.3,6,M,si,ligero
PAC002575,18,57.0,145,27.1,99,84,141,50,78,93,4.8,208,62,158,167,1.11,96,2.4,6.8,10.2,3,10237,9.0,16,19,1,9.8,4,F,no,sedentario
PAC002576,35,71.3,177,22.8,60,113,118,67,73,60,6.7,185,74,114,112,1.11,128,0.1,26.7,13.7,9,9647,9.2,0,0,4,2.0,1,F,si,sedentario
PAC002577,64,78.2,140,39.9,108,104,157,102,72,86,6.5,239,26,181,164,0.4,114,2.9,26.9,15.0,1,3227,5.2,17,0,1,18.3,5,F,no,sedentario
PAC002578,67,86.8,205,20.7,99,106,155,86,96,126,6.4,238,39,178,298,1.05,52,7.9,43.6,16.5,3,4174,10.7,12,6,2,12.6,10,F,si,sedentario
PAC002579,40,69.6,170,24.1,65,75,129,71,71,63,5.8,204,56,130,86,0.82,127,3.0,36.6,14.2,8,8729,7.7,5,13,4,9.8,1,F,no,activo
PAC002580,71,106.0,200,26.5,117,105,131,74,83,132,7.6,220,25,137,217,1.29,44,5.3,34.4,17.3,0,1866,9.1,11,4,3,7.0,8,M,no,ligero
PAC002581,51,51.7,140,26.4,103,95,163,93,86,105,6.2,231,37,103,171,0.54,62,2.9,34.8,17.3,5,2329,6.8,6,11,3,12.4,7,M,si,sedentario
PAC002582,18,68.7,174,22.7,81,106,120,63,84,80,4.8,122,61,113,188,0.78,115,0.4,44.7,12.8,6,10534,8.4,0,0,6,6.7,0,F,no,activo
PAC002583,31,63.0,159,24.9,70,98,119,68,73,78,4.3,171,67,106,127,1.11,72,4.6,25.7,15.5,8,13241,6.7,11,6,5,2.4,1,M,no,sedentario
PAC002584,71,114.7,205,27.3,97,84,140,93,79,118,7.8,258,34,142,202,1.05,79,7.1,35.2,14.6,0,5353,7.6,17,10,2,15.8,5,M,no,sedentario
PAC002585,58,102.1,194,27.1,108,93,121,96,84,137,6.4,237,38,157,330,1.15,67,5.2,47.3,15.2,5,500,7.8,13,17,0,10.0,6,M,si,ligero
PAC002586,71,93.3,189,26.1,108,107,162,96,67,130,6.0,220,47,182,280,1.41,51,3.7,40.1,16.2,3,1353,7.6,11,4,1,12.7,8,F,si,sedentario
PAC002587,64,90.7,153,38.7,76,99,167,105,67,99,6.2,213,31,108,261,0.4,90,0.1,33.1,15.4,2,1709,6.0,8,0,5,11.1,10,M,no,sedentario
PAC002588,18,65.3,170,22.6,73,84,123,77,81,110,4.2,157,51,127,40,0.56,106,0.1,10.9,11.0,7,11439,5.6,21,20,3,9.0,10,F,no,ligero
PAC002589,49,103.6,189,29.0,109,101,141,86,74,157,6.3,239,53,198,268,1.57,69,5.8,31.2,13.0,0,2177,9.3,3,0,2,10.7,10,F,no,sedentario
PAC002590,73,84.6,192,22.9,121,112,125,92,71,116,7.3,273,28,150,224,1.47,69,7.8,33.5,15.1,0,6018,8.6,16,4,0,12.5,6,F,si,ligero
PAC002591,62,94.9,187,27.1,119,110,129,71,83,110,6.6,266,40,157,157,1.18,82,3.8,28.0,14.4,3,5458,8.0,15,0,2,13.8,4,F,no,sedentario
PAC002592,46,65.8,143,32.2,105,116,182,95,78,121,5.9,253,54,120,157,0.4,80,5.4,42.8,15.2,0,4768,5.5,20,17,0,12.9,9,M,si,ligero
PAC002593,82,90.4,193,24.3,100,97,145,87,80,107,6.7,236,41,169,221,1.14,72,6.4,35.3,14.0,0,1585,7.1,23,7,2,8.0,5,F,si,sedentario
PAC002594,42,73.7,156,30.3,83,98,116,79,99,121,5.2,165,53,97,147,0.94,93,4.9,10.6,9.9,6,10146,7.4,18,24,0,5.1,6,M,no,ligero
PAC002595,90,71.2,146,33.4,94,95,155,99,92,119,5.7,255,55,132,116,0.63,64,7.5,21.4,17.3,1,3610,4.2,5,24,3,12.9,7,M,si,sedentario
PAC002596,68,106.0,192,28.8,103,95,138,98,87,128,6.6,230,31,133,184,1.04,67,4.7,21.8,13.9,0,2280,9.5,6,11,2,9.9,8,F,no,sedentario
PAC002597,18,60.6,173,20.2,68,111,120,75,58,118,5.1,161,71,121,86,1.05,106,0.1,30.5,14.1,5,13034,7.7,8,0,6,12.1,3,M,si,sedentario
PAC002598,51,64.2,154,27.1,84,108,102,86,85,97,4.6,225,61,118,47,0.68,114,2.4,27.7,11.6,9,12198,6.6,22,26,2,6.1,8,M,no,ligero
PAC002599,74,90.2,154,38.0,111,102,143,115,68,101,5.4,258,46,186,132,0.57,76,6.4,39.9,15.8,0,3073,7.2,7,3,1,18.2,8,F,no,sedentario
PAC002600,33,64.2,178,20.3,65,103,127,65,66,85,4.2,196,60,132,80,0.94,114,1.4,35.8,12.6,5,9590,7.2,17,16,2,11.7,9,M,no,activo
PAC002601,62,63.7,151,27.9,94,116,153,86,80,94,6.7,241,37,164,216,0.58,75,6.8,25.6,14.7,0,4397,5.2,16,15,3,10.5,10,F,no,sedentario
PAC002602,45,84.0,140,42.9,105,97,185,103,65,113,5.1,173,45,128,148,0.81,57,5.7,35.2,15.5,2,5178,4.8,12,0,2,17.4,10,F,no,activo
PAC002603,33,68.1,159,26.9,76,106,114,66,60,106,4.9,155,61,84,209,0.89,112,2.8,22.7,15.9,2,17309,8.3,1,6,6,8.6,2,F,no,ligero
PAC002604,74,112.9,194,30.0,118,96,153,79,89,148,6.9,179,25,118,257,1.13,73,6.3,34.9,13.4,0,2093,9.4,5,3,0,14.0,4,F,si,sedentario
PAC002605,27,57.8,176,18.7,81,105,147,62,73,100,6.4,155,62,104,40,0.88,114,0.1,32.1,13.1,13,11347,7.6,0,11,7,8.6,4,F,si,sedentario
PAC002606,26,66.0,167,23.7,87,112,101,77,73,101,4.3,177,69,84,149,1.09,120,0.1,22.6,10.7,5,7820,7.9,16,25,1,9.4,7,M,si,ligero
PAC002607,25,77.0,153,32.9,92,106,116,62,57,67,4.0,166,58,60,40,1.14,98,2.9,34.5,14.7,9,12615,5.8,5,0,3,6.2,3,F,si,activo
PAC002608,28,51.3,171,17.5,92,88,156,79,65,83,4.5,142,69,66,161,1.33,96,2.7,21.5,15.0,12,10694,6.7,0,4,6,7.8,2,M,no,sedentario
PAC002609,33,53.0,178,16.7,90,113,124,60,84,64,4.6,232,56,41,83,1.05,118,0.1,51.5,12.2,7,9929,8.9,7,0,7,5.0,3,F,no,sedentario
PAC002610,18,78.3,170,27.1,73,107,90,83,55,74,5.6,130,82,107,69,0.78,115,0.9,22.1,15.4,6,15589,8.5,6,0,6,2.4,6,M,no,ligero
PAC002611,23,86.3,163,32.5,77,95,117,86,92,78,5.0,205,46,118,52,0.99,83,5.1,33.2,14.0,4,11715,9.1,24,20,3,7.4,8,M,no,sedentario
PAC002612,18,79.9,161,30.8,87,110,112,68,71,76,4.9,192,49,119,114,0.8,102,1.1,16.7,13.0,3,10832,7.1,23,25,0,12.0,7,F,si,ligero
PAC002613,28,48.7,159,19.3,78,95,109,65,87,98,4.2,143,59,128,114,0.96,100,2.2,23.1,12.3,5,11238,7.9,28,10,1,12.8,4,F,si,ligero
PAC002614,35,52.2,181,15.9,96,108,96,86,83,97,5.2,160,58,74,113,0.69,102,5.6,26.4,11.7,5,9478,6.8,19,33,0,10.6,9,F,no,activo
PAC002615,42,67.1,150,29.8,86,87,111,99,80,109,4.0,211,65,86,122,1.16,73,5.3,24.8,10.8,10,10417,6.9,20,12,1,7.8,8,M,no,ligero
PAC002616,31,47.9,182,14.5,71,94,141,68,97,126,5.9,216,64,68,156,0.89,100,2.5,19.3,12.1,8,11359,7.3,23,21,0,7.9,5,F,no,sedentario
PAC002617,32,63.9,147,29.6,66,100,127,81,55,91,4.7,176,70,96,47,1.29,116,0.1,32.5,16.7,9,13817,9.3,5,0,5,3.2,3,M,no,sedentario
PAC002618,72,82.4,141,41.4,87,92,171,99,90,80,6.4,237,44,113,69,0.53,77,4.1,26.0,12.3,0,5971,6.5,18,4,2,13.9,9,M,no,sedentario
PAC002619,58,94.6,191,25.9,131,107,141,89,92,161,6.5,242,52,178,259,1.06,87,4.7,29.6,15.0,0,1350,8.9,0,12,0,13.9,6,M,no,sedentario
PAC002620,18,54.7,167,19.6,60,103,108,65,60,100,5.3,142,64,71,161,0.91,118,2.1,30.9,16.8,9,19120,8.8,0,4,7,6.3,4,F,no,sedentario
PAC002621,32,57.1,156,23.5,68,84,156,94,78,75,5.2,192,64,110,136,0.86,93,4.6,23.7,13.4,3,8442,6.9,20,33,4,9.6,8,F,si,ligero
PAC002622,63,72.9,154,30.7,109,104,151,97,79,96,5.7,177,54,154,102,0.4,75,8.5,37.5,15.2,2,500,6.6,19,4,2,13.8,6,F,si,sedentario
PAC002623,69,111.4,193,29.9,145,106,135,85,78,148,7.1,195,25,163,214,1.13,83,8.6,29.6,14.7,0,500,9.6,10,16,0,10.3,7,M,si,sedentario
PAC002624,38,65.7,158,26.3,84,110,134,63,61,112,4.1,203,66,88,98,1.23,91,0.1,35.4,15.4,9,12314,7.8,1,7,8,4.3,2,F,no,ligero
PAC002625,33,54.3,169,19.0,85,113,113,70,72,72,5.8,155,57,108,96,1.24,113,0.9,51.1,15.1,7,15111,8.3,0,0,8,6.6,1,F,no,activo
PAC002626,43,74.9,157,30.4,98,95,130,86,64,83,5.6,234,65,79,121,0.71,92,4.3,13.2,11.8,7,6677,8.9,32,25,4,6.0,9,M,si,sedentario
PAC002627,71,72.3,188,20.5,94,93,139,85,68,137,7.4,258,49,169,200,1.31,66,8.3,43.7,14.1,0,4277,8.3,18,11,2,12.5,8,F,no,sedentario
PAC002628,28,59.3,180,18.3,82,84,120,75,68,112,5.0,184,51,90,65,0.77,106,3.1,30.5,15.8,9,11118,10.1,6,10,6,4.6,3,M,si,ligero
PAC002629,37,66.2,174,21.9,78,85,109,78,68,86,4.3,170,68,50,169,1.29,94,0.1,34.7,16.6,8,16716,8.2,9,8,2,6.7,0,M,si,ligero
PAC002630,45,102.8,200,25.7,107,108,162,92,73,136,7.0,227,31,191,331,1.29,65,10.8,28.9,14.6,0,2388,9.3,13,2,0,10.4,5,M,no,sedentario
PAC002631,67,76.5,153,32.7,104,85,154,91,75,97,4.7,197,28,140,245,0.75,44,3.5,27.8,15.5,0,6339,7.2,8,0,2,12.6,2,M,no,activo
PAC002632,27,69.4,169,24.3,60,94,110,77,48,86,5.6,196,75,68,106,1.26,104,0.1,42.0,14.0,13,11223,7.9,10,0,4,8.1,4,F,no,activo
PAC002633,18,77.2,166,28.0,75,82,108,81,90,118,4.3,176,54,104,156,0.68,71,1.9,18.1,11.6,2,10920,5.4,17,20,0,8.6,8,F,no,sedentario
PAC002634,78,125.9,195,33.1,112,108,153,72,72,161,6.3,272,25,167,200,1.19,75,5.1,28.3,16.1,0,6557,9.6,9,10,2,12.4,7,M,si,sedentario
PAC002635,32,74.1,143,36.2,70,95,144,90,85,84,5.3,155,53,165,181,0.84,74,5.5,25.5,10.5,8,8200,7.3,24,32,3,8.3,10,F,si,activo
PAC002636,56,76.2,152,33.0,109,106,160,108,64,129,4.5,263,55,123,189,0.4,55,6.3,20.8,16.7,4,2206,5.9,2,0,0,8.9,10,F,si,ligero
PAC002637,78,83.2,154,35.1,104,97,147,101,77,105,6.5,240,28,175,144,0.42,29,7.2,25.2,15.8,5,5051,7.1,11,6,2,15.6,10,M,no,sedentario
PAC002638,31,79.4,181,24.2,80,109,125,80,52,91,5.0,149,59,40,40,0.96,72,0.1,33.7,15.6,7,9748,8.1,5,15,6,10.5,0,F,no,sedentario
PAC002639,18,91.5,146,42.9,85,91,114,80,73,97,5.1,156,68,76,82,0.76,130,4.1,26.6,9.8,5,6530,7.3,9,27,0,11.3,8,M,si,sedentario
PAC002640,18,75.2,159,29.7,77,103,109,74,60,112,4.0,212,56,107,71,0.82,97,5.5,50.9,14.9,8,13300,6.3,14,0,5,6.9,4,F,no,ligero
PAC002641,68,88.2,143,43.1,103,91,138,101,98,109,4.0,242,57,128,173,0.48,22,3.8,36.3,16.8,0,1948,3.6,3,9,1,13.7,10,M,no,sedentario
PAC002642,63,90.2,197,23.2,111,104,103,93,66,146,7.5,229,51,200,199,1.27,86,8.1,51.1,13.4,0,6508,9.6,10,0,0,14.9,4,M,si,sedentario
PAC002643,20,69.5,176,22.4,63,99,93,71,64,78,5.5,164,83,77,115,1.29,114,0.7,18.3,14.4,11,12106,9.4,3,6,5,4.5,0,M,no,ligero
PAC002644,24,43.3,154,18.3,87,93,118,72,70,107,5.4,184,67,66,40,1.09,100,3.5,31.7,14.3,8,14507,8.4,3,0,4,8.5,6,F,no,activo
PAC002645,81,70.4,164,26.2,88,94,165,107,95,111,6.3,179,40,106,146,0.61,76,6.7,28.0,16.0,0,7383,6.7,5,5,0,18.6,4,M,no,activo
PAC002646,51,65.9,162,25.1,69,88,134,67,83,101,5.7,232,42,136,100,0.9,98,1.4,5.0,10.5,8,7643,8.7,9,26,4,10.5,8,M,si,sedentario
PAC002647,29,71.8,149,32.3,90,95,128,60,92,69,4.6,149,50,159,120,0.89,86,3.2,21.4,10.0,5,9068,6.3,8,24,4,6.9,6,F,no,sedentario
PAC002648,54,90.4,195,23.8,125,109,162,83,74,137,8.1,160,44,119,236,1.48,68,8.7,29.3,14.8,0,5319,9.9,9,14,4,14.1,5,F,si,sedentario
PAC002649,31,83.2,176,26.9,60,106,96,87,59,67,6.1,128,69,95,93,0.53,99,1.2,27.0,13.6,5,8771,8.7,6,5,8,2.5,2,F,no,ligero
PAC002650,54,88.0,205,20.9,101,106,165,85,74,137,8.7,217,30,142,311,1.18,57,5.3,15.8,15.9,0,5963,10.0,9,6,2,10.0,10,F,si,sedentario
PAC002651,18,62.1,179,19.4,82,91,115,69,62,73,4.1,238,56,92,110,1.39,110,0.5,29.3,14.6,8,9799,6.5,9,6,4,6.5,5,M,si,ligero
PAC002652,33,70.9,160,27.7,92,118,114,61,67,103,5.1,207,84,72,108,1.21,122,3.4,39.2,16.2,9,8184,10.1,2,0,5,5.0,3,M,si,activo
PAC002653,82,92.0,152,39.8,118,92,163,110,80,113,6.1,217,45,138,129,0.4,101,6.2,33.5,17.2,2,7452,6.3,9,2,0,12.9,6,F,no,activo
PAC002654,45,88.9,193,23.9,114,112,129,87,64,129,6.8,261,25,125,342,1.03,85,6.0,42.9,14.2,1,2745,9.0,7,0,2,7.7,9,F,si,ligero
PAC002655,71,68.8,183,20.5,107,86,131,89,90,148,7.6,255,49,144,280,1.15,66,6.0,41.3,15.6,0,5797,7.9,10,5,1,10.9,1,M,no,ligero
PAC002656,42,52.2,154,22.0,86,87,114,80,52,91,5.2,166,78,155,153,0.94,112,1.1,38.5,16.7,8,11842,7.6,1,4,8,6.9,2,F,no,ligero
PAC002657,40,84.7,156,34.8,74,106,118,75,80,93,5.2,168,51,118,145,0.81,100,3.6,21.2,10.8,6,7636,7.6,23,18,1,5.8,5,M,no,sedentario
PAC002658,90,94.1,184,27.8,102,122,139,110,71,142,7.3,224,42,185,269,1.3,76,1.4,44.7,14.6,0,5375,5.8,11,1,1,10.8,7,M,no,sedentario
PAC002659,87,112.7,158,45.1,90,87,162,107,75,115,5.7,243,52,158,125,0.4,66,3.5,28.7,16.0,4,2380,7.5,7,1,0,11.0,8,M,no,activo
PAC002660,77,88.6,150,39.4,95,81,159,93,83,111,6.5,235,54,104,236,0.6,75,0.6,52.8,14.3,0,6629,5.7,0,0,4,12.9,8,M,si,sedentario
PAC002661,61,96.2,150,42.8,101,102,146,91,62,121,5.5,217,49,158,167,0.46,86,1.5,35.4,14.7,2,4783,4.7,3,0,3,11.5,6,F,no,sedentario
PAC002662,40,76.9,147,35.6,75,84,98,78,90,94,6.2,206,84,160,104,1.17,120,1.4,21.5,10.8,3,7612,8.3,21,22,2,7.6,7,M,si,activo
PAC002663,18,59.6,162,22.7,62,97,100,63,84,114,4.0,172,68,145,222,0.94,96,4.7,26.2,12.0,6,8388,6.5,31,16,0,8.0,9,M,no,sedentario
PAC002664,80,72.8,140,37.1,112,108,156,110,85,89,6.1,251,40,144,133,0.76,68,5.6,37.3,15.9,5,500,5.9,8,13,1,10.8,7,F,no,sedentario
PAC002665,18,78.6,146,36.9,92,100,113,79,80,92,5.2,150,67,138,80,1.14,105,1.9,17.5,13.7,4,2242,8.0,8,26,3,13.1,10,M,no,ligero
PAC002666,18,73.3,162,27.9,75,101,118,71,61,85,4.3,142,65,106,58,1.31,117,2.9,38.6,14.9,3,15324,9.4,0,0,5,3.4,2,F,no,ligero
PAC002667,27,76.6,163,28.8,80,99,134,73,64,131,5.0,197,69,102,40,0.88,88,0.1,37.2,13.8,8,13798,9.5,2,3,8,5.0,0,M,si,sedentario
PAC002668,27,59.6,153,25.5,63,116,108,76,68,92,4.9,206,67,107,45,0.79,86,3.4,25.3,10.3,3,9769,8.9,13,18,1,6.4,6,F,si,ligero
PAC002669,37,55.2,148,25.2,80,104,127,66,72,112,5.2,157,40,102,58,1.1,112,4.6,14.6,9.4,3,9461,7.8,20,30,1,2.0,8,M,no,activo
PAC002670,61,106.0,205,25.2,111,107,127,94,73,112,7.0,226,32,135,250,1.29,63,9.8,32.3,16.0,4,500,8.0,18,7,0,6.1,8,F,si,ligero
PAC002671,32,89.6,167,32.1,81,100,94,77,45,103,6.0,197,55,100,168,1.07,106,4.7,27.9,15.0,5,10957,6.5,0,3,7,4.8,3,F,si,ligero
PAC002672,18,62.7,173,20.9,97,109,116,54,72,78,4.9,169,68,115,118,1.23,97,1.2,32.2,15.0,10,9764,9.1,0,0,4,10.0,5,F,no,activo
PAC002673,64,91.1,205,21.7,120,117,138,90,78,142,7.3,271,44,158,332,0.79,99,2.6,39.3,13.3,2,6293,9.6,12,13,1,8.1,8,F,si,ligero
PAC002674,40,81.1,154,34.2,61,118,102,73,63,78,5.4,171,67,98,40,0.59,93,0.1,35.8,14.1,5,10153,7.9,5,0,6,3.8,1,M,no,sedentario
PAC002675,20,59.0,160,23.0,90,104,107,78,88,96,4.8,152,57,86,261,0.62,109,0.1,21.1,12.0,4,12231,8.0,14,28,1,6.3,10,F,no,activo
PAC002676,49,81.6,140,41.6,108,103,128,107,100,104,5.4,219,42,101,286,0.45,64,4.2,41.5,16.6,2,500,7.8,6,7,2,18.2,9,F,si,sedentario
PAC002677,30,63.9,164,23.8,75,107,98,73,74,106,4.4,186,67,128,145,0.9,97,3.2,21.8,13.1,4,6783,7.4,21,27,2,6.8,5,F,no,sedentario
PAC002678,82,104.9,185,30.7,110,105,141,74,81,111,7.5,262,36,168,236,0.96,73,7.3,40.6,15.6,0,4749,8.3,17,0,2,5.4,7,M,no,activo
PAC002679,48,77.8,140,39.7,106,105,157,108,80,113,6.0,241,57,186,88,0.67,67,2.6,23.3,17.4,3,2123,5.1,30,7,1,16.3,4,F,no,sedentario
PAC002680,26,53.6,169,18.8,89,107,106,77,63,76,4.7,194,64,84,136,0.7,93,1.4,27.8,15.8,10,12001,7.9,0,0,4,8.7,0,M,no,ligero
PAC002681,18,52.3,157,21.2,80,114,117,50,90,85,5.1,172,76,73,133,1.1,101,2.8,32.6,10.5,8,10154,8.7,24,32,4,10.2,4,F,no,ligero
PAC002682,42,63.9,162,24.3,71,101,117,79,50,92,5.5,228,70,99,68,1.28,106,0.1,30.8,13.3,9,12749,6.8,7,0,6,4.0,2,M,no,activo
PAC002683,35,69.3,150,30.8,114,81,116,92,92,84,5.4,216,38,114,143,0.99,78,1.6,6.3,15.3,6,7643,7.5,17,23,1,10.8,10,M,no,sedentario
PAC002684,64,82.2,145,39.1,124,91,132,98,73,103,6.0,227,28,165,252,0.6,51,1.8,40.8,15.7,0,2476,4.2,2,12,0,14.9,3,M,si,sedentario
PAC002685,78,122.1,193,32.8,104,101,132,90,79,132,5.7,195,39,93,289,1.26,71,4.2,17.9,14.2,0,861,9.7,22,0,1,7.5,5,M,si,ligero
PAC002686,50,91.3,151,40.0,74,103,114,77,59,69,4.4,181,73,104,40,0.89,106,1.7,31.8,13.9,5,9567,8.3,8,0,6,10.3,0,F,no,sedentario
PAC002687,32,76.1,153,32.5,60,99,92,65,92,88,5.1,212,45,162,75,0.98,108,3.2,26.7,10.8,6,8598,7.0,27,31,0,11.8,7,M,no,ligero
PAC002688,62,99.1,178,31.3,105,121,138,87,70,161,6.9,256,25,192,249,1.14,76,2.5,44.3,14.2,0,3908,8.7,4,0,0,10.8,8,F,no,sedentario
PAC002689,73,86.3,140,44.0,118,98,157,89,85,90,4.8,187,26,122,213,0.47,69,6.6,28.5,14.4,5,2705,5.4,20,6,4,15.8,9,F,si,ligero
PAC002690,52,70.3,201,17.4,106,92,170,89,73,132,6.6,237,36,209,244,1.18,68,0.1,15.2,15.3,0,500,10.3,9,9,3,8.5,7,F,si,activo
PAC002691,39,49.1,173,16.4,74,97,117,57,82,70,4.4,171,60,76,40,1.36,93,0.1,45.1,13.1,5,14955,8.5,0,4,6,5.2,5,F,no,activo
PAC002692,63,103.4,196,26.9,129,98,157,91,75,115,7.4,204,27,139,258,0.91,64,6.9,28.3,18.0,0,6454,8.1,9,0,0,10.4,9,F,no,ligero
PAC002693,87,86.0,140,43.9,113,107,161,102,79,92,6.7,228,47,143,171,0.4,48,3.9,26.9,17.1,4,500,4.9,10,0,4,11.9,2,F,si,ligero
PAC002694,72,79.5,193,21.3,108,94,130,102,72,168,7.6,252,31,144,274,1.03,73,5.0,33.3,12.9,0,6917,9.6,0,0,2,11.0,8,F,no,activo
PAC002695,68,112.1,199,28.3,103,116,133,90,75,132,7.7,237,40,154,225,1.06,98,6.2,52.3,12.6,0,4217,11.0,11,0,0,7.2,10,F,no,activo
PAC002696,89,80.9,140,41.3,101,87,149,89,73,113,5.4,288,57,102,142,0.41,88,5.7,52.5,13.6,6,2054,4.4,0,7,4,14.9,7,M,si,ligero
PAC002697,62,82.9,143,40.5,102,85,148,95,82,113,5.5,249,38,155,258,0.87,66,6.9,27.8,14.8,3,5474,5.3,10,8,4,11.9,7,F,si,ligero
PAC002698,18,67.6,177,21.6,74,112,119,82,67,78,5.0,177,80,52,119,1.18,111,0.1,30.6,15.0,7,13392,9.2,0,4,7,8.3,3,F,no,sedentario
PAC002699,31,85.7,147,39.7,92,83,182,97,60,92,5.5,194,51,108,224,0.5,77,8.8,35.0,16.2,1,3270,6.7,15,0,3,11.0,10,M,no,sedentario
PAC002700,18,40.0,162,15.2,70,109,117,75,73,60,5.3,180,79,107,88,1.43,118,0.9,39.3,15.5,11,11782,10.9,4,0,6,6.2,3,M,si,ligero
PAC002701,25,57.6,163,21.7,69,83,90,63,63,76,4.0,189,63,99,40,1.27,125,1.5,41.4,14.1,10,11110,10.2,8,4,5,9.0,2,M,si,sedentario
PAC002702,64,120.1,186,34.7,122,90,107,72,77,140,7.3,235,47,183,341,1.45,62,6.8,32.6,14.6,2,7190,7.8,15,12,3,10.7,9,F,no,sedentario
PAC002703,35,61.8,164,23.0,82,98,100,77,71,81,5.4,171,70,94,40,0.96,67,4.1,34.2,11.8,10,12108,8.1,4,6,4,6.1,2,M,no,sedentario
PAC002704,46,61.5,161,23.7,76,100,97,83,82,67,4.9,196,59,122,152,1.05,88,2.4,33.3,12.6,9,15079,7.4,0,2,4,9.7,4,M,si,sedentario
PAC002705,63,84.0,203,20.4,116,105,153,83,92,153,7.4,220,42,197,323,1.35,70,6.1,29.3,13.2,0,7181,8.9,19,13,0,13.5,8,F,si,sedentario
PAC002706,90,87.4,140,44.6,82,91,141,97,92,80,6.4,183,25,137,148,0.44,63,2.7,25.2,19.0,2,3422,9.0,5,0,3,17.9,3,M,si,sedentario
PAC002707,77,74.7,146,35.0,85,108,147,91,72,107,6.6,247,53,152,179,0.44,74,8.7,26.0,16.3,2,6111,3.6,17,7,2,18.4,6,F,no,sedentario
PAC002708,24,95.8,167,34.4,60,97,116,65,64,92,5.6,178,63,84,65,1.28,102,0.1,29.8,13.1,7,12618,9.3,0,0,7,4.4,0,F,no,sedentario
PAC002709,18,58.8,158,23.6,99,98,98,50,77,93,4.7,185,69,115,148,0.7,83,4.3,19.7,12.9,1,8502,8.1,7,32,3,9.1,6,M,no,sedentario
PAC002710,36,63.2,152,27.4,60,91,107,73,93,101,5.1,250,59,86,113,0.95,75,4.0,23.8,10.3,3,5342,7.9,12,24,0,10.2,8,F,no,activo
PAC002711,18,45.3,163,17.0,95,112,109,71,71,71,4.8,134,91,102,50,1.23,107,4.7,31.7,17.2,9,17949,8.1,8,0,6,7.2,1,F,no,sedentario
PAC002712,31,74.3,160,29.0,70,90,146,63,77,105,6.2,167,51,58,124,0.65,118,1.5,40.3,16.6,6,14641,8.6,0,2,7,2.6,3,F,si,ligero
PAC002713,65,105.9,191,29.0,111,110,143,99,91,124,7.7,230,25,173,289,1.12,53,8.7,33.6,14.3,0,500,9.4,2,1,0,9.0,9,M,si,sedentario
PAC002714,71,54.8,167,19.6,81,89,124,70,74,104,4.4,141,65,101,113,0.99,115,0.1,29.1,14.9,4,10435,7.2,14,1,4,5.0,0,F,no,sedentario
PAC002715,90,97.5,200,24.4,113,90,150,94,74,156,7.1,219,36,172,164,0.88,71,5.9,45.9,15.9,1,4750,7.9,6,11,2,9.2,4,M,si,sedentario
PAC002716,67,92.6,191,25.4,118,101,148,84,85,137,6.4,264,64,150,243,1.24,50,5.4,46.7,15.6,2,909,8.6,26,6,1,10.5,8,M,si,sedentario
PAC002717,46,96.6,151,42.4,85,86,164,110,84,98,6.0,231,62,157,207,0.4,64,2.2,27.6,19.0,1,500,6.8,7,0,5,13.8,6,F,no,sedentario
PAC002718,64,80.6,147,37.3,111,103,164,80,81,68,6.7,265,31,144,170,0.6,78,4.0,46.6,15.5,0,6647,6.8,11,0,1,17.5,9,M,si,sedentario
PAC002719,70,98.5,147,45.6,106,102,168,101,65,105,5.6,206,28,116,180,0.43,62,1.5,45.0,17.2,0,3953,5.5,13,0,2,12.5,4,F,si,sedentario
PAC002720,25,65.9,158,26.4,89,93,114,69,80,98,6.7,147,34,171,40,0.83,93,2.8,25.4,9.8,7,11685,6.7,14,29,0,11.4,9,F,no,activo
PAC002721,77,88.9,193,23.9,110,119,133,91,84,160,7.3,288,54,181,268,1.16,90,6.9,24.5,13.0,0,6469,10.1,13,0,3,11.6,5,M,no,ligero
PAC002722,18,87.1,149,39.2,85,103,133,70,70,65,5.4,197,54,115,135,1.4,80,1.3,5.4,14.3,5,12017,8.9,22,34,1,4.3,8,F,no,activo
PAC002723,18,65.3,165,24.0,90,90,122,77,60,92,4.2,150,49,129,114,1.09,110,3.3,41.8,14.3,13,13293,8.0,0,9,7,5.8,4,F,no,activo
PAC002724,18,50.6,179,15.8,85,109,141,70,82,100,4.3,158,56,138,92,1.36,83,0.4,41.5,12.4,1,7966,7.2,14,11,3,9.3,6,M,no,ligero
PAC002725,18,58.9,156,24.2,85,100,108,86,69,73,6.4,163,75,149,130,1.12,108,2.9,35.9,13.7,7,10418,7.7,14,0,9,9.7,0,F,no,activo
PAC002726,39,63.3,158,25.4,92,90,125,63,55,78,4.8,127,51,98,155,1.08,108,3.3,35.0,14.8,13,13645,8.1,2,0,5,5.3,1,F,no,activo
PAC002727,35,80.7,163,30.4,71,101,90,71,83,70,5.3,212,71,169,185,0.6,93,0.7,23.4,12.2,8,7766,7.7,21,27,1,3.1,9,M,si,sedentario
PAC002728,53,81.5,166,29.6,81,107,102,71,75,90,4.9,190,55,143,101,0.92,100,0.1,23.2,10.5,8,7217,9.4,6,23,0,8.7,9,M,no,activo
PAC002729,40,83.9,202,20.6,119,119,141,87,90,129,7.5,239,33,182,177,1.27,75,2.0,21.2,14.7,0,6431,8.1,14,16,4,10.6,9,M,si,ligero
PAC002730,19,44.3,162,16.9,98,108,106,73,70,77,4.9,151,64,111,156,0.78,100,2.6,34.4,14.3,10,13400,7.9,12,21,5,7.4,3,F,no,sedentario
PAC002731,90,102.4,148,46.7,87,95,171,82,75,104,7.4,217,51,136,182,0.75,59,6.1,28.6,17.4,0,1876,7.3,5,1,2,13.0,6,F,si,ligero
PAC002732,18,51.8,171,17.7,78,101,141,63,68,100,5.9,183,39,126,47,0.92,123,0.1,38.6,19.0,9,10711,5.8,0,11,5,7.8,6,F,no,activo
PAC002733,18,69.1,161,26.7,71,113,116,69,61,72,5.0,150,59,94,40,1.21,87,0.1,38.9,16.1,9,18470,8.3,7,2,6,2.9,3,F,si,activo
PAC002734,47,101.3,188,28.7,132,100,144,90,69,134,7.7,278,64,137,325,0.99,69,3.8,40.3,14.1,1,6241,9.6,18,2,3,14.9,8,F,si,sedentario
PAC002735,41,99.2,193,26.6,111,116,150,83,90,150,7.3,256,49,151,274,1.53,83,10.5,38.1,15.3,0,500,6.5,20,10,1,8.1,8,M,si,ligero
PAC002736,33,82.2,157,33.3,100,84,98,62,64,121,5.5,199,55,118,161,1.1,99,3.8,26.9,12.3,4,8885,7.3,25,19,0,8.9,10,F,si,sedentario
PAC002737,40,89.8,145,42.7,95,93,137,97,79,106,5.9,174,59,155,199,0.64,72,0.1,37.6,13.9,1,5185,6.0,8,2,2,7.3,8,F,no,ligero
PAC002738,46,49.9,156,20.5,81,108,102,75,77,77,6.2,251,78,82,40,1.06,130,0.1,31.8,17.9,7,9575,7.0,0,0,2,7.8,1,F,no,ligero
PAC002739,18,61.5,157,25.0,71,81,101,73,73,111,5.2,153,65,144,161,0.88,95,0.1,26.9,11.5,9,7549,7.1,10,34,1,16.3,8,M,si,sedentario
PAC002740,18,78.6,156,32.3,62,79,133,85,75,93,5.7,178,62,100,67,0.63,91,4.7,34.5,10.3,4,10668,7.9,20,28,1,10.8,9,F,si,ligero
PAC002741,77,94.2,145,44.8,110,89,148,95,71,93,6.4,235,51,116,112,0.64,74,6.6,46.9,14.1,0,8767,5.8,2,3,1,7.6,6,F,no,activo
PAC002742,18,69.8,172,23.6,71,113,112,82,76,60,5.0,173,64,125,110,1.23,87,4.4,42.6,16.7,9,14188,7.6,0,0,7,4.7,3,M,no,activo
PAC002743,18,52.5,164,19.5,60,88,145,81,92,74,5.7,175,70,85,145,0.67,130,0.2,36.7,11.1,1,6781,8.2,19,31,4,14.5,9,F,si,sedentario
PAC002744,37,71.7,171,24.5,92,93,106,64,68,89,4.7,172,37,119,148,1.17,114,1.9,23.7,14.2,13,13893,10.0,8,0,4,4.9,5,F,si,sedentario
PAC002745,66,93.0,140,47.4,113,119,135,89,104,115,5.9,190,61,143,180,0.61,49,3.7,20.2,16.5,1,577,5.4,0,15,1,11.0,7,M,no,ligero
PAC002746,69,64.3,140,32.8,95,102,163,101,73,105,6.6,219,56,165,214,0.5,71,4.8,38.9,14.0,0,500,6.8,0,0,3,13.3,10,F,no,ligero
PAC002747,32,70.0,170,24.2,60,81,131,79,65,78,5.2,246,56,122,62,1.14,94,0.1,40.1,15.7,10,10958,7.9,3,0,5,2.8,2,F,no,ligero
PAC002748,69,88.5,199,22.3,124,98,151,86,90,116,6.1,235,33,159,203,1.16,78,4.4,31.4,12.3,0,9010,10.0,11,1,4,9.1,9,F,si,ligero
PAC002749,26,70.4,172,23.8,105,105,109,70,61,99,4.7,203,53,79,40,1.18,120,3.6,44.9,14.5,8,11963,10.4,0,4,5,9.8,0,F,si,ligero
PAC002750,35,69.9,150,31.1,85,128,108,73,75,87,5.2,152,62,82,73,1.5,110,0.2,34.2,10.9,11,12531,8.3,0,13,5,12.8,6,F,no,ligero
PAC002751,21,62.2,177,19.9,79,106,101,75,71,102,5.1,180,58,121,105,1.05,130,0.1,26.8,14.5,3,13532,7.8,0,8,7,3.0,1,F,no,sedentario
PAC002752,76,76.9,141,38.7,126,91,154,111,63,123,6.4,206,56,106,163,0.64,74,7.0,39.0,14.3,3,3406,7.5,6,2,2,11.7,6,F,no,ligero
PAC002753,21,61.7,160,24.1,92,91,119,67,68,101,6.9,160,80,155,120,1.17,116,4.0,48.8,14.6,5,11779,8.4,0,9,5,6.1,3,F,no,ligero
PAC002754,20,86.1,159,34.1,70,106,105,67,74,99,5.0,142,50,113,164,0.72,103,0.1,46.2,15.3,4,10345,7.1,0,1,8,9.3,3,F,no,ligero
PAC002755,60,94.5,205,22.5,116,102,140,97,78,151,7.7,284,25,126,225,1.4,70,6.9,43.6,15.0,0,2313,8.4,5,15,2,10.6,10,F,si,sedentario
PAC002756,87,123.6,194,32.8,114,90,144,80,63,136,7.9,233,49,153,273,1.04,106,10.8,33.9,14.9,5,1262,9.4,10,5,1,8.5,8,M,si,sedentario
PAC002757,69,101.4,205,24.1,125,117,144,95,66,131,7.9,236,31,130,253,1.54,86,7.7,35.8,15.0,0,4728,9.7,18,3,0,10.7,9,M,si,sedentario
PAC002758,46,88.7,205,21.1,140,104,124,67,75,121,7.0,242,31,131,325,0.91,98,8.4,45.3,15.2,1,4060,7.2,3,4,2,6.7,6,M,si,ligero
PAC002759,21,79.7,153,34.0,85,111,139,83,76,109,5.3,134,65,81,197,0.91,102,3.6,21.7,10.6,10,6727,7.9,23,13,2,9.7,8,M,no,sedentario
PAC002760,67,99.1,157,40.2,107,99,153,91,66,80,5.8,185,59,175,176,0.53,101,4.2,43.7,14.2,5,5469,6.1,16,5,3,11.9,5,F,si,sedentario
PAC002761,53,60.6,166,22.0,101,84,123,81,83,89,5.7,170,59,97,74,0.77,107,3.9,21.0,12.5,5,6069,8.9,27,24,3,8.2,6,M,no,ligero
PAC002762,66,79.4,188,22.5,118,110,135,84,89,142,6.6,266,34,131,160,1.08,57,6.4,39.6,17.5,1,2470,7.0,1,0,2,9.8,6,F,si,sedentario
PAC002763,81,84.8,160,33.1,92,107,176,106,84,101,6.0,228,43,102,113,1.06,78,6.2,20.6,17.3,0,5345,7.7,0,0,4,11.7,8,M,si,sedentario
PAC002764,60,74.8,191,20.5,104,108,150,93,74,150,7.6,216,65,106,235,1.31,74,7.4,35.6,13.0,0,500,8.7,12,3,0,14.0,5,F,si,sedentario
PAC002765,25,43.4,168,15.4,104,75,130,72,98,82,4.5,133,56,121,40,0.58,75,0.1,11.2,12.3,5,8402,9.5,6,20,2,9.1,3,F,si,ligero
PAC002766,76,99.9,203,24.2,123,111,128,83,82,111,6.6,258,28,156,271,1.1,86,3.8,35.9,15.7,0,821,9.1,13,14,1,13.4,7,M,no,sedentario
PAC002767,69,88.0,187,25.2,110,111,163,87,77,118,7.5,246,43,122,264,0.77,78,8.2,42.1,15.6,2,500,7.8,9,0,5,11.2,8,F,no,ligero
PAC002768,56,67.8,167,24.3,73,95,114,80,70,73,4.2,179,81,73,67,1.09,97,0.7,34.6,15.5,6,12344,7.3,0,11,2,6.6,5,M,si,ligero
PAC002769,58,101.0,196,26.3,98,95,134,98,85,117,7.2,252,25,152,234,1.38,76,4.9,37.9,14.3,2,4665,8.7,9,1,0,16.0,6,M,si,ligero
PAC002770,54,88.6,189,24.8,97,92,131,105,64,169,6.7,285,47,230,188,1.27,88,6.3,23.7,12.6,0,5418,10.0,8,13,0,13.0,6,M,si,sedentario
PAC002771,67,116.7,148,53.3,118,100,145,98,76,84,6.6,234,39,132,78,0.4,63,5.1,26.1,16.2,2,2215,6.5,13,0,1,9.6,9,F,no,ligero
PAC002772,24,43.2,174,14.3,64,97,111,69,63,93,4.4,224,65,91,43,1.27,85,1.2,38.6,16.0,8,10086,8.3,0,0,6,8.6,0,M,no,sedentario
PAC002773,58,102.5,201,25.4,126,102,117,84,86,124,8.1,269,25,128,259,1.24,76,7.8,28.6,15.5,1,887,8.7,8,3,2,10.2,4,F,si,ligero
PAC002774,65,90.0,166,32.7,118,95,149,93,73,96,6.3,208,32,189,170,0.4,68,0.1,42.6,15.9,3,5576,5.6,10,7,3,16.1,10,M,no,sedentario
PAC002775,84,98.8,201,24.5,130,115,139,80,69,129,7.0,226,35,164,215,1.43,56,8.0,47.1,15.9,0,1986,8.3,4,4,1,10.3,6,M,si,sedentario
PAC002776,44,92.4,201,22.9,121,100,142,95,77,129,7.1,231,36,133,360,1.14,69,7.8,41.0,14.8,2,2109,10.0,11,0,2,11.7,8,F,no,ligero
PAC002777,51,72.6,160,28.4,81,104,119,81,81,75,5.1,178,44,86,45,1.18,92,5.4,24.9,11.4,8,5909,6.5,25,34,0,6.3,10,M,no,ligero
PAC002778,42,92.1,187,26.3,120,100,125,110,65,123,7.2,257,25,178,186,1.26,83,5.6,28.1,18.8,0,4723,7.8,7,0,1,11.0,6,F,si,activo
PAC002779,25,56.7,171,19.4,71,98,126,63,75,86,4.5,182,74,104,100,1.13,100,0.1,19.9,13.0,7,14144,7.9,5,0,7,5.5,0,M,no,activo
PAC002780,84,85.3,144,41.1,100,128,155,87,93,91,5.7,259,38,171,159,0.4,68,2.0,26.7,17.6,2,4509,6.2,14,11,4,14.1,7,M,no,activo
PAC002781,68,69.7,186,20.1,119,100,125,95,74,132,6.6,228,33,142,241,1.06,74,3.8,22.9,13.6,0,8250,8.4,15,0,0,10.5,10,F,no,ligero
PAC002782,57,84.0,157,34.1,107,112,144,111,83,103,6.0,249,46,142,236,0.4,54,3.3,38.2,14.9,2,1259,6.4,6,0,3,7.1,4,F,si,sedentario
PAC002783,59,88.4,196,23.0,99,105,161,101,85,134,6.3,199,25,178,237,1.46,70,4.8,36.1,13.6,0,6022,8.2,14,7,1,12.3,8,M,si,sedentario
PAC002784,29,73.4,171,25.1,90,96,98,62,50,62,6.0,201,28,103,106,1.43,113,0.1,39.5,16.1,10,13042,7.3,7,11,7,6.6,0,F,si,activo
PAC002785,70,108.0,205,25.7,128,108,148,93,67,149,7.6,257,25,149,221,1.47,55,9.9,35.7,13.8,0,500,9.5,10,10,3,9.7,6,M,si,ligero
PAC002786,83,94.5,151,41.4,129,103,150,100,56,99,5.2,222,55,155,144,0.4,60,4.2,17.8,15.9,0,5949,5.9,17,0,5,15.4,3,M,no,sedentario
PAC002787,18,79.1,166,28.7,73,100,123,73,85,115,4.9,193,44,160,45,1.07,100,1.7,11.3,12.2,2,5679,6.5,31,12,0,10.9,10,F,si,ligero
PAC002788,72,60.5,192,16.4,124,104,146,73,82,128,6.9,205,47,146,288,1.35,71,4.9,37.5,15.3,0,5541,7.5,19,7,2,12.5,9,F,si,ligero
PAC002789,80,68.5,140,34.9,109,102,151,89,74,117,5.9,242,57,199,80,0.4,64,4.0,34.4,16.4,3,8009,7.4,18,5,1,15.5,5,F,si,sedentario
PAC002790,49,110.1,155,45.8,147,99,166,98,68,101,7.2,247,55,152,116,0.4,82,9.6,30.9,16.9,1,1492,6.7,0,0,3,12.2,6,F,no,sedentario
PAC002791,30,59.1,170,20.4,74,104,105,89,67,63,4.3,134,78,101,66,1.01,112,0.1,48.5,14.9,9,15799,9.9,0,0,5,6.0,5,M,no,ligero
PAC002792,35,90.6,147,41.9,92,95,137,78,65,103,4.0,213,70,137,40,0.92,125,2.8,23.7,11.0,5,16931,9.3,11,15,1,2.0,10,M,si,ligero
PAC002793,23,58.4,155,24.3,106,91,115,68,87,83,5.9,199,58,112,81,0.89,74,3.4,21.5,11.7,8,7986,7.3,17,24,0,6.1,9,M,si,sedentario
PAC002794,53,80.1,204,19.2,110,111,155,77,64,111,7.9,250,26,169,237,1.22,88,6.3,42.3,13.8,0,2079,9.0,10,16,1,9.8,5,M,si,ligero
PAC002795,74,87.0,158,34.9,107,113,148,94,77,105,6.5,173,44,94,302,0.57,80,3.8,40.0,17.3,1,7085,6.1,14,0,2,10.8,3,M,si,activo
PAC002796,90,119.0,160,46.5,98,100,173,102,82,85,5.7,205,43,127,157,0.73,97,6.7,37.1,16.6,1,8112,5.8,5,1,3,15.8,5,M,si,sedentario
PAC002797,51,82.4,189,23.1,114,80,106,86,81,141,7.0,231,26,129,240,1.26,66,4.3,28.1,13.1,0,2243,6.7,1,7,3,7.7,3,M,no,ligero
PAC002798,83,63.7,200,15.9,134,102,129,101,85,122,7.3,263,48,237,269,1.25,106,9.7,19.1,15.5,0,3157,9.0,7,0,3,11.7,7,F,si,ligero
PAC002799,27,57.6,171,19.7,90,102,122,68,81,63,4.6,227,62,90,120,0.91,90,1.3,42.4,14.6,11,11308,8.6,0,0,6,5.7,3,F,si,ligero
PAC002800,49,75.2,199,19.0,121,115,150,80,85,147,7.4,256,49,184,233,1.12,60,3.7,49.0,12.5,0,500,7.7,14,12,0,15.3,10,F,no,ligero
PAC002801,18,58.0,177,18.5,92,75,113,71,74,106,4.8,181,67,106,125,1.15,104,5.7,13.9,14.6,5,8083,7.8,22,1,4,11.9,9,F,si,sedentario
PAC002802,61,49.8,160,19.5,82,111,124,73,58,77,5.6,201,52,93,76,1.23,123,1.3,40.5,15.8,12,15454,6.3,6,0,4,6.7,2,F,no,activo
PAC002803,59,85.1,191,23.3,110,116,131,92,75,111,6.9,207,43,182,234,1.2,79,9.5,36.4,16.2,0,6805,9.1,7,3,5,9.2,8,F,no,ligero
PAC002804,78,103.7,143,50.7,108,92,164,100,79,80,6.9,250,28,102,58,0.51,71,2.5,28.8,14.4,0,2402,6.0,13,0,4,11.0,6,F,si,sedentario
PAC002805,62,73.2,153,31.3,92,93,123,82,85,89,6.6,149,48,80,94,1.19,130,3.7,23.1,14.1,4,6842,6.1,14,19,1,13.6,7,M,no,sedentario
PAC002806,85,83.2,143,40.7,103,107,152,110,54,123,5.1,237,63,126,167,0.48,81,2.6,39.1,16.2,5,2903,7.6,7,1,2,13.9,7,M,si,ligero
PAC002807,60,81.2,140,41.4,113,100,145,94,63,88,6.5,249,36,147,191,0.82,69,7.9,39.6,15.1,8,3213,5.7,0,1,6,11.1,8,M,no,ligero
PAC002808,81,88.7,163,33.4,87,104,165,89,79,124,6.2,208,39,156,146,0.55,56,6.6,28.9,18.6,0,9076,6.9,13,10,2,10.7,8,F,si,sedentario
PAC002809,18,66.0,149,29.7,78,88,131,79,89,97,6.0,207,60,131,40,1.08,106,5.1,11.0,11.3,5,10469,9.0,23,34,3,8.7,6,F,no,ligero
PAC002810,65,111.2,146,52.2,93,102,153,115,86,83,5.5,257,45,140,197,0.72,72,5.4,39.4,14.6,1,4686,4.1,6,0,4,12.8,7,F,no,ligero
PAC002811,18,69.0,148,31.5,109,99,120,62,72,106,5.4,145,53,118,80,0.85,108,1.7,18.7,13.3,4,12266,8.0,13,19,4,9.6,4,M,no,sedentario
PAC002812,84,80.7,192,21.9,121,105,119,94,78,130,5.2,266,37,173,219,1.09,69,4.4,28.1,16.2,2,500,7.7,0,0,0,15.5,10,F,si,sedentario
PAC002813,67,76.3,140,38.9,102,100,158,106,68,110,5.6,242,55,128,192,0.52,68,1.1,40.1,16.8,1,8771,6.4,16,0,1,13.6,5,F,no,sedentario
PAC002814,18,81.6,179,25.5,100,86,116,93,68,75,4.0,171,57,120,141,1.27,86,3.1,25.8,14.8,8,12174,8.4,0,2,6,5.1,0,M,si,ligero
PAC002815,59,79.4,167,28.5,69,103,114,94,45,63,5.1,136,91,132,40,1.27,84,0.1,34.9,14.3,9,10537,10.9,13,7,4,5.3,0,F,no,sedentario
PAC002816,59,82.2,183,24.5,68,91,92,61,52,122,5.6,161,76,67,40,0.88,96,1.4,42.6,12.6,3,15258,9.3,0,7,7,5.1,2,M,si,ligero
PAC002817,25,79.4,164,29.5,83,99,101,56,63,101,4.0,164,61,40,81,0.98,106,0.1,36.5,16.7,7,12678,7.2,9,3,4,6.0,4,M,no,ligero
PAC002818,49,71.1,159,28.1,103,108,118,69,74,81,4.7,187,73,135,75,0.63,119,2.6,23.0,12.1,3,11306,6.8,26,28,1,4.6,4,F,no,ligero
PAC002819,35,61.9,163,23.3,77,91,117,72,64,100,4.7,221,65,80,173,0.98,115,4.8,28.2,13.3,6,11886,7.4,4,6,6,7.8,5,F,no,sedentario
PAC002820,27,73.0,149,32.9,66,86,107,71,77,84,5.2,199,61,121,61,0.86,79,3.6,20.6,12.6,8,6409,7.9,18,30,4,7.9,7,M,si,sedentario
PAC002821,18,50.8,152,22.0,101,99,121,67,92,92,4.9,155,66,79,46,1.13,101,0.1,8.2,14.7,5,7303,7.4,17,29,1,9.6,10,F,si,ligero
PAC002822,18,68.3,168,24.2,85,103,118,72,65,70,5.3,144,51,96,40,1.21,85,0.1,19.1,14.3,11,13054,6.8,3,3,5,4.4,1,F,no,sedentario
PAC002823,18,51.9,149,23.4,93,103,145,81,84,85,5.9,145,56,180,88,0.87,92,0.1,36.9,14.1,8,11267,8.8,19,39,5,10.9,10,M,no,sedentario
PAC002824,23,71.5,159,28.3,90,94,109,70,101,94,4.0,179,66,78,129,0.8,80,6.0,9.3,12.1,4,4712,6.1,20,13,0,7.8,8,F,si,activo
PAC002825,45,64.8,147,30.0,78,100,90,73,85,100,4.8,223,62,122,80,1.3,90,2.9,23.0,12.1,5,9295,8.9,20,25,1,6.8,9,F,no,ligero
PAC002826,18,40.0,155,16.6,68,100,121,58,62,110,4.3,177,65,148,79,0.93,104,0.1,40.9,13.8,12,11090,7.5,4,8,4,8.5,2,F,si,ligero
PAC002827,60,109.6,202,26.9,115,126,158,89,58,125,6.8,275,40,131,228,1.24,59,7.3,47.3,15.2,0,1606,9.3,14,13,0,13.1,10,F,si,ligero
PAC002828,18,64.6,183,19.3,84,109,126,68,49,60,5.3,148,71,107,40,1.44,130,4.9,27.1,14.7,7,14879,6.6,0,3,6,9.2,3,M,no,sedentario
PAC002829,39,57.5,156,23.6,82,97,105,83,74,80,5.6,181,60,79,58,1.25,95,1.8,40.3,15.9,9,13468,8.0,0,23,7,2.0,7,F,no,sedentario
PAC002830,68,72.3,204,17.4,118,91,122,88,72,106,7.5,213,48,116,246,1.3,66,10.4,31.3,15.6,2,3482,8.9,10,0,0,13.1,7,M,no,ligero
PAC002831,35,52.8,156,21.7,67,104,119,76,67,102,5.6,176,65,52,40,0.96,106,3.5,27.0,14.3,7,15682,8.4,0,0,5,9.1,2,M,si,ligero
PAC002832,18,69.8,165,25.6,72,104,118,69,47,98,5.5,137,65,90,96,1.18,88,0.1,16.6,17.2,8,15257,8.0,0,4,5,9.9,0,F,no,activo
PAC002833,20,62.5,168,22.1,93,86,130,72,106,80,4.0,136,56,94,164,0.98,90,0.5,18.6,14.5,11,9124,8.4,19,32,1,4.8,5,F,si,sedentario
PAC002834,50,79.6,175,26.0,117,101,129,73,76,130,7.1,286,49,207,271,1.17,106,5.8,43.9,14.8,0,5618,8.0,21,14,0,8.3,9,F,si,sedentario
PAC002835,61,83.8,154,35.3,120,97,113,110,79,74,5.8,179,48,117,104,0.4,49,0.7,25.9,15.7,4,1593,5.5,19,0,4,15.1,8,M,si,ligero
PAC002836,18,83.5,156,34.3,98,100,113,84,75,95,4.6,207,69,95,56,0.85,73,2.8,39.6,12.5,6,10308,6.2,30,19,0,9.5,6,F,no,ligero
PAC002837,23,80.7,169,28.3,84,108,98,68,80,60,6.0,131,43,62,76,1.19,129,3.4,31.5,14.5,8,11817,6.7,0,0,7,11.3,2,M,si,sedentario
PAC002838,65,88.1,161,34.0,94,94,109,84,83,89,5.2,181,37,139,169,0.82,111,2.8,9.8,12.1,4,11295,9.3,22,25,1,3.5,8,F,si,ligero
PAC002839,72,76.6,182,23.1,124,90,126,95,67,130,6.7,239,25,177,327,0.81,78,3.0,33.5,18.3,0,500,6.6,19,0,3,10.0,10,M,no,sedentario
PAC002840,48,88.1,193,23.7,133,114,135,80,85,120,6.8,258,37,146,209,1.13,75,3.7,9.5,14.5,3,2225,9.4,7,14,4,10.9,10,M,si,sedentario
PAC002841,21,66.2,165,24.3,60,93,127,65,72,68,5.2,190,67,120,182,0.9,92,0.1,43.1,17.3,5,10687,9.2,13,2,6,8.6,5,M,no,sedentario
PAC002842,18,69.9,176,22.6,75,97,136,77,52,66,4.3,181,70,147,132,0.77,101,0.1,49.5,13.7,7,12297,6.2,7,0,3,6.7,2,F,no,ligero
PAC002843,77,62.0,142,30.7,117,75,158,98,91,90,5.2,224,39,129,187,0.4,71,3.4,35.9,13.8,0,6161,5.5,8,1,2,10.9,4,M,si,sedentario
PAC002844,73,105.1,203,25.5,131,115,157,85,71,128,6.8,228,46,74,230,1.14,74,7.2,39.4,16.4,1,852,8.3,6,0,2,10.5,6,M,si,sedentario
PAC002845,29,40.0,164,14.9,70,93,134,75,57,60,4.0,121,63,97,120,0.85,104,5.8,29.9,13.8,3,12187,8.5,0,0,7,5.4,2,F,no,activo
PAC002846,30,46.5,177,14.8,75,100,151,65,56,93,5.3,163,82,50,111,0.91,96,1.6,47.7,15.7,11,9122,9.3,3,0,3,10.5,6,F,si,activo
PAC002847,51,98.4,205,23.4,109,111,156,97,83,120,7.4,216,25,148,301,1.18,116,5.0,49.7,15.4,0,1445,9.3,8,0,1,7.1,9,M,no,sedentario
PAC002848,70,98.6,143,48.2,100,97,179,103,66,103,4.8,263,52,132,127,0.51,72,3.5,40.5,19.0,1,1128,5.7,17,13,2,15.8,9,F,no,ligero
PAC002849,77,79.3,142,39.3,126,126,175,93,93,72,6.2,242,61,141,142,0.63,78,4.6,14.8,17.2,1,2853,6.3,4,4,4,10.8,6,F,no,ligero
PAC002850,90,68.1,144,32.8,121,75,163,100,65,107,5.6,196,34,138,159,0.56,111,3.1,34.2,16.2,4,3586,6.6,15,4,1,12.5,7,F,si,ligero
PAC002851,88,109.7,203,26.6,115,105,150,89,76,138,5.9,249,32,198,317,1.17,73,9.3,35.2,16.5,0,500,8.4,0,5,2,10.1,10,F,no,ligero
PAC002852,45,73.9,161,28.5,81,90,111,78,70,88,4.9,158,51,102,92,1.54,102,2.3,53.3,13.6,7,13259,8.4,0,1,4,2.9,3,M,no,ligero
PAC002853,56,86.5,200,21.6,130,102,129,98,99,135,7.0,241,48,170,217,1.31,82,7.5,44.8,14.9,0,2580,10.5,13,0,2,12.2,5,M,si,sedentario
PAC002854,73,87.0,196,22.6,103,106,105,74,91,149,7.1,266,30,158,302,1.15,51,6.7,31.3,16.4,0,2212,9.3,10,15,2,8.6,8,M,si,sedentario
PAC002855,78,77.7,166,28.2,117,100,168,102,98,105,4.2,208,58,134,173,0.6,94,6.6,44.1,13.5,2,2474,5.4,10,3,0,12.6,10,M,si,sedentario
PAC002856,77,103.6,195,27.2,117,97,144,96,92,157,6.2,292,33,207,317,1.1,58,4.1,43.0,16.1,0,500,9.0,12,0,0,11.7,6,M,si,ligero
PAC002857,19,45.6,153,19.5,73,99,126,70,67,60,5.3,161,29,117,92,1.37,101,0.1,40.8,16.8,7,10168,7.1,5,4,5,5.3,1,M,no,ligero
PAC002858,55,59.5,149,26.8,125,95,172,94,83,86,6.1,176,39,150,159,0.42,75,4.3,28.8,16.9,1,5633,5.5,6,0,0,12.5,5,M,si,ligero
PAC002859,32,72.2,152,31.2,77,86,107,78,73,90,5.7,229,71,40,104,1.17,83,2.0,38.4,10.9,8,8729,8.9,24,35,3,8.6,7,F,no,ligero
PAC002860,20,62.4,171,21.3,76,86,138,58,73,94,4.9,133,80,88,40,0.83,114,1.9,38.1,16.6,7,11301,8.2,2,3,5,7.0,1,F,no,ligero
PAC002861,28,72.2,169,25.3,84,102,98,82,74,92,4.1,147,67,106,40,1.08,113,5.0,41.2,14.2,12,10442,6.7,5,2,5,2.0,3,F,no,sedentario
PAC002862,20,54.7,174,18.1,74,90,122,71,60,66,4.8,194,60,98,90,0.96,119,0.1,20.6,13.4,6,17183,8.2,0,6,4,6.7,5,F,no,activo
PAC002863,51,83.1,158,33.3,97,87,117,63,83,77,4.3,176,57,123,40,1.13,90,7.0,18.8,11.8,4,5238,8.8,14,21,1,7.9,4,F,no,sedentario
PAC002864,46,68.8,153,29.4,69,109,97,98,81,97,4.9,175,65,90,40,0.98,125,4.1,35.5,15.2,10,16709,8.9,7,0,6,6.4,9,M,no,ligero
PAC002865,54,94.0,204,22.6,107,110,155,79,95,137,6.4,262,25,137,336,1.36,50,6.2,34.4,14.5,0,2684,8.7,13,13,0,10.1,7,F,si,activo
PAC002866,32,81.7,159,32.3,60,100,125,77,93,100,5.7,169,72,40,41,1.09,113,3.4,22.2,13.3,7,8820,8.8,17,33,1,4.5,8,F,no,ligero
PAC002867,37,61.1,162,23.3,69,110,110,63,96,74,5.7,119,40,91,101,1.38,101,3.5,25.4,10.4,6,6459,6.4,4,20,1,10.1,10,M,si,activo
PAC002868,63,85.5,140,43.6,94,96,146,95,58,111,6.0,227,54,181,183,0.46,86,5.5,52.8,15.2,1,500,7.1,6,0,4,10.4,5,M,no,ligero
PAC002869,26,69.6,169,24.4,73,115,121,70,63,85,5.5,175,66,139,146,1.16,116,5.4,22.6,13.1,5,11870,6.4,4,0,6,4.9,4,M,si,sedentario
PAC002870,18,69.1,155,28.8,80,92,113,70,89,117,5.6,161,40,107,180,0.86,95,0.4,19.3,13.4,5,8002,7.1,27,13,0,5.5,9,M,si,ligero
PAC002871,84,86.5,143,42.3,124,82,141,100,87,105,6.4,254,54,150,212,0.7,61,3.8,21.4,15.1,0,4226,6.5,18,0,4,12.0,8,M,no,sedentario
PAC002872,18,84.2,159,33.3,88,104,133,65,70,90,5.2,188,51,96,144,1.12,91,2.8,47.9,12.6,11,11019,8.7,0,2,7,4.8,2,F,no,activo
PAC002873,71,102.6,191,28.1,123,119,140,81,86,136,8.1,199,41,147,276,1.09,58,5.5,42.9,13.4,3,3500,8.8,1,1,3,12.4,8,M,no,ligero
PAC002874,36,54.8,171,18.7,81,96,144,63,66,74,4.4,176,61,130,40,1.03,114,7.5,26.3,14.6,11,8507,9.3,0,0,5,8.0,0,F,no,activo
PAC002875,18,40.0,169,14.0,67,79,101,78,63,109,4.7,169,64,131,127,0.84,96,3.7,21.0,15.7,11,13517,6.4,9,0,5,2.0,1,F,no,activo
PAC002876,24,73.6,158,29.5,78,97,111,85,72,110,4.0,197,67,123,67,0.74,109,3.4,23.4,11.5,6,7707,9.5,11,15,1,9.5,8,M,no,activo
PAC002877,31,49.1,169,17.2,84,91,110,71,61,60,5.1,172,87,101,67,0.94,92,0.1,40.3,16.5,10,8775,8.7,9,0,6,3.8,2,M,no,sedentario
PAC002878,23,59.0,183,17.6,88,83,137,70,64,109,5.5,164,69,144,82,0.99,109,2.8,34.7,16.0,3,12881,6.1,15,13,2,8.4,2,M,no,sedentario
PAC002879,26,93.4,158,37.4,75,104,112,73,74,87,5.4,202,61,148,150,0.93,77,0.1,29.2,12.6,5,11161,7.4,18,19,5,9.4,7,M,si,sedentario
PAC002880,27,70.3,148,32.1,82,97,139,82,90,85,5.2,237,67,80,185,0.75,96,6.0,12.1,11.1,5,7465,6.9,25,30,1,8.4,8,M,no,sedentario
PAC002881,56,79.0,164,29.4,83,87,120,81,80,87,5.1,184,90,163,49,0.7,102,2.6,21.7,13.7,3,6821,6.5,20,34,3,12.0,4,F,no,activo
PAC002882,29,81.7,150,36.3,89,92,115,75,79,94,5.7,173,66,102,63,0.85,105,2.1,25.2,10.7,5,9767,9.1,18,12,2,10.6,8,F,no,ligero
PAC002883,53,93.3,193,25.0,129,88,111,83,88,132,7.8,256,31,181,250,1.05,59,9.1,28.1,14.9,0,7071,9.8,6,2,2,10.1,6,M,no,sedentario
PAC002884,82,94.1,150,41.8,108,78,162,80,95,96,5.8,229,44,149,162,0.69,93,2.0,28.5,17.7,1,4476,8.4,5,0,4,15.7,8,M,no,sedentario
PAC002885,90,49.0,159,19.4,94,91,156,99,72,107,6.7,279,25,175,189,0.4,48,5.6,20.3,15.8,6,1179,8.4,0,0,3,15.7,10,M,no,ligero
PAC002886,90,106.7,201,26.4,113,95,128,99,80,121,7.4,251,50,138,227,1.21,74,10.7,19.1,14.5,4,3573,7.6,8,6,2,8.7,6,M,no,ligero
PAC002887,63,100.2,196,26.1,102,109,141,84,92,142,7.4,258,37,157,300,1.15,80,6.2,29.7,12.6,3,500,7.7,13,0,0,10.3,10,F,no,activo
PAC002888,46,71.5,140,36.5,116,90,157,90,75,103,6.1,212,36,142,176,0.4,93,0.2,31.1,16.4,2,6780,6.7,15,0,0,15.8,6,M,si,activo
PAC002889,26,47.0,158,18.8,92,106,124,84,85,77,4.2,181,69,88,88,1.01,127,2.6,20.8,11.9,5,4005,8.5,20,28,0,4.0,10,M,no,activo
PAC002890,21,61.8,150,27.5,97,81,122,64,74,86,6.4,188,55,79,120,0.69,125,4.7,31.4,10.1,4,7890,7.4,14,19,3,8.8,9,F,no,sedentario
PAC002891,37,42.4,161,16.4,89,99,116,81,70,103,6.1,196,72,115,93,1.27,72,0.1,33.1,14.8,5,12393,6.2,0,0,3,7.0,4,F,si,activo
PAC002892,87,91.2,198,23.3,107,101,130,98,76,162,7.9,242,30,161,338,1.28,98,5.3,47.0,12.7,0,9904,9.1,11,8,0,6.6,7,M,si,sedentario
PAC002893,34,68.0,172,23.0,96,98,91,77,61,94,5.0,152,62,115,157,1.11,108,2.5,29.8,15.9,6,12357,7.0,7,0,5,5.3,0,M,si,sedentario
PAC002894,18,96.2,157,39.0,80,96,128,65,85,102,6.0,159,65,54,105,0.72,130,4.9,29.1,11.1,3,8709,7.8,13,12,4,6.4,10,F,si,ligero
PAC002895,62,102.4,205,24.4,122,112,145,73,90,161,6.3,235,40,164,202,1.1,65,7.3,31.2,15.5,0,4335,8.0,15,17,0,12.3,7,M,si,sedentario
PAC002896,71,71.4,140,36.4,93,89,152,89,76,84,5.9,198,60,157,210,0.67,71,5.2,27.0,18.9,0,3231,6.6,11,10,1,10.5,9,M,si,activo
PAC002897,19,76.9,158,30.8,82,112,127,62,62,109,5.4,152,89,47,65,0.81,77,2.8,44.1,16.5,9,16061,10.5,4,9,8,7.8,2,F,si,activo
PAC002898,51,75.3,191,20.6,116,95,127,86,68,129,6.9,235,40,160,268,1.12,64,3.8,34.3,16.9,0,2139,11.0,11,16,1,7.6,10,F,si,sedentario
PAC002899,35,69.5,154,29.3,94,92,120,68,79,80,5.6,198,49,169,152,1.0,90,1.8,22.2,13.4,6,12398,6.6,22,26,1,8.7,10,M,no,ligero
PAC002900,69,97.1,194,25.8,108,108,125,97,87,138,7.2,277,44,130,255,1.23,73,6.2,39.1,14.6,0,500,8.7,4,22,2,13.6,7,M,no,ligero
PAC002901,64,117.9,188,33.4,118,108,115,89,86,107,6.9,300,25,189,320,1.06,79,8.5,34.0,13.0,0,3864,10.7,18,10,2,9.7,7,F,si,sedentario
PAC002902,64,89.5,200,22.4,109,103,132,75,75,119,7.4,206,37,201,318,1.08,89,7.6,24.9,11.8,0,8079,8.4,12,0,4,10.2,5,F,no,sedentario
PAC002903,53,48.0,161,18.5,96,112,112,86,71,74,4.3,143,57,112,136,0.97,103,0.1,29.5,16.3,8,16331,4.8,0,10,7,3.8,1,M,si,sedentario
PAC002904,55,74.5,205,17.7,113,98,134,98,74,117,7.3,250,25,150,263,1.46,78,13.7,29.3,13.9,3,3829,8.2,2,7,1,12.2,7,F,no,ligero
PAC002905,34,67.9,158,27.2,72,88,135,70,84,69,4.0,201,74,95,138,0.98,101,6.7,34.5,12.0,5,8748,8.0,17,19,3,8.7,7,F,no,ligero
PAC002906,35,40.0,162,15.2,100,111,96,70,56,101,5.1,218,67,85,150,1.26,103,3.9,32.7,12.1,11,10815,9.2,0,6,3,3.6,2,M,no,ligero
PAC002907,61,94.7,152,41.0,116,93,168,111,58,80,6.3,188,36,169,84,1.0,53,0.8,29.5,17.1,0,6298,6.0,0,1,4,11.6,5,F,si,sedentario
PAC002908,18,71.5,160,27.9,78,106,125,67,56,76,5.5,172,70,73,40,0.68,114,2.6,23.5,13.6,7,14747,9.5,8,0,6,8.9,1,F,no,ligero
PAC002909,18,69.7,147,32.3,63,103,112,65,76,79,6.0,192,72,53,92,1.35,97,0.1,47.6,17.1,15,9554,7.2,0,5,5,4.8,3,F,no,activo
PAC002910,62,87.1,140,44.4,104,100,154,117,89,95,6.5,203,59,136,219,0.4,57,0.4,26.0,15.0,1,5507,3.8,18,4,1,16.8,7,M,si,sedentario
PAC002911,24,71.9,155,29.9,78,114,112,57,85,86,6.0,214,65,40,62,0.98,129,4.7,14.5,10.5,4,9587,9.7,9,17,2,15.9,7,F,no,ligero
PAC002912,90,93.2,140,47.6,96,83,131,95,68,91,6.7,264,47,167,210,0.61,73,2.6,35.4,15.2,0,1911,5.9,6,9,5,9.3,6,F,no,ligero
PAC002913,71,83.5,197,21.5,103,97,148,87,73,129,7.3,277,37,176,285,0.77,58,3.9,27.1,15.3,3,500,10.4,17,10,2,9.4,8,M,si,sedentario
PAC002914,40,112.2,172,37.9,124,114,140,98,73,159,7.1,229,25,142,323,1.2,46,2.4,43.4,15.2,0,6416,9.3,2,1,0,12.9,7,M,no,sedentario
PAC002915,71,107.3,180,33.1,111,106,160,97,90,151,7.8,236,25,154,282,1.34,94,1.9,55.5,17.1,0,2969,9.6,24,11,2,5.9,10,M,no,ligero
PAC002916,90,100.7,199,25.4,112,109,131,97,89,131,7.5,259,29,162,377,1.17,43,4.6,35.9,16.2,0,2330,8.9,12,7,2,10.0,7,M,si,activo
PAC002917,18,54.5,156,22.4,95,93,118,87,71,96,4.4,147,64,82,139,1.04,110,1.7,31.8,17.1,13,16728,10.3,7,0,5,7.8,1,M,no,sedentario
PAC002918,18,73.8,154,31.1,92,93,108,70,76,73,4.2,171,54,106,228,0.73,95,5.0,30.8,11.7,11,8954,8.4,28,30,1,12.9,9,F,no,ligero
PAC002919,34,96.9,186,28.0,121,97,140,90,84,106,5.5,174,50,127,243,1.11,91,8.9,25.3,13.8,1,859,10.5,3,5,0,11.9,8,F,no,sedentario
PAC002920,36,64.7,169,22.7,82,113,131,76,71,60,4.6,165,53,109,82,0.99,101,0.3,30.7,14.5,9,10939,7.3,0,1,4,4.1,3,F,no,ligero
PAC002921,29,69.9,162,26.6,77,85,130,61,81,89,5.5,224,69,111,109,0.98,82,0.1,10.5,10.7,6,8902,6.7,29,25,0,5.3,9,M,no,ligero
PAC002922,79,82.8,140,42.2,120,78,180,102,75,117,6.4,257,59,178,141,0.4,79,5.8,40.1,15.2,0,2480,6.5,14,10,5,13.3,10,F,si,sedentario
PAC002923,18,77.6,168,27.5,75,93,122,72,57,97,5.5,135,86,106,40,0.78,115,1.2,44.3,14.1,9,13081,9.4,0,6,3,9.0,7,M,si,sedentario
PAC002924,28,45.5,169,15.9,81,90,135,62,74,77,4.0,176,62,106,40,1.52,113,1.5,29.4,14.9,9,12774,8.7,0,2,4,7.1,1,M,no,activo
PAC002925,41,100.3,140,51.2,95,93,161,103,66,107,5.1,243,32,144,157,0.4,76,3.1,31.2,16.2,0,500,4.9,2,10,2,16.9,5,F,si,ligero
PAC002926,61,100.5,145,47.8,114,82,139,92,92,123,5.2,248,35,164,159,0.76,86,3.7,21.2,16.0,3,4393,7.1,28,0,2,10.8,8,M,no,activo
PAC002927,52,63.3,152,27.4,74,91,120,70,93,117,5.4,214,58,129,103,0.97,79,0.8,26.7,12.0,4,12730,9.5,30,27,1,12.8,6,F,no,ligero
PAC002928,87,81.1,194,21.5,106,100,143,95,90,142,7.3,224,35,159,303,1.11,84,3.0,25.4,13.3,0,935,7.5,11,9,3,9.7,8,F,no,ligero
PAC002929,54,99.7,201,24.7,142,110,133,87,70,152,7.1,247,55,134,160,1.02,85,10.1,45.1,12.3,2,1418,9.7,11,0,2,13.7,8,F,no,sedentario
PAC002930,56,92.4,140,47.1,101,107,178,90,81,131,5.9,254,70,154,162,0.55,108,5.4,29.3,14.5,1,6726,5.8,11,0,3,16.5,6,M,no,sedentario
PAC002931,81,115.9,140,59.1,94,99,137,80,78,94,4.6,311,51,117,221,0.54,83,5.0,20.9,16.8,2,4238,4.9,18,3,6,12.0,8,M,no,ligero
PAC002932,18,77.3,158,31.0,78,97,108,69,51,84,5.9,160,62,83,99,1.1,82,2.4,48.4,14.2,10,11343,8.7,14,3,5,6.7,2,M,si,ligero
PAC002933,18,59.3,182,17.9,72,110,122,65,60,60,5.2,159,81,89,108,0.69,112,1.9,32.4,15.0,10,15082,7.8,8,2,7,3.5,6,F,no,activo
PAC002934,83,113.0,205,26.9,108,101,106,77,69,157,6.6,221,45,165,267,1.19,60,4.6,37.8,12.9,0,4029,9.2,0,0,2,10.8,5,F,no,activo
PAC002935,18,74.6,165,27.4,76,120,99,55,66,91,4.1,133,58,89,130,1.15,122,0.9,29.2,18.6,10,16090,9.9,17,1,4,2.0,2,F,no,ligero
PAC002936,38,66.4,163,25.0,70,107,106,65,69,71,5.3,207,68,64,92,0.97,122,0.1,41.0,13.8,13,12521,9.0,2,5,4,2.0,4,M,no,ligero
PAC002937,18,86.7,158,34.7,102,95,131,89,90,106,5.8,176,57,116,65,1.16,83,3.3,20.7,11.9,9,9715,7.5,20,28,2,7.4,8,F,no,activo
PAC002938,58,89.3,199,22.5,110,94,138,86,68,126,6.7,265,25,198,275,1.21,85,8.1,32.9,16.8,1,3929,8.0,4,5,0,15.4,10,F,si,sedentario
PAC002939,52,85.0,177,27.1,113,88,132,84,87,118,7.5,264,67,171,324,1.09,58,4.7,37.2,15.5,3,2195,8.2,15,15,2,17.1,9,M,no,ligero
PAC002940,29,78.9,163,29.7,79,85,135,72,72,91,4.2,156,71,170,73,0.87,112,1.2,29.3,13.4,6,13619,8.4,0,1,8,10.1,1,M,si,sedentario
PAC002941,59,72.3,176,23.3,78,103,112,70,53,75,5.8,160,62,122,119,1.12,98,1.5,36.4,14.2,4,8284,8.1,8,0,7,8.5,4,F,no,ligero
PAC002942,18,46.0,149,20.7,96,87,118,71,91,93,5.0,173,51,145,40,1.01,109,5.7,34.0,12.1,6,10803,7.7,8,23,4,8.6,6,F,si,ligero
PAC002943,78,69.7,145,33.2,86,108,145,101,88,93,6.2,191,31,101,140,0.73,54,8.1,39.3,15.6,4,3142,6.7,12,26,3,12.4,7,F,no,ligero
PAC002944,18,67.1,168,23.8,84,97,117,73,75,77,5.5,211,57,121,60,0.68,108,2.6,22.7,13.4,10,10602,7.5,20,23,1,8.4,10,M,si,activo
PAC002945,35,69.3,179,21.6,85,95,119,74,82,97,4.1,203,81,134,40,1.33,85,2.9,25.0,12.9,8,6962,8.0,38,21,2,11.5,7,M,no,sedentario
PAC002946,90,73.6,154,31.0,95,108,158,96,81,100,5.9,193,62,98,45,0.68,90,1.5,43.2,16.4,0,4611,6.4,12,5,3,13.1,5,M,no,sedentario
PAC002947,61,77.2,161,29.8,110,112,181,101,80,104,5.7,209,48,119,116,0.55,63,6.0,23.0,16.3,2,4146,6.4,19,5,4,10.8,4,M,si,ligero
PAC002948,18,67.6,162,25.8,84,80,143,77,52,60,4.4,171,52,95,40,0.87,98,1.0,29.4,14.4,6,14268,8.9,1,4,4,2.0,1,M,no,activo
PAC002949,61,70.8,157,28.7,105,107,152,100,75,127,5.0,197,28,138,190,0.58,66,4.3,25.2,15.0,0,3892,5.5,21,24,4,9.6,10,F,si,ligero
PAC002950,50,87.9,185,25.7,88,102,126,74,75,95,5.3,185,63,87,128,1.11,83,0.4,31.5,15.9,10,12795,9.5,2,0,7,7.9,0,F,no,sedentario
PAC002951,77,110.5,205,26.3,108,91,134,86,96,124,7.1,246,50,221,250,0.95,81,8.4,22.2,12.7,0,2149,8.6,20,13,4,10.4,9,M,si,ligero
PAC002952,26,40.0,159,15.8,60,99,131,61,83,77,4.7,151,45,132,44,0.8,118,0.3,31.6,11.4,7,10211,7.3,3,30,0,5.1,7,F,no,ligero
PAC002953,37,40.4,169,14.1,87,75,109,80,66,92,5.6,162,59,88,52,0.74,73,0.5,15.3,14.0,2,5863,9.7,31,31,0,8.6,9,M,si,sedentario
PAC002954,30,87.9,147,40.7,66,81,113,63,75,105,5.4,169,29,87,179,0.84,85,5.1,39.2,14.8,3,9167,6.8,12,27,2,6.3,10,F,no,sedentario
PAC002955,18,92.3,165,33.9,60,99,116,68,82,86,4.9,143,45,87,40,1.01,93,0.1,34.0,15.1,9,13169,9.0,12,0,8,9.9,1,F,no,sedentario
PAC002956,78,88.4,204,21.2,105,107,151,86,79,116,7.4,257,52,174,258,1.08,91,5.3,47.9,16.5,0,4387,7.7,4,4,0,11.5,10,F,si,sedentario
PAC002957,30,67.2,156,27.6,83,89,115,71,68,79,5.4,201,62,60,55,1.09,103,1.2,50.2,14.3,11,11362,7.6,2,0,3,4.4,4,F,si,sedentario
PAC002958,48,69.6,156,28.6,70,96,120,68,59,82,4.0,189,64,91,104,0.66,83,0.3,40.9,16.0,12,9260,6.9,15,5,4,4.3,4,M,no,sedentario
PAC002959,67,97.5,160,38.1,112,113,159,95,91,101,6.2,224,51,97,231,0.49,62,5.0,22.6,15.1,3,6927,6.5,13,0,3,18.4,9,F,no,sedentario
PAC002960,64,84.7,188,24.0,127,104,165,96,88,105,7.2,253,32,126,271,0.68,68,4.9,43.0,15.2,2,2075,7.9,14,11,1,9.2,6,M,no,sedentario
PAC002961,47,90.3,162,34.4,90,89,149,98,82,98,5.0,171,50,102,60,0.7,74,6.1,15.8,15.7,0,5545,7.0,15,0,3,10.1,7,M,si,sedentario
PAC002962,41,74.6,159,29.5,73,98,90,59,64,62,5.1,191,83,86,80,1.1,90,0.1,37.2,13.1,8,16081,7.8,0,0,5,7.1,4,F,si,activo
PAC002963,73,72.9,199,18.4,106,101,162,83,80,108,8.1,230,44,146,292,1.2,81,3.8,38.6,16.6,0,5486,10.1,0,4,3,10.3,7,M,no,sedentario
PAC002964,28,83.0,172,28.1,80,94,90,71,59,104,5.6,230,78,99,128,1.15,90,4.4,35.5,11.7,7,13721,8.7,3,4,7,10.8,5,F,no,ligero
PAC002965,38,60.4,167,21.7,85,98,112,58,64,85,5.6,214,66,99,59,0.98,102,0.3,35.9,13.4,9,19837,10.1,0,2,6,4.1,0,F,no,activo
PAC002966,72,58.1,140,29.6,116,101,136,109,75,103,6.1,276,48,152,151,0.4,72,7.7,30.3,14.0,0,6295,5.6,3,7,5,12.3,5,F,no,activo
PAC002967,76,93.2,152,40.3,116,125,170,110,77,98,5.1,166,53,117,135,0.59,59,4.0,28.9,12.9,5,5003,5.5,4,7,2,14.7,7,F,si,ligero
PAC002968,57,78.5,165,28.8,81,110,114,63,65,81,5.4,202,63,107,40,0.97,80,3.1,41.4,16.0,6,12658,8.3,13,0,6,12.2,1,M,si,ligero
PAC002969,75,92.0,194,24.4,101,112,176,87,75,139,6.9,206,50,141,215,1.31,81,4.3,38.9,13.8,1,4308,7.9,10,14,2,10.1,10,M,no,sedentario
PAC002970,67,67.7,195,17.8,103,90,167,80,70,163,6.6,220,40,205,300,1.06,85,4.0,30.2,14.1,0,4022,7.6,0,5,2,12.1,8,M,no,sedentario
PAC002971,60,79.8,157,32.4,101,81,156,89,82,96,6.1,258,28,156,136,0.4,54,4.7,39.6,18.8,1,3786,5.4,17,23,2,8.9,7,M,si,activo
PAC002972,20,51.7,152,22.4,78,89,123,82,72,79,4.7,173,59,112,80,1.06,93,4.7,9.5,10.5,6,6412,7.8,23,19,3,10.3,7,F,si,ligero
PAC002973,79,92.6,187,26.5,107,105,136,85,74,126,6.9,261,25,156,277,1.17,87,3.3,35.0,13.7,0,6302,8.8,18,13,0,10.6,8,F,no,activo
PAC002974,84,81.1,140,41.4,84,94,174,97,84,102,5.3,206,44,155,210,0.75,62,7.5,42.8,16.9,2,1674,5.8,11,0,1,12.1,6,F,no,ligero
PAC002975,55,138.4,205,32.9,117,97,130,104,86,124,6.9,265,43,114,207,1.17,45,7.9,34.3,14.3,0,4098,11.0,0,4,2,10.6,4,M,no,ligero
PAC002976,84,57.3,146,26.9,89,101,141,94,56,93,5.1,250,26,175,223,0.42,69,7.4,49.4,15.2,1,8487,6.4,14,5,4,16.3,9,M,no,ligero
PAC002977,23,66.4,163,25.0,99,117,105,75,69,67,5.3,122,58,120,115,1.05,108,0.3,17.5,16.8,7,11855,7.7,10,1,5,6.6,2,F,no,sedentario
PAC002978,82,82.5,155,34.3,103,82,143,93,79,117,6.9,207,33,123,130,0.47,70,6.6,30.0,18.0,0,5570,6.5,7,0,0,12.8,7,F,no,activo
PAC002979,58,58.2,152,25.2,108,94,118,64,88,90,4.9,144,63,104,98,0.8,119,2.7,5.0,14.5,6,9526,7.5,15,30,2,9.4,9,F,no,ligero
PAC002980,25,61.1,161,23.6,91,100,147,83,88,107,5.0,233,46,138,128,1.08,112,4.1,14.2,13.6,7,8729,7.0,18,28,4,9.4,8,M,no,ligero
PAC002981,84,90.2,148,41.2,92,104,153,93,64,117,6.2,196,32,132,211,0.57,83,2.2,36.0,15.9,0,5906,5.5,4,0,2,10.5,5,F,si,sedentario
PAC002982,41,68.9,165,25.3,73,100,122,76,52,85,4.7,199,75,43,113,1.14,115,0.1,33.3,12.3,7,11591,9.4,13,11,7,9.3,3,F,no,sedentario
PAC002983,78,72.8,156,29.9,79,109,147,101,87,81,6.6,219,25,171,153,0.53,104,5.3,33.4,16.4,3,4853,5.9,16,14,2,15.6,5,F,si,sedentario
PAC002984,51,57.7,192,15.7,113,108,150,75,72,126,7.0,250,54,216,340,1.07,74,6.6,29.4,13.0,0,9824,7.7,7,0,2,16.4,8,M,si,sedentario
PAC002985,31,47.5,161,18.3,79,96,106,78,95,103,5.8,191,47,77,93,0.89,107,4.1,21.8,10.2,9,6330,10.4,9,20,2,8.8,4,M,no,sedentario
PAC002986,74,86.8,194,23.1,120,114,158,62,80,163,6.2,256,38,197,276,1.18,103,7.0,45.2,16.4,0,3565,9.9,7,15,0,8.7,8,M,no,sedentario
PAC002987,45,83.2,193,22.3,104,116,131,66,79,131,7.4,234,25,118,278,1.2,74,5.9,39.8,14.7,0,500,7.1,11,5,0,9.9,6,M,si,sedentario
PAC002988,18,66.3,148,30.3,103,85,90,79,97,88,5.6,204,66,98,47,0.74,91,1.7,24.0,12.4,2,7320,7.0,17,17,2,8.9,9,M,si,ligero
PAC002989,86,106.9,190,29.6,125,96,148,95,76,145,7.7,236,36,164,276,1.52,84,7.1,33.9,17.0,0,2667,8.6,18,12,3,8.6,9,F,si,sedentario
PAC002990,41,81.1,169,28.4,104,99,116,76,83,96,5.5,199,63,153,74,0.85,120,0.9,8.2,13.5,8,10307,9.3,24,20,4,12.2,6,M,no,sedentario
PAC002991,76,87.5,203,21.2,120,99,141,85,74,129,8.3,226,35,163,215,1.46,96,4.9,43.1,15.2,0,4088,9.4,19,12,2,13.4,6,F,si,sedentario
PAC002992,22,68.5,167,24.6,76,110,90,65,71,72,4.1,179,72,124,61,1.34,108,4.5,47.5,14.2,14,13955,8.8,0,4,4,4.4,3,M,si,sedentario
PAC002993,49,56.6,159,22.4,71,92,135,74,65,107,5.7,205,61,141,83,0.99,84,0.6,36.3,14.1,10,13197,9.5,13,0,5,10.5,1,M,no,sedentario
PAC002994,18,52.4,162,20.0,81,89,132,90,79,82,4.8,197,42,122,112,0.88,100,5.8,17.2,11.3,1,12625,7.2,19,27,0,12.2,10,F,si,activo
PAC002995,86,72.9,164,27.1,99,115,170,101,75,105,6.3,249,37,79,135,0.68,78,1.8,27.2,15.5,1,4147,5.4,6,6,0,14.5,6,F,si,sedentario
PAC002996,65,95.7,180,29.5,103,106,149,75,60,132,7.6,292,43,109,290,1.02,49,11.1,45.9,15.9,0,2113,7.9,16,5,0,15.3,4,M,si,sedentario
PAC002997,34,61.4,166,22.3,63,101,99,76,66,88,4.9,189,76,89,68,1.22,87,2.7,38.9,14.1,7,15576,8.1,1,0,4,8.4,6,M,si,ligero
PAC002998,42,78.7,177,25.1,88,103,142,62,59,87,5.7,183,66,170,40,1.06,120,0.1,28.4,13.6,13,11391,8.8,14,14,5,2.0,4,F,no,sedentario
PAC002999,79,86.6,205,20.6,135,112,152,88,72,135,7.3,266,49,149,262,1.12,60,6.8,21.1,17.0,0,2777,10.3,12,15,0,11.6,9,M,si,ligero
PAC003000,32,57.2,166,20.8,85,89,116,64,59,115,4.1,172,62,152,137,0.91,117,0.1,44.5,16.5,8,15532,7.6,5,0,4,8.4,4,F,no,ligero
PAC003001,90,65.9,142,32.7,107,90,162,103,70,118,6.3,222,38,145,197,0.42,63,8.9,14.3,15.8,3,1725,5.8,13,5,2,15.1,7,M,no,ligero
PAC003002,18,80.4,160,31.4,79,101,131,72,70,96,4.6,148,52,143,47,0.77,75,0.2,39.3,10.8,7,11287,7.1,25,34,3,13.1,8,M,no,activo
PAC003003,61,98.0,163,36.9,99,95,151,95,71,106,5.4,241,42,124,226,0.59,91,1.3,37.0,16.8,2,6871,5.8,0,0,0,7.9,5,M,si,ligero
PAC003004,51,105.6,140,53.9,105,97,127,96,76,92,6.0,194,41,139,156,0.56,69,3.9,16.7,16.1,0,3640,6.5,21,0,3,11.1,3,M,si,ligero
PAC003005,24,52.9,172,17.9,60,95,106,80,59,85,5.2,221,60,99,40,1.23,102,2.9,23.1,14.2,2,8884,8.0,3,0,6,7.5,3,F,si,sedentario
PAC003006,18,64.2,172,21.7,71,113,104,72,45,83,5.0,200,49,89,80,1.28,116,0.6,36.0,16.2,11,9954,7.2,17,10,8,6.5,2,F,no,activo
PAC003007,19,58.7,151,25.7,68,105,117,63,77,83,5.2,191,47,101,119,0.79,91,2.7,28.0,12.3,3,9897,9.5,14,19,2,12.9,7,M,no,sedentario
PAC003008,18,73.6,169,25.8,84,95,118,77,69,78,5.3,138,69,58,145,1.05,110,0.1,21.7,14.1,7,15716,7.7,8,0,5,7.2,4,F,no,ligero
PAC003009,35,46.8,154,19.7,65,95,114,79,71,73,4.9,183,61,147,40,0.96,98,7.6,14.8,12.6,8,14223,8.0,31,27,1,12.2,7,M,no,sedentario
PAC003010,25,63.9,158,25.6,101,89,114,65,80,90,5.0,164,50,49,206,1.0,74,5.8,30.0,11.3,6,5753,8.6,31,34,3,14.6,6,F,no,ligero
PAC003011,70,94.2,205,22.4,126,104,139,75,77,119,7.2,280,32,174,302,0.94,73,7.8,45.8,15.1,0,500,10.0,1,7,3,10.8,7,F,no,sedentario
PAC003012,18,57.8,167,20.7,87,100,90,86,69,81,5.2,209,76,72,40,1.09,102,3.1,40.1,14.4,8,17126,7.9,5,0,3,10.9,3,F,no,activo
PAC003013,85,82.6,205,19.7,137,101,152,94,82,131,7.4,242,38,141,291,1.06,59,6.5,36.7,15.2,0,3610,9.6,7,2,0,9.9,8,F,si,sedentario
PAC003014,18,59.8,178,18.9,62,102,109,70,88,72,6.3,183,77,156,127,0.87,121,3.0,30.1,9.5,12,5335,9.0,9,8,1,6.9,8,M,no,sedentario
PAC003015,18,91.8,174,30.3,60,97,119,75,66,66,5.1,119,88,90,40,1.05,59,0.7,36.4,14.2,6,11169,10.6,0,10,7,11.5,4,F,si,activo
PAC003016,57,82.3,147,38.1,116,100,156,86,83,96,6.3,210,50,113,73,0.4,75,2.9,32.2,15.7,0,6236,5.1,1,0,5,12.2,5,F,no,sedentario
PAC003017,77,83.5,152,36.1,128,85,176,108,87,92,5.2,163,39,134,125,0.4,71,3.0,33.8,14.9,0,6974,6.3,4,3,0,13.6,7,M,no,ligero
PAC003018,33,55.8,160,21.8,79,100,96,76,61,94,4.4,161,71,124,85,0.75,81,2.3,30.6,14.3,10,11803,8.1,5,6,7,10.3,0,F,no,sedentario
PAC003019,59,100.6,146,47.2,114,93,142,100,75,103,5.9,223,56,184,187,0.4,93,6.7,29.7,17.8,1,4197,6.8,7,9,5,12.6,5,M,no,ligero
PAC003020,23,40.0,166,14.5,81,110,124,62,63,93,4.0,188,73,80,56,1.03,121,5.3,49.6,15.0,6,10227,7.9,0,0,5,3.0,2,M,si,activo
PAC003021,43,75.2,160,29.4,77,100,123,72,47,91,5.6,173,65,81,90,1.25,130,0.1,42.8,18.1,12,10660,6.9,9,0,7,6.5,2,M,no,ligero
PAC003022,70,69.8,151,30.6,127,91,189,98,73,87,6.4,201,30,122,160,0.6,108,1.2,26.8,15.8,4,8697,5.4,6,11,2,11.4,6,F,no,sedentario
PAC003023,49,63.7,152,27.6,96,89,99,71,64,92,4.0,217,67,109,142,0.93,107,0.1,43.4,12.2,7,12474,8.2,0,3,6,9.4,4,M,si,activo
PAC003024,32,73.6,161,28.4,89,99,90,57,66,77,4.8,140,42,65,121,0.99,101,0.1,5.0,15.8,8,10009,8.1,0,0,8,7.2,4,F,no,sedentario
PAC003025,59,75.9,202,18.6,121,109,130,85,92,146,6.7,257,58,158,214,1.24,51,3.5,35.6,16.3,3,4322,10.5,6,0,1,8.8,7,F,si,sedentario
PAC003026,36,60.2,170,20.8,91,95,127,75,83,106,4.9,213,71,138,61,0.81,111,0.1,20.9,10.6,6,5232,8.9,10,21,2,7.2,5,M,si,activo
PAC003027,18,70.0,158,28.0,68,95,122,79,81,106,5.0,181,78,128,108,0.99,86,2.4,30.8,10.0,3,10071,7.2,17,28,3,11.6,7,M,si,ligero
PAC003028,26,54.8,168,19.4,86,96,130,69,83,93,6.2,195,34,134,93,1.05,104,2.0,26.4,11.5,3,9150,9.0,22,22,3,12.1,10,M,no,ligero
PAC003029,56,78.3,199,19.8,129,109,138,91,88,132,6.9,236,33,158,339,0.89,82,8.4,50.8,15.7,2,2052,8.6,5,2,0,12.8,4,F,no,sedentario
PAC003030,22,54.7,171,18.7,65,89,116,70,56,86,5.1,125,62,88,40,1.02,114,0.1,49.4,15.5,9,14618,7.1,11,3,5,3.0,5,M,no,activo
PAC003031,68,113.9,192,30.9,114,104,109,76,87,132,6.4,220,40,140,260,1.0,79,8.3,45.3,14.2,0,5786,8.8,22,9,2,13.6,7,M,si,ligero
PAC003032,18,67.6,156,27.8,88,104,123,81,46,96,4.6,129,64,83,68,0.82,95,0.1,46.3,14.4,9,16108,10.7,2,0,6,9.3,4,F,si,sedentario
PAC003033,46,65.1,154,27.4,101,114,133,76,67,87,4.2,216,60,125,112,1.34,116,1.9,36.3,13.8,13,12752,7.6,8,2,8,9.1,4,F,no,sedentario
PAC003034,49,69.8,158,28.0,62,95,107,73,67,92,4.0,204,60,148,162,0.97,106,3.0,41.9,15.4,9,13409,7.2,6,0,8,10.2,5,F,si,ligero
PAC003035,90,82.8,141,41.6,105,103,164,86,81,108,5.5,216,43,140,199,0.4,70,7.4,36.2,13.9,7,3266,4.3,7,7,0,13.6,6,F,si,activo
PAC003036,18,72.8,162,27.7,66,86,110,89,61,105,5.9,204,52,131,155,1.02,99,0.5,40.7,14.3,9,12232,7.3,5,15,5,5.3,0,F,si,activo
PAC003037,37,61.7,164,22.9,80,103,109,80,64,94,4.9,198,100,40,54,1.1,102,0.1,37.5,16.9,5,12758,7.1,0,9,4,4.3,1,F,no,activo
PAC003038,58,94.0,199,23.7,124,92,123,85,76,122,7.5,194,25,123,358,0.98,62,4.6,51.3,15.2,1,1722,7.9,11,3,0,9.1,7,F,no,ligero
PAC003039,42,86.5,156,35.5,107,109,153,97,61,101,6.1,242,40,145,186,0.63,83,6.6,21.2,14.3,2,8130,4.9,4,1,3,12.4,8,M,no,sedentario
PAC003040,18,68.9,157,28.0,90,113,133,72,72,95,5.6,193,49,138,135,0.91,93,1.6,25.9,14.1,4,8715,8.8,22,21,3,6.1,10,F,no,sedentario
PAC003041,32,56.1,160,21.9,97,101,130,80,58,78,4.2,205,68,72,43,1.43,98,2.5,45.9,13.8,7,15815,7.8,4,0,6,2.9,0,F,no,ligero
PAC003042,30,67.2,163,25.3,88,115,105,63,78,91,4.5,152,41,106,50,1.21,105,3.1,32.0,15.8,8,8748,9.6,12,10,6,11.4,4,M,no,activo
PAC003043,63,107.2,198,27.3,127,93,146,78,85,119,7.1,185,48,195,264,1.35,94,10.4,28.3,15.5,1,3208,11.0,0,6,0,8.1,10,F,si,ligero
PAC003044,41,64.3,162,24.5,63,95,104,64,79,101,5.7,144,64,104,175,1.3,88,0.7,18.3,15.3,4,8554,7.5,18,18,1,7.8,4,M,si,sedentario
PAC003045,18,50.1,181,15.3,64,78,108,73,58,83,5.9,146,58,69,125,0.89,95,1.1,33.7,12.8,7,7212,8.7,1,5,4,6.1,5,M,no,sedentario
PAC003046,51,75.8,169,26.5,87,100,103,86,69,60,4.0,217,55,104,40,1.17,114,0.1,30.9,13.7,5,11441,9.6,0,1,7,8.9,4,F,no,sedentario
PAC003047,65,87.1,187,24.9,119,104,130,71,82,116,7.2,231,25,142,176,1.0,58,4.4,35.0,16.5,0,1487,8.5,19,3,1,13.3,9,M,no,ligero
PAC003048,55,76.5,143,37.4,97,101,183,90,90,75,5.9,209,25,152,125,0.81,86,0.6,21.0,13.9,2,6165,6.7,10,7,3,9.2,6,F,no,activo
PAC003049,36,96.2,192,26.1,113,107,136,93,83,137,7.3,234,33,122,267,1.12,72,4.8,48.4,16.5,3,500,8.3,8,14,0,12.6,3,F,si,sedentario
PAC003050,26,59.6,165,21.9,71,75,118,74,83,79,6.0,220,43,134,80,0.69,115,4.6,25.1,13.0,2,12325,7.3,7,29,4,4.4,6,M,no,sedentario
PAC003051,57,106.3,188,30.1,102,107,122,92,84,133,6.3,209,38,157,354,1.08,84,7.2,31.8,15.8,0,500,9.2,4,13,3,7.9,5,M,no,ligero
PAC003052,62,75.2,190,20.8,116,93,147,93,73,134,7.6,271,39,155,227,1.06,83,5.4,21.1,15.4,1,1482,11.0,7,5,3,6.4,8,F,si,sedentario
PAC003053,21,67.4,166,24.5,87,94,135,84,62,103,5.2,175,81,129,106,1.48,101,5.7,37.0,14.9,10,15973,8.5,4,6,4,5.1,4,F,no,activo
PAC003054,58,106.4,205,25.3,127,111,143,87,78,125,7.6,245,37,178,259,1.43,109,8.6,30.0,13.5,0,3885,10.4,5,0,0,11.3,6,F,no,sedentario
PAC003055,26,75.0,168,26.6,72,111,120,74,59,88,5.1,110,62,120,40,1.01,101,2.2,26.8,15.0,10,13802,5.9,8,5,7,6.4,4,F,no,sedentario
PAC003056,55,90.5,205,21.5,129,104,119,86,68,120,8.5,210,45,124,285,0.94,80,4.7,25.7,16.4,1,1381,8.9,20,5,0,8.4,7,F,si,sedentario
PAC003057,48,40.0,176,12.9,77,100,98,81,56,63,5.3,139,67,98,46,1.11,99,0.1,39.5,13.8,8,13292,6.2,0,1,5,4.1,6,M,si,ligero
PAC003058,77,111.3,192,30.2,115,100,144,86,81,163,6.4,239,28,199,364,0.81,60,3.5,37.7,15.6,4,1573,10.6,21,1,2,12.5,9,M,no,ligero
PAC003059,73,101.4,191,27.8,104,90,109,92,69,148,7.0,253,25,125,145,1.38,85,11.3,30.0,11.9,0,7476,9.1,20,1,3,12.0,7,M,no,sedentario
PAC003060,23,65.0,161,25.1,62,92,136,70,67,83,5.8,184,59,77,148,0.99,87,0.7,35.4,15.9,8,13861,9.8,1,2,8,10.9,3,M,si,ligero
PAC003061,18,64.8,162,24.7,90,95,102,73,73,114,6.6,281,69,103,147,0.87,99,1.2,26.1,10.5,6,11905,7.8,22,28,1,8.6,9,F,si,ligero
PAC003062,18,70.8,152,30.6,74,97,125,69,56,70,5.8,159,40,99,63,1.07,93,0.1,24.8,14.3,5,16471,8.0,2,19,5,3.5,1,F,no,ligero
PAC003063,18,88.0,157,35.7,100,100,119,71,86,87,5.6,174,52,139,158,1.14,88,2.5,28.5,12.6,5,5708,8.3,8,32,0,13.5,10,M,si,ligero
PAC003064,27,76.9,167,27.6,60,80,106,76,65,101,4.0,214,65,125,118,1.42,84,0.1,46.5,14.2,9,13697,7.9,7,0,7,6.7,0,M,no,sedentario
PAC003065,31,97.0,160,37.9,79,106,112,61,62,105,5.2,190,54,120,104,0.97,110,1.5,28.3,9.8,10,8555,8.0,34,39,6,6.8,8,M,no,ligero
PAC003066,78,103.8,163,39.1,84,102,153,100,81,83,5.7,233,25,203,117,0.55,62,8.4,35.7,19.0,0,6067,4.9,15,1,1,11.1,3,M,si,activo
PAC003067,79,108.9,175,35.6,107,86,135,93,71,124,6.7,245,45,162,254,1.4,109,10.0,46.0,14.2,0,500,8.2,15,18,1,14.9,5,F,si,sedentario
PAC003068,18,85.7,168,30.4,84,98,119,61,74,65,5.4,165,70,61,119,1.22,111,0.6,39.3,15.3,10,14657,8.4,7,9,3,6.2,1,M,no,activo
PAC003069,65,73.7,148,33.6,111,91,151,105,63,124,5.6,206,60,127,211,0.72,72,7.2,27.3,15.5,4,4864,6.0,8,6,4,8.2,8,M,no,sedentario
PAC003070,18,75.0,155,31.2,60,106,132,87,59,70,5.4,209,61,116,115,1.23,118,0.1,22.3,14.8,2,12539,10.2,7,0,6,5.1,3,F,si,ligero
PAC003071,33,70.5,156,29.0,78,110,98,86,55,103,4.3,178,62,85,40,1.17,83,2.3,37.6,13.7,10,12660,6.9,10,0,7,6.1,3,M,no,activo
PAC003072,18,82.5,176,26.6,63,104,116,66,63,60,4.5,172,48,128,40,1.38,83,1.7,29.4,15.5,7,10189,8.0,12,9,7,6.6,3,F,no,ligero
PAC003073,80,128.4,205,30.6,108,111,144,91,69,129,6.5,223,35,130,206,1.19,89,6.8,25.0,15.0,1,3009,8.6,7,0,4,8.2,8,M,si,sedentario
PAC003074,18,55.9,165,20.5,64,118,129,71,67,82,5.0,197,57,96,63,1.06,85,1.9,20.4,14.7,13,14372,10.3,0,0,6,2.0,0,F,no,sedentario
PAC003075,81,87.5,140,44.6,123,106,163,102,73,82,5.7,229,54,156,247,0.4,86,4.1,17.4,15.5,1,5802,5.9,7,3,1,12.0,5,F,si,ligero
PAC003076,18,44.7,176,14.4,73,96,106,63,92,82,6.1,257,55,146,177,0.82,81,4.8,25.7,10.5,7,10513,7.1,25,8,1,8.9,6,F,no,activo
PAC003077,56,105.2,140,53.7,109,89,170,103,71,97,6.9,249,47,178,227,0.53,61,6.2,20.8,14.7,0,7509,5.6,22,0,3,17.0,6,F,si,sedentario
PAC003078,58,74.1,151,32.5,131,100,169,104,86,112,5.2,246,49,163,245,0.7,57,7.5,43.0,19.0,3,5885,4.5,12,0,3,13.9,4,M,no,ligero
PAC003079,18,64.1,175,20.9,85,95,116,75,66,60,5.3,160,70,101,46,1.08,77,0.1,41.3,14.8,7,13147,8.3,0,0,4,11.9,3,F,si,ligero
PAC003080,26,61.8,176,20.0,73,94,131,68,69,104,4.8,162,48,113,40,1.01,100,0.5,33.0,13.8,5,17357,7.6,17,0,8,7.3,1,F,si,ligero
PAC003081,59,87.5,140,44.6,88,79,153,93,97,109,5.8,230,40,187,320,0.58,54,2.1,34.7,17.2,1,7427,5.4,9,1,4,8.8,10,M,si,sedentario
PAC003082,18,67.4,159,26.7,79,84,111,64,81,82,4.4,159,52,150,241,0.75,73,4.6,27.9,9.9,2,8992,7.0,19,26,2,9.9,5,M,no,sedentario
PAC003083,84,87.8,140,44.8,87,98,176,107,98,116,6.4,235,59,126,228,0.67,80,7.0,34.5,16.7,6,7859,7.0,11,0,0,10.1,7,F,si,ligero
PAC003084,34,83.9,177,26.8,70,110,101,78,70,81,5.2,192,83,109,90,1.06,102,1.4,35.0,14.7,4,11416,10.5,1,5,7,3.2,2,F,no,sedentario
PAC003085,28,47.6,169,16.7,84,100,90,63,65,84,4.9,142,35,97,58,1.04,105,0.1,44.2,15.6,10,16583,6.7,0,5,4,3.0,6,F,no,ligero
PAC003086,27,73.8,158,29.6,81,125,124,64,63,90,5.8,193,73,127,96,1.26,107,0.1,30.7,15.3,6,7810,7.7,0,2,7,6.0,3,M,no,sedentario
PAC003087,56,77.5,175,25.3,107,103,132,95,72,142,5.1,284,66,177,273,1.34,61,5.9,35.4,13.8,1,2522,8.2,25,6,1,12.4,9,M,si,ligero
PAC003088,66,72.1,154,30.4,103,114,177,105,83,103,6.4,233,67,163,244,0.62,76,2.9,25.0,14.8,5,4785,5.6,0,15,5,12.0,5,F,no,activo
PAC003089,59,95.6,193,25.7,111,96,169,77,78,154,8.3,278,59,182,234,1.35,52,8.6,38.1,17.1,0,500,8.4,14,0,0,10.2,10,F,no,sedentario
PAC003090,40,70.7,144,34.1,71,87,121,68,67,83,5.6,179,62,75,163,1.22,107,1.2,42.6,14.0,7,12578,8.2,0,8,6,3.8,0,F,si,sedentario
PAC003091,81,128.8,205,30.6,126,115,175,96,76,150,7.9,300,39,135,235,1.3,65,6.6,36.9,15.8,2,5917,9.9,14,14,1,8.6,8,F,si,sedentario
PAC003092,20,85.3,156,35.1,85,99,122,64,88,60,4.7,223,62,124,40,0.95,94,0.9,5.0,13.2,3,8166,7.5,18,36,2,12.3,7,F,no,ligero
PAC003093,57,51.1,148,23.3,83,117,151,86,69,85,6.2,206,48,141,158,0.4,70,2.7,42.8,16.1,1,4081,6.1,7,0,3,10.1,5,F,si,sedentario
PAC003094,38,73.2,168,25.9,73,106,118,77,70,70,5.1,228,69,125,80,1.1,98,2.7,23.9,15.3,7,10508,10.4,9,0,6,9.3,0,M,no,ligero
PAC003095,18,49.4,169,17.3,63,102,113,69,71,89,4.8,176,54,112,40,1.06,85,1.8,42.1,17.2,10,9516,8.9,4,0,5,7.1,0,M,no,activo
PAC003096,88,104.9,141,52.8,101,98,157,110,78,109,6.4,184,38,184,121,0.4,90,3.4,41.1,16.7,2,4652,6.9,23,11,4,11.4,5,F,no,sedentario
PAC003097,60,93.7,194,24.9,112,92,161,111,71,115,7.7,305,25,152,233,1.34,95,11.6,12.9,14.5,0,4089,8.0,8,12,0,13.1,6,M,no,sedentario
PAC003098,39,48.3,173,16.1,87,103,114,67,58,60,5.8,192,60,62,108,1.36,79,0.1,50.8,16.2,9,8830,8.7,0,1,6,8.5,1,M,no,sedentario
PAC003099,50,65.4,158,26.2,62,87,148,72,83,73,5.2,174,50,107,187,0.91,118,6.6,17.9,12.6,8,7811,7.4,13,35,2,6.8,6,F,no,ligero
PAC003100,49,67.2,163,25.3,81,80,142,72,81,91,6.2,178,60,94,105,0.93,117,3.1,22.3,12.3,5,7766,7.2,17,20,1,9.4,6,M,si,ligero
PAC003101,49,71.2,157,28.9,72,120,154,101,78,146,4.7,202,53,167,277,0.51,54,3.3,24.6,16.8,3,4881,4.9,19,7,2,11.6,6,F,si,sedentario
PAC003102,34,53.9,174,17.8,86,90,115,73,66,96,4.1,247,60,117,136,0.82,94,0.1,39.9,16.4,9,15239,6.6,11,10,7,4.9,0,F,no,ligero
PAC003103,52,80.7,145,38.4,92,81,147,96,83,101,5.4,176,46,153,245,0.4,98,4.7,41.8,14.8,1,7583,6.0,7,0,0,11.6,4,F,no,sedentario
PAC003104,18,83.1,166,30.2,83,110,114,72,46,118,4.7,197,64,95,46,1.19,130,0.1,44.1,13.2,11,10931,7.6,10,0,4,8.8,2,M,no,activo
PAC003105,42,110.5,181,33.7,113,112,137,87,72,104,7.2,188,45,139,315,1.01,88,4.3,31.6,14.5,0,789,9.5,10,15,0,10.8,7,M,si,sedentario
PAC003106,62,109.4,193,29.4,130,102,155,73,76,123,7.8,244,45,171,276,1.04,62,4.9,27.2,13.5,0,500,8.4,10,9,3,10.5,10,F,si,sedentario
PAC003107,26,69.2,158,27.7,97,105,103,71,87,89,5.8,138,77,118,134,1.41,68,5.9,10.3,12.2,6,9284,5.8,19,23,3,10.9,2,M,no,activo
PAC003108,55,103.4,196,26.9,135,109,118,68,71,144,7.7,224,29,127,220,1.05,81,5.8,37.1,15.3,2,500,9.1,8,9,2,7.3,7,M,si,sedentario
PAC003109,18,48.9,171,16.7,101,110,105,79,56,84,5.0,176,59,149,124,0.81,77,1.9,43.0,13.9,7,17958,7.9,0,7,3,6.9,5,M,no,activo
PAC003110,27,63.3,164,23.5,93,109,136,75,70,90,5.3,179,70,130,95,1.28,108,0.1,37.9,13.6,9,16199,6.5,9,0,4,5.7,0,M,no,activo
PAC003111,18,65.8,161,25.4,65,112,111,56,69,114,4.9,192,67,77,40,1.22,112,2.0,36.4,13.5,10,9371,9.3,0,5,7,6.1,3,F,no,activo
PAC003112,71,76.6,140,39.1,120,82,139,94,75,98,6.2,238,48,135,117,0.58,62,5.6,36.7,14.7,6,8492,6.2,22,0,1,11.5,6,M,no,sedentario
PAC003113,28,47.0,172,15.9,92,116,139,70,68,71,5.3,166,63,58,171,1.28,124,0.9,26.3,15.4,8,9062,9.3,20,2,5,4.0,2,F,si,ligero
PAC003114,79,100.3,148,45.8,114,104,150,104,90,77,4.6,239,44,108,166,0.63,55,4.3,20.4,15.3,0,500,5.9,10,4,5,15.0,6,M,no,sedentario
PAC003115,74,62.6,154,26.4,116,92,150,103,97,87,6.2,244,61,133,192,0.74,73,2.9,19.2,15.1,2,8260,5.6,17,8,5,16.2,6,F,no,ligero
PAC003116,71,95.1,205,22.6,150,93,136,92,71,146,8.5,273,25,189,165,1.62,68,5.2,41.4,17.2,5,2520,8.6,29,0,4,8.6,7,M,no,sedentario
PAC003117,18,58.3,181,17.8,74,104,121,77,72,84,4.2,114,55,100,153,1.23,130,0.1,40.9,13.5,10,16011,7.6,0,4,7,7.9,3,M,no,ligero
PAC003118,18,50.8,169,17.8,69,97,116,70,71,95,5.1,173,71,57,40,1.34,109,4.1,31.4,15.0,7,10693,8.3,9,14,2,5.3,0,F,no,activo
PAC003119,46,69.9,165,25.7,86,93,136,57,84,65,6.3,169,46,90,133,0.71,104,3.8,14.0,12.0,5,10511,8.7,10,20,4,12.4,5,M,no,ligero
PAC003120,35,77.0,168,27.3,79,91,97,78,89,93,5.5,215,70,116,87,0.78,79,1.9,21.8,12.5,4,8828,8.5,23,35,1,8.5,5,M,si,ligero
PAC003121,36,80.0,165,29.4,90,111,110,77,63,81,4.8,206,64,123,68,1.01,85,0.1,22.3,15.8,8,13324,8.3,0,5,5,8.1,0,M,no,ligero
PAC003122,55,92.9,142,46.1,90,103,121,56,82,98,5.1,182,74,102,172,1.1,109,1.8,23.6,12.5,9,5823,8.3,8,18,0,10.6,5,F,no,sedentario
PAC003123,44,86.0,156,35.3,108,93,130,53,90,68,4.0,186,65,143,125,1.18,105,5.4,21.0,10.0,7,14637,7.0,14,33,1,9.1,10,M,no,activo
PAC003124,18,78.0,149,35.1,83,97,115,71,70,76,5.5,170,64,135,66,0.82,107,0.1,13.8,11.5,8,8279,8.9,8,21,4,10.1,6,M,no,activo
PAC003125,43,68.5,158,27.4,74,87,128,59,67,74,4.6,180,40,160,89,0.84,86,0.1,35.6,10.7,3,6224,7.8,16,19,1,9.0,4,F,no,ligero
PAC003126,60,86.8,199,21.9,140,111,147,89,91,121,6.7,213,47,178,185,0.82,77,4.1,27.2,15.3,0,2855,11.0,0,10,2,12.6,10,F,si,ligero
PAC003127,46,61.7,178,19.5,87,95,110,80,63,111,5.1,150,69,130,172,0.98,117,2.4,30.5,15.7,13,10598,7.1,6,0,4,11.9,2,M,no,sedentario
PAC003128,18,60.5,155,25.2,87,88,91,87,70,93,4.3,202,66,116,108,0.86,91,5.4,11.3,11.9,5,8321,8.8,31,18,0,5.0,8,F,no,sedentario
PAC003129,55,74.5,167,26.7,118,83,141,87,70,89,6.2,228,42,125,181,0.81,87,5.7,16.1,14.0,4,3428,6.9,9,10,0,7.3,9,M,no,sedentario
PAC003130,60,90.1,200,22.5,112,121,128,97,81,115,5.6,284,36,139,260,0.95,65,8.2,38.5,16.1,3,2285,9.2,13,4,2,10.9,10,F,si,sedentario
PAC003131,47,87.1,192,23.6,122,107,135,105,85,135,7.9,200,49,147,356,1.58,69,5.5,27.7,13.2,1,5145,7.8,6,8,1,11.5,8,M,no,ligero
PAC003132,82,87.7,185,25.6,101,93,144,106,76,106,7.3,245,36,172,340,1.05,90,5.7,33.4,16.4,1,2466,8.5,27,20,2,12.0,6,M,si,sedentario
PAC003133,78,85.2,157,34.6,112,102,159,117,81,119,5.1,217,34,118,266,0.73,86,1.4,37.7,13.9,0,5081,3.3,10,4,3,15.9,5,F,no,ligero
PAC003134,51,72.6,205,17.3,114,103,140,87,67,153,7.2,210,29,144,194,1.18,65,9.6,39.9,15.9,3,500,9.5,16,12,3,10.6,5,F,no,sedentario
PAC003135,65,83.6,170,28.9,86,75,159,92,60,122,6.6,207,59,148,167,0.65,76,3.9,31.7,16.0,0,4332,8.3,12,15,1,15.9,6,F,si,sedentario
PAC003136,27,57.8,166,21.0,69,98,115,65,48,78,4.7,181,60,109,40,0.94,107,0.1,36.2,13.9,11,8762,5.9,0,3,5,8.7,7,F,no,sedentario
PAC003137,52,73.7,145,35.1,109,99,172,100,72,76,6.6,196,73,195,177,0.7,86,2.5,26.6,15.6,4,2030,7.5,15,0,3,9.4,8,M,no,ligero
PAC003138,23,57.1,164,21.2,79,108,122,78,70,108,4.9,160,54,104,55,1.24,83,0.7,35.4,15.3,7,16836,8.5,0,0,7,6.3,2,M,no,ligero
PAC003139,63,82.9,143,40.5,95,96,144,116,73,120,6.0,223,40,148,208,0.63,80,5.3,8.4,16.6,1,3930,3.7,10,0,0,15.4,4,M,si,ligero
PAC003140,83,90.3,140,46.1,117,96,150,105,83,116,6.4,224,40,132,277,0.72,67,3.1,28.1,16.1,1,500,4.6,6,3,4,12.9,10,M,no,ligero
PAC003141,45,67.3,175,22.0,85,101,127,78,52,87,5.7,176,58,122,149,1.16,83,0.1,20.2,17.3,13,18076,6.3,12,0,7,9.9,5,F,no,sedentario
PAC003142,38,101.6,140,51.8,90,99,156,104,67,103,5.2,186,34,138,225,0.86,107,4.0,28.1,13.9,0,2595,6.5,5,0,2,17.9,9,M,no,sedentario
PAC003143,74,98.2,140,50.1,97,101,157,103,72,86,4.6,233,47,155,168,0.76,60,3.4,19.9,16.7,0,3834,5.4,12,10,2,13.0,8,M,si,activo
PAC003144,70,75.8,140,38.7,146,84,200,92,80,83,5.9,180,73,156,168,0.61,52,6.6,41.6,14.6,1,500,6.1,12,0,2,13.7,5,F,si,sedentario
PAC003145,52,90.6,203,22.0,139,107,141,79,87,118,7.5,203,59,157,339,1.5,90,8.0,20.9,14.8,0,551,10.7,16,2,0,9.1,6,M,si,sedentario
PAC003146,30,59.5,170,20.6,81,105,137,75,48,74,4.9,110,70,54,50,1.32,112,1.1,31.1,14.2,11,14109,8.6,1,0,6,7.8,1,M,no,ligero
PAC003147,59,100.6,165,37.0,110,94,158,104,83,136,5.0,266,55,188,89,0.56,68,6.1,37.4,16.8,5,6403,4.8,1,13,2,10.4,5,M,si,sedentario
PAC003148,59,79.7,140,40.7,111,112,164,99,67,109,6.0,199,25,118,129,0.57,75,2.1,35.8,14.2,1,2527,5.5,4,0,4,8.3,6,M,si,ligero
PAC003149,18,52.8,146,24.8,86,97,132,70,79,69,4.0,161,40,85,159,0.94,100,5.8,30.8,13.7,4,7904,7.3,12,23,4,6.9,9,F,no,sedentario
PAC003150,69,75.6,153,32.3,100,93,124,67,83,86,4.9,195,62,131,137,0.94,95,3.9,20.1,12.4,5,6976,6.2,11,20,4,9.9,6,F,no,sedentario
PAC003151,55,72.7,196,18.9,112,109,137,90,73,130,7.9,240,43,170,309,0.98,112,6.7,35.0,17.7,0,2315,8.2,0,2,1,11.3,5,F,no,sedentario
PAC003152,36,85.0,143,41.6,92,88,100,79,65,82,5.6,172,46,102,46,0.66,108,1.7,12.5,10.8,8,3671,6.0,16,28,0,10.5,10,F,no,ligero
PAC003153,19,55.7,177,17.8,65,85,105,70,72,90,5.3,176,70,86,75,1.12,92,1.9,36.1,13.6,7,14279,9.0,14,2,5,4.2,0,M,no,ligero
PAC003154,37,62.2,167,22.3,60,81,111,63,67,67,5.0,114,66,75,82,0.8,91,0.1,37.3,16.4,12,7048,8.6,4,0,5,2.0,4,F,no,ligero
PAC003155,75,101.8,140,51.9,107,84,164,103,74,100,5.3,240,46,142,230,0.57,62,5.1,27.1,13.5,2,6163,7.2,8,4,2,11.6,4,M,no,sedentario
PAC003156,82,97.1,157,39.4,88,96,143,93,63,107,6.3,189,57,145,174,0.4,74,6.1,21.4,17.3,1,4785,6.7,3,11,2,9.0,10,F,si,sedentario
PAC003157,25,52.0,140,26.5,98,83,137,81,79,106,6.6,216,66,61,255,0.97,108,1.7,18.8,12.2,8,3356,9.9,28,31,0,6.9,10,M,no,activo
PAC003158,86,87.0,140,44.4,99,88,139,120,100,118,5.2,294,57,130,247,0.71,109,6.8,32.1,15.9,3,500,5.2,13,10,2,9.9,5,F,si,activo
PAC003159,67,72.7,156,29.9,97,108,158,115,81,89,5.7,256,43,107,204,0.83,38,7.3,10.1,16.0,0,3845,5.4,6,1,3,11.3,8,M,si,ligero
PAC003160,63,98.9,205,23.5,123,111,124,90,82,156,7.3,164,39,175,153,1.02,83,2.7,44.3,16.4,0,1878,9.3,8,9,0,10.3,9,F,no,sedentario
PAC003161,47,62.1,175,20.3,81,93,127,63,51,76,4.1,150,64,122,40,0.95,97,1.1,43.7,14.6,8,14065,6.8,9,0,5,4.3,0,M,no,activo
PAC003162,18,62.0,166,22.5,62,93,114,85,93,87,5.7,148,71,109,127,0.98,74,0.1,35.9,16.1,6,13160,8.4,0,14,3,8.5,6,F,si,sedentario
PAC003163,18,71.8,179,22.4,74,98,113,77,75,71,4.5,200,85,100,118,0.84,83,2.5,22.0,11.9,3,7107,9.2,23,20,2,10.0,10,F,no,activo
PAC003164,80,89.5,181,27.3,123,120,137,86,78,151,8.3,250,49,153,245,1.33,60,2.1,39.3,16.0,0,500,9.9,9,2,1,16.1,10,F,no,ligero
PAC003165,18,69.5,162,26.5,60,88,117,80,57,98,5.1,208,76,130,40,1.49,127,4.4,41.2,12.8,7,17006,9.7,0,0,7,5.6,2,M,si,ligero
PAC003166,85,94.4,150,42.0,106,107,166,101,86,100,5.6,221,50,172,267,0.44,77,6.4,49.5,13.9,0,500,7.5,16,9,1,6.6,7,F,no,ligero
PAC003167,88,133.0,203,32.3,100,92,171,112,75,128,7.9,160,36,194,239,1.0,87,4.3,51.1,15.1,0,4432,6.8,7,19,2,15.4,8,F,si,sedentario
PAC003168,33,85.6,165,31.4,103,93,100,71,82,122,4.7,206,54,40,167,1.05,111,3.8,39.9,11.2,6,7935,8.9,15,32,0,3.1,10,F,no,ligero
PAC003169,82,77.4,143,37.9,103,77,198,108,80,69,5.6,193,46,148,85,0.51,56,4.2,47.1,19.0,3,5810,7.3,15,1,3,14.0,7,M,si,sedentario
PAC003170,32,83.7,169,29.3,93,77,130,65,81,73,5.7,213,62,100,159,0.78,129,0.1,21.2,11.9,4,7233,8.3,13,9,0,10.3,10,F,no,sedentario
PAC003171,20,56.8,193,15.2,83,106,98,65,45,81,5.6,170,72,95,40,0.83,107,5.8,59.3,15.0,9,13773,7.7,1,14,6,4.6,8,F,si,sedentario
PAC003172,63,104.5,187,29.9,109,89,154,79,77,169,7.0,248,37,197,296,1.08,94,8.3,28.8,12.8,0,1204,7.3,28,5,0,7.2,6,F,no,sedentario
PAC003173,71,70.0,141,35.2,101,99,171,109,67,89,6.1,257,31,143,196,0.4,77,6.3,31.7,15.5,4,8609,6.2,5,20,0,15.5,7,F,si,sedentario
PAC003174,75,76.0,155,31.6,116,82,151,104,65,92,5.9,225,55,176,142,0.47,60,0.1,33.2,13.8,6,1236,4.7,4,6,2,9.4,6,M,si,ligero
PAC003175,80,83.3,195,21.9,80,90,132,90,90,148,6.2,216,25,124,260,1.14,77,7.9,38.2,15.4,2,3849,8.9,9,0,0,9.0,8,M,no,sedentario
PAC003176,78,95.1,140,48.5,98,87,167,101,49,88,6.0,185,58,147,175,0.43,56,2.7,22.2,15.5,4,3621,4.8,4,0,3,12.0,9,M,no,ligero
PAC003177,84,87.1,140,44.4,116,93,148,112,71,84,5.5,217,52,127,145,0.55,68,5.6,34.9,16.3,0,3693,5.1,11,4,4,13.2,9,F,no,ligero
PAC003178,54,87.0,205,20.7,135,92,116,81,80,155,7.7,231,25,172,160,0.8,100,5.7,43.6,15.2,0,1048,10.1,0,14,1,11.1,7,M,si,ligero
PAC003179,21,54.8,154,23.1,78,118,120,80,52,72,4.1,206,47,80,172,1.23,125,0.1,29.6,14.4,11,9800,9.8,2,0,2,5.7,2,M,no,sedentario
PAC003180,23,57.4,149,25.9,78,105,136,72,91,98,6.5,170,55,124,140,0.97,79,3.4,16.4,9.9,4,10390,9.0,16,24,4,13.4,2,F,no,ligero
PAC003181,18,48.8,166,17.7,89,105,100,73,47,84,5.1,163,58,112,130,1.03,109,4.1,30.0,15.2,9,10250,8.1,16,9,4,5.3,0,F,no,sedentario
PAC003182,32,94.6,157,38.4,89,90,122,71,99,80,5.8,228,51,132,164,1.02,108,2.5,26.1,11.0,3,9244,9.5,12,24,0,4.0,8,F,no,ligero
PAC003183,62,112.9,190,31.3,126,96,143,82,62,115,7.1,243,59,172,279,1.33,95,3.5,42.7,15.2,0,7235,8.7,15,16,1,8.0,6,F,si,sedentario
PAC003184,90,77.7,143,38.0,114,83,162,108,68,102,6.7,226,57,156,49,0.46,69,6.5,19.8,14.9,4,5517,7.3,11,0,2,13.0,9,F,no,sedentario
PAC003185,65,102.3,140,52.2,96,88,177,114,76,77,5.8,229,61,137,240,0.43,89,0.7,19.2,13.4,5,6843,4.8,9,5,2,13.5,6,F,si,sedentario
PAC003186,45,107.0,198,27.3,117,95,146,92,83,99,8.5,244,40,145,323,1.08,54,7.1,33.5,16.3,1,4052,8.5,13,0,1,11.4,6,F,no,ligero
PAC003187,44,68.5,184,20.2,72,104,119,82,76,94,5.1,138,56,100,177,1.41,102,2.7,35.1,15.7,10,14639,7.9,2,0,9,6.4,2,F,no,sedentario
PAC003188,90,96.3,151,42.2,102,90,143,106,77,101,4.7,219,45,130,220,0.4,84,3.6,24.9,14.7,0,500,7.0,4,20,3,12.7,7,F,no,ligero
PAC003189,34,71.1,169,24.9,90,108,122,76,60,124,5.8,127,64,174,60,1.09,75,3.4,25.7,15.4,9,8665,8.9,0,0,4,8.2,4,M,si,activo
PAC003190,43,93.9,178,29.6,98,80,125,76,97,72,4.5,201,68,94,147,0.71,100,4.6,37.3,10.9,1,9283,7.7,24,20,1,3.3,9,F,si,sedentario
PAC003191,59,88.9,203,21.6,107,102,149,73,76,117,8.0,180,68,133,259,1.28,60,1.8,28.6,16.7,0,901,10.2,20,9,4,11.0,7,F,si,sedentario
PAC003192,69,109.2,145,51.9,106,105,176,97,82,95,4.8,261,42,150,178,0.84,90,2.3,24.7,19.0,0,4109,7.2,10,1,3,12.1,10,M,no,sedentario
PAC003193,53,80.1,151,35.1,101,96,155,95,77,97,5.9,241,66,114,127,0.68,100,6.8,37.3,17.0,0,6095,6.8,10,1,4,10.4,3,M,no,ligero
PAC003194,55,78.3,141,39.4,102,88,163,101,68,127,5.2,233,35,141,106,0.63,60,2.6,25.1,18.2,1,2746,6.7,10,10,2,13.1,8,M,si,sedentario
PAC003195,59,77.5,141,39.0,112,100,157,101,74,74,6.6,212,40,180,250,0.4,66,5.2,27.4,17.5,1,3735,7.7,5,8,1,12.9,6,F,no,ligero
PAC003196,29,49.4,153,21.1,69,89,94,72,81,97,5.7,198,68,103,74,0.61,87,5.8,40.9,11.4,3,9676,7.3,29,25,1,8.7,6,M,si,sedentario
PAC003197,18,68.0,171,23.3,102,85,101,76,49,66,4.6,232,69,134,52,0.86,130,0.1,43.6,14.6,11,12176,8.5,0,1,3,3.7,1,F,no,activo
PAC003198,45,102.0,195,26.8,103,105,125,72,77,141,7.3,190,29,182,255,1.63,69,3.3,41.3,12.0,0,5611,8.7,13,0,3,10.3,4,F,no,activo
PAC003199,69,101.2,182,30.6,113,108,138,84,78,134,7.3,241,37,158,257,1.35,69,8.6,26.9,16.0,0,1937,10.2,15,0,2,9.5,7,M,no,sedentario
PAC003200,62,113.5,180,35.0,121,106,110,79,63,114,6.5,296,25,189,341,1.14,76,7.0,43.3,15.4,3,2605,9.5,9,5,3,11.1,4,F,no,activo
PAC003201,90,88.7,149,40.0,107,94,171,110,77,98,4.8,215,53,203,228,0.4,66,6.2,21.9,14.4,5,500,6.0,19,0,1,15.9,8,F,si,ligero
PAC003202,18,66.2,152,28.7,63,109,130,72,60,87,4.9,184,51,110,45,1.48,99,0.1,43.1,16.1,11,14594,6.5,0,1,4,6.8,0,F,no,sedentario
PAC003203,70,99.6,145,47.4,121,95,164,106,80,111,5.4,263,58,179,214,0.4,86,3.0,19.6,15.8,0,4515,8.0,23,0,2,13.3,8,M,no,activo
PAC003204,75,98.0,192,26.6,102,105,134,75,67,127,8.0,246,32,127,189,1.14,56,11.1,42.7,16.2,2,6154,8.0,3,6,0,14.3,8,F,si,ligero
PAC003205,29,57.8,175,18.9,100,109,125,91,91,65,4.5,169,79,91,47,0.91,113,0.8,32.6,16.0,7,11311,9.6,9,0,5,4.3,1,F,si,ligero
PAC003206,68,92.1,141,46.3,106,95,161,114,70,108,7.1,252,49,144,231,0.5,107,5.2,34.1,14.4,2,3562,6.7,7,4,2,15.1,7,M,no,sedentario
PAC003207,18,67.7,168,24.0,67,106,129,64,48,79,4.6,189,90,57,149,0.88,66,0.1,37.5,15.0,4,11414,9.2,12,2,5,2.0,1,M,no,activo
PAC003208,18,77.2,156,31.7,72,95,111,66,66,80,5.3,178,69,111,181,1.04,117,2.8,37.1,13.6,12,15783,9.7,10,8,5,6.9,2,F,no,ligero
PAC003209,62,106.0,205,25.2,124,100,118,90,86,141,6.2,242,38,167,248,1.22,57,5.3,26.2,15.9,1,3079,7.7,14,5,1,15.6,10,F,no,sedentario
PAC003210,25,61.4,169,21.5,74,103,116,79,71,79,4.3,147,75,119,89,1.24,92,0.1,33.4,15.2,11,14458,10.1,4,0,7,4.6,2,M,no,sedentario
PAC003211,47,83.6,172,28.3,98,113,119,70,50,121,4.8,181,56,85,80,1.07,86,3.3,38.0,14.4,8,14935,7.6,0,4,6,8.6,3,F,no,sedentario
PAC003212,34,54.4,147,25.2,94,84,131,77,76,77,5.2,158,25,109,138,1.29,98,2.5,21.3,12.2,7,4471,7.8,11,22,5,10.6,8,F,si,sedentario
PAC003213,46,56.0,154,23.6,115,101,153,96,67,127,5.5,191,34,132,297,0.45,57,0.6,25.9,16.2,3,1830,4.3,12,0,2,8.8,8,F,si,activo
PAC003214,18,43.1,159,17.0,60,98,106,78,76,61,5.2,141,46,140,73,1.04,88,1.0,42.7,10.7,9,11428,9.5,5,7,9,6.7,2,F,no,ligero
PAC003215,42,53.9,172,18.2,61,87,121,69,66,111,6.1,139,54,105,40,1.08,109,1.6,19.6,10.5,9,12042,9.2,21,29,2,7.4,8,M,si,ligero
PAC003216,90,102.5,205,24.4,126,93,128,86,73,124,7.5,210,36,224,186,1.4,57,4.3,46.2,15.4,0,2117,8.8,21,15,3,7.3,5,M,si,sedentario
PAC003217,49,83.7,157,34.0,75,78,93,73,81,99,4.1,192,60,112,181,1.15,100,3.7,24.0,11.5,2,5530,7.9,7,22,0,13.0,9,F,no,sedentario
PAC003218,64,89.2,172,30.2,127,96,162,107,69,141,6.4,240,38,153,219,0.96,68,4.4,26.1,13.8,0,1427,8.8,20,22,1,10.8,9,F,no,sedentario
PAC003219,21,73.4,173,24.5,89,86,119,75,95,86,5.4,192,71,144,130,0.65,101,1.6,39.6,14.8,6,9703,8.6,13,29,5,9.1,6,F,si,activo
PAC003220,39,65.2,160,25.5,96,97,121,84,92,101,5.0,208,50,71,90,0.82,96,6.1,5.0,9.3,10,14288,6.4,22,17,1,10.8,8,M,no,sedentario
PAC003221,18,70.6,164,26.2,84,89,96,80,80,87,4.9,179,45,107,151,0.59,83,2.2,31.4,9.5,7,8470,8.4,8,38,2,9.2,10,M,si,sedentario
PAC003222,31,50.1,168,17.8,86,102,133,66,50,89,6.1,213,77,94,100,1.06,97,3.8,33.6,16.0,7,8706,8.2,6,24,5,2.8,2,F,no,activo
PAC003223,28,78.3,148,35.7,83,92,137,69,73,78,4.1,166,42,73,52,1.15,79,0.8,43.8,13.4,3,10939,7.6,1,0,6,7.0,1,M,si,ligero
PAC003224,90,116.0,200,29.0,104,90,146,88,73,133,6.1,243,40,109,108,1.1,79,8.9,21.2,16.5,0,1969,8.0,27,1,2,12.2,8,F,si,ligero
PAC003225,34,60.9,165,22.4,68,106,94,72,60,69,5.8,227,58,134,123,1.08,85,0.1,34.6,15.6,10,12024,9.6,3,11,3,3.0,1,M,no,activo
PAC003226,18,92.5,157,37.5,85,117,128,58,97,99,6.2,195,26,117,139,1.01,92,2.7,25.7,9.0,2,6515,7.5,17,30,3,6.4,6,M,si,ligero
PAC003227,18,44.2,168,15.7,82,118,107,77,62,93,5.7,215,60,90,105,1.39,129,4.7,47.6,16.9,6,14816,10.2,0,2,4,5.3,3,F,no,activo
PAC003228,88,70.3,142,34.9,123,101,159,106,80,85,5.2,245,38,140,106,0.51,108,5.6,14.4,16.0,4,5170,5.1,20,19,3,15.5,0,M,no,sedentario
PAC003229,52,59.1,168,20.9,80,104,101,74,51,60,4.1,148,69,56,85,0.96,102,2.3,48.2,17.1,5,11935,8.1,0,7,4,2.5,1,M,no,sedentario
PAC003230,74,82.7,140,42.2,108,97,159,100,62,106,5.2,198,39,119,159,0.59,49,5.2,44.8,15.7,0,4739,5.6,1,4,2,15.9,9,M,si,activo
PAC003231,71,58.3,155,24.3,79,105,140,50,63,76,4.7,188,61,150,69,0.96,75,1.5,29.5,16.0,8,12757,9.1,11,0,5,3.5,0,F,no,ligero
PAC003232,72,81.0,150,36.0,115,106,146,93,89,89,5.9,232,42,174,220,0.41,56,9.1,32.3,14.7,1,2911,5.1,12,1,1,13.5,10,M,si,sedentario
PAC003233,78,72.5,155,30.2,127,96,160,94,93,107,7.0,199,36,156,173,0.49,81,2.7,28.0,16.1,2,6607,4.2,8,0,1,13.0,4,M,si,ligero
PAC003234,18,73.5,154,31.0,61,93,114,70,54,95,4.9,122,64,74,82,1.35,80,2.5,41.4,16.5,5,10412,9.2,0,9,3,4.4,0,M,no,ligero
PAC003235,32,65.4,154,27.6,92,102,106,72,74,94,5.1,168,45,115,63,0.79,76,1.4,32.4,14.0,7,5183,8.6,9,35,1,14.2,4,M,no,sedentario
PAC003236,61,87.4,198,22.3,120,109,125,77,77,121,6.0,233,50,189,170,1.15,57,7.0,50.8,12.0,0,2867,8.3,6,0,1,9.2,8,M,si,sedentario
PAC003237,81,77.7,140,39.6,87,93,142,94,68,123,5.6,213,54,176,222,0.55,79,2.4,27.8,17.1,1,10597,8.4,4,0,0,11.1,6,F,no,ligero
PAC003238,42,81.4,168,28.8,84,97,125,86,85,99,6.4,199,51,101,169,0.85,93,0.4,21.4,11.7,4,11500,8.5,17,13,2,9.9,7,M,no,activo
PAC003239,32,81.3,182,24.5,87,117,113,67,65,100,4.0,209,83,122,173,1.05,127,0.6,47.9,15.0,10,13339,10.9,0,2,3,7.7,10,M,no,ligero
PAC003240,18,69.4,175,22.7,67,110,112,69,52,76,4.0,202,61,129,128,1.13,102,5.4,35.6,15.8,7,13293,7.1,0,6,5,4.7,5,F,si,sedentario
PAC003241,38,93.0,158,37.3,66,75,126,83,82,80,4.8,238,52,154,136,0.84,94,3.2,25.1,9.7,8,8799,9.6,19,26,0,9.7,10,F,no,sedentario
PAC003242,18,58.0,163,21.8,75,86,127,83,80,73,5.0,151,75,126,101,0.89,112,5.2,38.2,13.6,6,9764,8.9,13,17,3,9.8,8,F,no,sedentario
PAC003243,88,69.5,151,30.5,92,102,148,96,84,147,6.5,219,45,84,161,0.52,58,3.4,47.2,17.4,8,2669,4.8,4,0,1,14.3,5,F,si,sedentario
PAC003244,70,66.1,145,31.4,101,103,142,115,68,113,6.1,267,38,67,97,0.4,78,5.2,27.7,16.2,3,6248,6.8,14,1,2,15.2,10,M,no,sedentario
PAC003245,19,40.0,165,14.7,65,96,128,81,45,92,6.0,110,76,113,76,1.23,89,1.3,30.5,16.9,7,12664,9.4,4,0,6,5.9,4,M,no,ligero
PAC003246,74,88.0,199,22.2,123,102,148,95,78,132,5.8,212,26,154,213,0.78,65,5.3,42.9,15.8,0,5211,9.5,8,0,4,6.5,6,F,si,activo
PAC003247,18,68.9,140,35.2,86,82,95,84,105,99,4.2,163,82,112,40,0.9,103,0.9,30.6,14.2,6,10840,8.8,31,13,1,10.1,8,M,no,ligero
PAC003248,90,88.0,140,44.9,117,106,183,96,97,97,4.8,243,56,142,119,0.4,69,10.7,26.5,14.3,1,1289,5.2,11,0,5,12.8,8,F,si,ligero
PAC003249,69,82.3,152,35.6,112,90,162,91,76,112,6.8,241,50,138,52,0.4,92,2.4,32.0,16.8,1,2162,7.5,11,0,4,10.7,5,M,no,sedentario
PAC003250,90,77.5,196,20.2,118,111,153,83,87,137,6.0,253,27,160,328,1.38,60,9.4,42.2,16.1,0,683,7.7,6,8,2,12.3,3,F,si,ligero
PAC003251,72,70.3,156,28.9,104,101,181,108,70,65,4.9,192,31,112,145,0.47,54,3.7,38.4,17.2,2,3977,3.5,4,1,4,13.8,5,M,si,ligero
PAC003252,31,48.6,167,17.4,72,96,109,86,70,67,5.2,157,66,83,178,0.76,100,0.3,36.6,14.8,9,15229,6.6,6,0,5,8.6,1,F,si,sedentario
PAC003253,80,97.3,150,43.2,88,87,142,108,81,91,6.1,225,71,160,201,0.44,60,9.2,31.3,17.9,0,500,7.3,7,0,2,13.0,10,M,no,sedentario
PAC003254,21,60.7,147,28.1,76,113,103,65,71,79,5.6,175,56,76,78,1.16,107,1.5,31.3,19.0,5,7209,9.1,5,5,6,10.8,2,M,si,activo
PAC003255,57,93.0,201,23.0,132,103,155,85,79,105,6.8,240,36,155,289,1.05,59,6.3,45.9,16.3,0,4147,9.4,23,3,0,8.2,6,F,si,activo
PAC003256,38,54.0,161,20.8,71,113,116,73,60,119,4.0,163,86,106,72,1.27,90,0.1,33.4,14.9,13,10997,7.2,0,0,7,3.0,9,M,no,activo
PAC003257,46,93.2,199,23.5,113,105,150,83,75,151,6.5,213,36,152,226,1.13,71,4.8,52.3,17.6,2,2573,8.7,8,17,0,11.4,8,M,si,sedentario
PAC003258,67,96.9,142,48.1,101,86,146,113,85,92,6.3,196,67,80,196,0.44,86,3.3,28.1,16.3,0,1097,5.0,5,14,1,10.4,10,M,no,ligero
PAC003259,72,94.2,140,48.1,106,108,167,100,90,111,5.1,189,33,150,109,0.48,67,3.5,32.6,16.0,0,4369,5.6,11,19,2,11.8,6,M,si,activo
PAC003260,55,94.6,149,42.6,114,100,154,103,72,121,6.0,209,31,145,167,0.76,74,6.9,42.9,15.5,0,2856,7.4,25,0,5,13.8,7,F,si,activo
PAC003261,58,104.5,197,26.9,102,111,168,80,89,126,7.3,294,39,194,299,1.24,53,6.3,23.9,15.4,0,4717,8.5,11,0,0,6.4,6,F,si,ligero
PAC003262,39,79.4,171,27.2,60,97,118,58,71,72,5.4,229,76,94,168,1.47,90,0.1,36.7,14.1,5,13513,9.1,5,0,4,9.3,3,F,no,sedentario
PAC003263,64,114.1,193,30.6,107,90,144,85,73,121,6.3,297,56,213,299,1.03,84,1.6,20.7,15.8,1,5031,8.4,19,0,0,8.0,9,M,si,sedentario
PAC003264,71,92.0,140,46.9,96,81,151,80,83,80,5.8,267,47,122,167,0.48,64,0.8,26.4,16.9,3,3345,6.2,19,7,0,7.7,7,F,no,ligero
PAC003265,57,57.3,151,25.1,98,86,154,91,78,79,5.9,234,64,130,219,0.63,70,5.4,32.3,15.2,5,5716,6.8,9,3,1,12.5,7,M,no,ligero
PAC003266,20,87.0,171,29.8,95,85,131,92,59,66,4.5,205,65,134,40,1.04,98,0.8,37.5,15.6,11,12434,7.9,0,0,8,6.6,4,M,no,ligero
PAC003267,26,75.4,158,30.2,101,103,116,84,78,103,5.4,174,75,105,78,1.21,129,6.7,19.5,14.0,7,8798,8.1,10,23,0,13.4,10,M,si,sedentario
PAC003268,54,101.2,200,25.3,118,114,125,86,80,139,6.5,294,57,158,243,0.83,108,7.4,47.1,14.9,0,500,7.7,11,7,1,9.1,6,M,si,ligero
PAC003269,59,84.8,192,23.0,114,93,122,81,75,148,7.2,229,25,207,339,0.83,81,4.3,41.1,15.9,0,5147,7.2,5,7,2,11.7,10,M,si,sedentario
PAC003270,25,77.5,170,26.8,94,86,147,77,81,124,5.1,175,70,121,50,0.89,110,3.0,31.2,11.2,4,12414,6.8,20,39,2,7.7,7,F,no,sedentario
PAC003271,83,105.2,197,27.1,110,101,165,81,79,148,7.6,211,37,141,268,1.16,72,5.6,34.5,16.2,0,3334,10.6,15,2,0,15.0,8,F,si,sedentario
PAC003272,18,53.7,178,16.9,92,75,128,71,82,71,5.7,238,53,96,84,0.83,130,5.6,13.4,10.9,4,4484,7.0,25,24,4,7.5,8,F,no,activo
PAC003273,48,91.8,179,28.7,105,106,137,87,85,120,7.2,297,25,146,301,1.54,86,10.6,26.8,13.7,0,4779,7.4,0,8,3,10.2,10,M,si,ligero
PAC003274,18,78.2,151,34.3,80,98,133,50,88,83,5.6,219,46,135,54,0.85,95,4.3,14.1,13.3,12,10195,7.7,35,40,1,8.0,10,M,si,sedentario
PAC003275,45,118.7,196,30.9,106,118,124,90,73,144,6.7,242,43,133,232,1.42,71,2.7,30.9,16.6,0,5050,8.7,3,0,1,9.1,9,M,si,ligero
PAC003276,90,74.7,140,38.1,101,94,142,107,72,85,5.6,115,54,145,178,0.83,85,8.0,31.0,15.9,6,5352,5.8,0,0,0,8.0,8,M,no,ligero
PAC003277,23,74.6,154,31.5,61,96,98,63,51,80,4.2,224,75,62,148,1.12,92,0.1,41.6,14.0,4,12286,8.1,0,0,8,3.8,5,F,si,sedentario
PAC003278,32,79.9,157,32.4,81,118,119,63,54,73,5.0,181,86,106,201,1.01,94,3.4,35.1,16.0,9,12910,8.6,10,5,9,4.0,0,M,si,activo
PAC003279,22,72.7,153,31.1,84,96,124,61,73,113,4.7,190,70,107,40,0.94,102,2.3,18.8,12.4,0,7686,4.9,16,22,3,4.5,9,M,no,sedentario
PAC003280,83,69.7,145,33.2,112,81,155,84,72,97,5.7,220,54,182,182,0.59,53,5.0,32.7,19.0,1,6827,6.4,8,14,3,8.5,6,M,si,sedentario
PAC003281,52,116.2,197,29.9,99,105,129,91,80,117,7.0,259,38,151,231,1.31,85,3.5,63.1,15.0,0,5277,8.7,14,15,5,14.0,6,F,si,sedentario
PAC003282,53,109.0,204,26.2,93,114,188,81,90,153,6.4,241,35,166,179,1.28,73,7.1,24.4,15.1,0,6088,9.0,14,4,1,8.4,6,M,no,sedentario
PAC003283,18,63.8,158,25.6,85,92,124,87,80,67,4.9,139,60,104,77,0.74,102,1.1,32.2,11.8,4,6895,8.9,22,28,3,7.4,9,M,no,ligero
PAC003284,35,75.6,161,29.2,92,105,124,78,56,90,4.3,219,64,100,70,1.02,70,3.2,44.6,14.9,8,12396,7.4,0,0,6,10.3,2,M,si,activo
PAC003285,76,85.3,189,23.9,102,91,145,90,69,130,8.2,237,27,149,257,1.03,65,3.6,44.3,14.7,0,4920,11.0,6,4,2,10.8,1,F,si,ligero
PAC003286,25,89.0,166,32.3,99,104,126,81,82,88,5.8,189,65,83,109,0.96,102,5.9,15.1,11.6,2,5244,8.2,7,20,1,10.7,7,M,si,activo
PAC003287,85,87.3,151,38.3,124,90,155,101,80,119,4.1,179,43,142,86,0.61,74,2.9,40.2,15.8,0,7418,6.4,10,0,3,11.3,10,M,si,sedentario
PAC003288,33,67.3,165,24.7,91,78,143,89,78,78,5.1,191,38,86,91,0.84,114,2.9,22.4,11.8,8,6918,8.6,11,26,1,11.2,7,F,no,ligero
PAC003289,37,79.9,151,35.0,61,99,107,76,71,99,4.2,133,56,137,89,0.91,96,1.7,47.7,15.6,7,17397,9.4,0,2,2,2.0,4,M,no,ligero
PAC003290,46,49.9,168,17.7,80,85,90,69,59,92,4.6,179,62,136,40,0.9,98,4.9,39.0,15.7,6,11742,7.7,0,9,4,9.0,1,F,no,ligero
PAC003291,29,78.4,151,34.4,74,90,111,87,88,70,4.9,213,81,119,121,0.9,92,1.1,33.7,11.4,7,9161,8.8,24,17,1,10.1,8,M,no,sedentario
PAC003292,51,50.6,155,21.1,79,86,98,82,94,73,4.5,225,70,120,165,0.69,102,1.9,11.7,14.3,6,7530,9.1,19,27,0,10.7,9,M,si,ligero
PAC003293,43,85.3,171,29.2,85,109,112,80,63,102,5.6,204,81,117,47,1.17,110,5.3,40.1,14.2,6,13539,9.0,2,0,8,5.1,6,M,no,sedentario
PAC003294,41,76.0,165,27.9,82,96,112,74,45,121,5.4,234,53,125,203,0.85,120,0.1,38.0,14.4,10,12575,8.7,13,1,4,2.0,2,M,si,ligero
PAC003295,61,77.2,193,20.7,119,93,145,94,81,135,6.5,205,25,148,334,0.88,83,9.9,39.2,13.3,3,7626,10.9,2,1,1,7.6,5,F,no,sedentario
PAC003296,36,51.5,173,17.2,90,76,110,70,82,112,4.6,194,40,91,193,0.8,104,2.5,10.9,11.9,4,3942,7.8,15,24,3,10.4,6,M,no,sedentario
PAC003297,90,70.4,147,32.6,121,92,179,101,67,117,6.2,248,33,113,207,0.65,65,1.0,43.5,15.3,3,7955,5.1,11,0,3,13.5,10,F,no,ligero
PAC003298,19,50.9,160,19.9,104,75,127,77,87,68,5.9,164,56,90,104,1.12,99,2.9,25.4,13.3,9,12335,9.3,24,30,2,11.0,10,F,no,sedentario
PAC003299,62,87.8,205,20.9,116,102,166,89,89,166,6.9,265,39,190,172,1.09,68,5.3,32.5,13.6,2,7428,9.9,16,6,2,13.0,7,F,si,sedentario
PAC003300,76,112.4,196,29.3,118,106,139,93,81,119,6.4,245,27,137,247,1.63,54,9.3,45.3,14.5,0,5280,10.9,21,2,1,10.1,7,F,no,activo
PAC003301,51,106.8,194,28.4,105,80,148,89,63,154,6.6,245,30,139,248,1.15,81,6.8,33.3,14.4,0,1536,8.3,16,7,1,13.9,5,F,no,sedentario
PAC003302,18,56.8,170,19.7,72,97,130,64,70,80,4.6,210,51,112,140,1.17,85,0.4,20.4,12.7,11,10523,7.4,0,0,5,2.6,4,M,no,activo
PAC003303,67,70.5,143,34.5,99,84,148,95,83,93,6.5,211,53,116,234,0.75,20,7.4,40.8,16.4,6,6836,4.5,6,1,0,14.2,7,F,no,activo
PAC003304,35,81.1,176,26.2,81,98,115,75,68,74,5.3,198,88,53,40,1.11,117,0.3,44.8,16.1,14,13254,9.1,0,0,4,10.2,0,F,no,ligero
PAC003305,69,90.3,194,24.0,113,85,147,85,77,122,7.4,208,39,213,286,1.15,38,4.2,49.1,14.6,0,6379,8.2,5,0,4,9.4,9,F,si,sedentario
PAC003306,78,63.4,203,15.4,106,89,125,102,68,131,8.3,225,38,146,314,1.23,63,8.4,49.2,14.7,0,4681,8.0,15,13,1,13.7,10,F,no,sedentario
PAC003307,74,97.0,157,39.4,86,76,158,92,87,111,6.8,206,46,137,168,0.52,71,5.4,25.9,16.0,0,5276,4.6,9,19,2,17.3,4,M,si,ligero
PAC003308,56,97.1,202,23.8,127,101,142,84,73,144,7.6,266,27,132,377,1.3,58,8.7,34.9,15.4,0,2040,10.2,3,7,2,9.3,9,F,no,activo
PAC003309,21,94.1,187,26.9,111,113,138,86,78,151,7.3,276,35,201,311,1.13,79,4.7,31.0,15.6,1,5887,9.3,26,0,1,18.0,6,M,no,ligero
PAC003310,18,89.9,150,40.0,88,101,139,87,86,67,4.8,168,58,108,102,1.07,92,2.5,50.4,12.0,7,6742,9.1,26,24,2,8.8,10,M,si,sedentario
PAC003311,27,92.3,155,38.4,60,121,125,70,65,97,6.2,145,42,127,115,1.12,101,2.2,19.9,12.5,10,13160,8.2,14,32,1,7.5,8,M,no,ligero
PAC003312,87,87.6,187,25.1,142,99,139,78,57,153,6.4,233,60,175,202,1.45,87,8.8,32.9,16.6,1,2615,9.3,20,0,2,14.4,7,F,si,sedentario
PAC003313,84,87.5,140,44.6,94,106,170,116,73,76,4.7,233,42,145,182,0.68,54,2.7,17.3,15.9,4,1912,7.2,17,7,2,7.9,8,M,si,sedentario
PAC003314,23,41.8,148,19.1,64,86,106,76,45,89,4.8,218,67,126,172,0.95,96,0.2,34.5,14.2,10,12492,8.0,5,6,6,7.3,4,F,no,activo
PAC003315,35,65.7,153,28.1,70,93,118,73,81,94,5.6,189,61,109,86,0.83,88,2.3,23.0,11.1,8,10994,8.0,18,31,0,6.2,5,F,no,sedentario
PAC003316,32,58.4,158,23.4,99,75,135,65,82,71,5.4,197,86,82,40,0.95,113,1.9,30.4,11.4,1,10923,9.3,16,20,1,9.1,10,M,no,activo
PAC003317,53,87.8,187,25.1,123,97,126,78,69,141,7.6,258,35,181,213,1.33,66,5.5,36.2,17.0,0,1732,9.2,14,4,0,12.5,5,M,si,ligero
PAC003318,21,64.5,163,24.3,80,94,119,80,53,78,6.3,182,74,92,121,1.1,99,2.2,29.6,12.2,10,6168,6.4,1,5,2,7.6,3,F,si,ligero
PAC003319,18,78.1,152,33.8,94,108,133,66,71,100,4.9,197,71,57,103,0.84,113,0.8,21.0,13.0,3,4973,10.4,15,20,2,5.6,7,F,no,ligero
PAC003320,51,59.5,171,20.3,64,117,111,69,89,96,5.1,234,74,74,147,0.9,104,3.1,9.2,12.0,1,7445,7.5,12,32,1,12.3,8,F,no,sedentario
PAC003321,26,95.2,168,33.7,83,103,135,54,71,83,4.7,164,54,71,87,1.1,87,0.1,21.6,15.5,7,15912,9.5,5,4,5,7.9,3,M,no,ligero
PAC003322,27,67.7,167,24.3,89,84,112,71,53,73,5.7,168,50,96,147,0.75,74,4.2,26.2,16.4,16,14733,8.6,2,1,4,7.3,3,F,si,ligero
PAC003323,23,52.8,175,17.2,68,89,131,77,84,98,4.4,186,62,101,60,0.92,93,4.9,26.0,10.4,6,10235,7.5,12,23,3,9.3,8,F,si,ligero
PAC003324,27,56.7,176,18.3,76,101,143,60,78,89,5.3,124,60,91,40,1.36,122,0.1,14.0,16.5,10,14579,6.2,3,0,8,7.6,7,F,no,ligero
PAC003325,62,68.6,148,31.3,113,103,169,103,93,82,6.4,264,44,144,154,0.4,60,4.5,29.3,15.5,0,6758,4.1,12,9,3,14.4,10,M,si,ligero
PAC003326,73,98.0,149,44.1,114,109,171,93,60,69,7.4,217,55,136,197,0.64,91,3.5,27.7,16.1,4,6843,4.3,18,3,4,15.6,7,M,no,sedentario
PAC003327,84,89.2,147,41.3,100,104,146,114,79,115,5.3,246,39,144,158,0.49,85,2.4,32.2,17.3,1,3363,6.6,9,4,3,9.6,10,M,si,sedentario
PAC003328,23,71.7,146,33.6,88,86,133,81,61,102,4.9,196,69,90,45,0.71,118,6.5,24.3,10.6,6,11644,6.7,21,30,1,5.5,8,M,no,ligero
PAC003329,70,52.4,145,24.9,77,88,145,99,63,127,5.6,231,32,123,124,0.4,82,3.8,25.9,17.0,0,4980,6.4,13,10,2,14.2,7,F,si,sedentario
PAC003330,33,75.1,162,28.6,74,89,114,67,63,98,4.4,173,60,140,40,0.98,122,5.4,30.1,13.7,11,8212,8.6,21,0,7,10.9,4,M,no,ligero
PAC003331,40,63.4,178,20.0,60,108,115,100,53,103,5.6,156,50,118,53,1.09,101,3.4,37.8,15.5,14,13464,8.9,3,9,6,5.8,3,F,si,ligero
PAC003332,18,68.5,167,24.6,73,108,125,72,66,87,6.0,238,58,140,104,1.02,102,0.1,42.4,15.8,2,11522,9.3,4,0,6,8.0,4,F,no,ligero
PAC003333,18,78.0,160,30.5,97,85,111,72,81,65,4.4,160,68,119,134,0.7,93,0.2,21.8,10.4,3,8132,7.2,22,21,5,7.5,10,M,no,sedentario
PAC003334,71,78.2,158,31.3,88,116,152,87,88,99,4.7,191,47,145,143,0.64,84,5.3,27.1,15.8,0,3480,5.1,6,0,2,9.0,4,F,si,sedentario
PAC003335,77,70.3,140,35.9,120,88,157,109,64,83,4.6,208,50,142,247,0.49,89,4.0,30.7,17.3,0,1269,5.8,0,2,2,16.0,8,F,si,ligero
PAC003336,65,77.5,140,39.5,119,99,128,87,65,93,6.2,231,57,136,222,0.56,84,4.6,30.7,17.7,2,4149,6.1,17,7,1,8.5,6,F,no,activo
PAC003337,37,56.8,165,20.9,79,117,121,64,62,99,4.8,213,77,83,107,1.09,121,3.8,44.6,14.9,7,8493,8.9,4,4,3,11.5,1,F,no,sedentario
PAC003338,66,96.3,200,24.1,131,85,137,89,75,134,6.2,238,40,156,313,1.2,64,9.0,52.7,13.6,0,500,10.0,1,0,0,8.9,7,M,si,sedentario
PAC003339,35,91.9,158,36.8,118,112,108,82,79,80,4.5,143,49,104,131,0.94,110,2.2,22.7,14.4,0,8705,8.0,32,40,1,8.9,7,M,no,ligero
PAC003340,67,98.7,200,24.7,132,108,141,99,90,121,7.8,179,39,158,264,1.14,59,10.4,40.6,14.2,0,7451,9.6,7,14,3,8.8,8,F,si,sedentario
PAC003341,54,73.8,189,20.7,116,87,138,94,78,168,6.4,244,47,201,226,1.29,80,9.5,19.1,17.6,0,1983,7.8,4,9,2,6.1,7,F,si,sedentario
PAC003342,82,90.9,142,45.1,101,113,143,93,82,89,5.0,253,25,167,129,0.59,58,2.0,24.0,18.0,2,1294,5.9,0,0,4,13.4,9,M,si,sedentario
PAC003343,18,57.7,155,24.0,90,75,115,70,80,87,4.3,202,71,122,133,0.9,90,2.6,26.0,10.2,5,9894,8.2,24,19,1,14.0,8,F,no,sedentario
PAC003344,34,47.2,161,18.2,84,101,137,84,75,108,5.9,170,69,89,133,1.05,96,0.1,27.2,15.9,14,12838,7.9,7,0,7,3.1,3,M,no,activo
PAC003345,65,78.9,149,35.5,117,119,135,115,68,100,6.1,264,57,157,228,0.48,67,6.8,43.1,17.8,0,500,5.7,11,4,2,12.1,6,F,si,sedentario
PAC003346,83,87.2,145,41.5,95,89,172,94,85,99,6.3,193,32,108,173,0.72,44,4.4,33.9,13.5,0,2475,6.7,7,1,1,13.6,3,F,no,sedentario
PAC003347,75,74.0,154,31.2,109,96,163,115,75,92,5.5,264,59,188,201,0.4,93,4.3,44.5,16.3,0,4678,7.1,4,0,3,10.4,4,M,si,sedentario
PAC003348,90,86.3,140,44.0,128,103,161,96,70,125,5.1,244,36,62,156,0.73,93,4.3,15.8,13.6,1,5542,5.0,11,10,4,17.5,6,M,no,sedentario
PAC003349,45,85.1,178,26.9,81,94,136,87,51,63,4.7,175,59,124,40,1.32,107,1.6,28.2,15.9,10,14519,9.3,3,0,5,9.1,4,F,si,activo
PAC003350,18,67.4,143,33.0,79,97,108,71,80,104,5.0,161,57,152,114,0.84,86,3.6,20.2,12.5,3,7291,6.5,20,15,1,11.8,10,M,no,ligero
PAC003351,66,112.3,205,26.7,99,104,132,100,78,117,6.8,248,35,166,312,1.28,78,8.5,35.7,15.9,0,2200,10.4,16,14,2,8.8,8,F,no,sedentario
PAC003352,38,72.7,159,28.8,87,96,127,84,84,103,4.0,195,29,121,148,0.96,122,2.5,22.4,11.3,1,10480,7.1,9,25,1,6.1,4,F,no,ligero
PAC003353,45,104.4,200,26.1,150,102,136,97,89,110,6.3,221,25,136,272,1.18,79,7.1,31.7,14.6,1,1302,8.4,13,0,1,14.8,6,F,no,ligero
PAC003354,18,65.9,141,33.1,76,97,118,81,80,96,5.5,204,36,64,82,0.79,100,2.3,34.5,12.9,5,6171,7.8,28,26,0,7.9,8,M,no,ligero
PAC003355,69,90.3,140,46.1,128,81,148,102,77,95,6.3,183,41,102,209,0.75,66,4.7,16.9,14.7,0,2994,7.5,15,4,1,12.4,3,M,no,sedentario
PAC003356,70,87.9,187,25.1,117,118,140,101,82,124,6.3,227,39,156,320,1.47,89,6.8,52.9,17.3,0,747,8.0,0,3,3,9.4,7,F,no,ligero
PAC003357,62,79.2,150,35.2,114,100,165,105,84,89,6.5,232,42,145,131,0.58,84,3.3,39.3,15.2,0,5122,6.2,9,14,5,14.1,3,M,no,ligero
PAC003358,18,72.7,152,31.5,86,92,110,57,93,90,5.7,244,62,112,179,0.97,107,2.9,9.3,12.0,7,10292,7.5,16,24,0,11.8,3,M,si,sedentario
PAC003359,18,51.9,160,20.3,69,105,114,73,55,73,5.1,150,79,154,56,1.43,123,2.5,34.1,16.8,9,14122,8.6,3,5,5,3.4,3,M,no,activo
PAC003360,73,97.7,184,28.9,116,97,169,90,64,145,7.1,254,44,189,254,0.78,60,1.6,37.1,14.5,0,1244,8.6,6,2,4,14.0,8,M,si,ligero
PAC003361,33,69.4,145,33.0,98,97,131,97,69,115,6.7,209,40,151,113,0.8,72,7.0,15.5,14.1,0,2527,5.8,21,11,1,10.7,6,F,no,sedentario
PAC003362,28,55.0,168,19.5,76,98,96,83,64,112,5.2,202,56,130,75,1.43,130,0.2,34.1,15.0,7,11327,8.9,9,0,7,9.2,2,M,si,ligero
PAC003363,48,64.6,154,27.2,99,86,132,72,70,78,4.5,226,56,81,40,1.14,96,0.2,22.7,11.6,2,9712,8.2,17,16,3,9.9,8,F,no,ligero
PAC003364,78,97.6,161,37.7,105,97,155,101,82,106,5.8,262,54,133,111,0.79,72,6.5,33.2,16.9,0,8962,5.9,14,4,4,11.9,7,F,no,sedentario
PAC003365,73,90.9,205,21.6,125,116,145,82,84,148,7.1,201,45,142,163,1.22,83,7.6,36.1,15.0,1,6530,9.1,21,1,1,10.1,8,F,si,ligero
PAC003366,41,91.2,192,24.7,122,102,139,100,72,143,7.3,303,36,135,246,1.12,90,2.1,28.0,17.5,4,4515,9.2,3,0,2,15.2,10,M,no,sedentario
PAC003367,46,61.8,165,22.7,89,92,105,67,65,99,4.0,168,63,79,40,1.22,113,1.7,43.3,13.5,6,10033,8.5,0,0,6,2.3,0,F,no,sedentario
PAC003368,59,69.0,177,22.0,69,102,118,65,53,90,5.5,162,60,90,41,0.89,115,0.1,34.3,14.9,3,11412,8.2,8,4,5,4.4,3,M,no,activo
PAC003369,34,64.1,174,21.2,78,95,94,67,55,87,5.0,158,62,145,48,1.02,88,0.6,28.7,15.6,11,16291,8.8,11,25,9,2.9,2,F,si,sedentario
PAC003370,32,65.5,179,20.4,76,113,149,74,51,76,5.4,194,49,106,86,1.11,87,0.1,40.4,16.5,8,9078,7.9,10,3,5,3.0,1,M,no,activo
PAC003371,27,63.7,152,27.6,101,101,120,67,59,75,4.8,215,42,100,40,1.07,87,1.6,26.5,14.1,11,10695,9.5,9,5,4,7.2,1,F,si,ligero
PAC003372,18,77.4,153,33.1,97,75,118,79,95,104,4.3,144,72,115,111,0.86,100,1.4,17.3,11.4,6,8693,10.2,16,15,0,6.5,9,M,no,sedentario
PAC003373,87,68.1,193,18.3,107,84,159,87,91,135,8.3,206,26,147,167,1.25,118,7.2,23.3,16.1,0,5246,8.8,9,15,1,10.2,10,M,no,sedentario
PAC003374,77,103.3,190,28.6,95,101,155,88,72,113,7.2,250,37,134,271,0.98,40,4.0,46.0,11.1,0,2719,7.1,7,8,3,10.4,6,M,si,ligero
PAC003375,70,100.1,183,29.9,97,106,129,73,62,128,7.7,245,25,193,251,1.51,36,5.1,33.7,17.7,0,500,10.6,0,7,2,10.6,6,F,si,sedentario
PAC003376,37,51.7,181,15.8,82,105,128,66,57,81,4.2,170,86,93,111,1.19,88,3.2,32.0,15.6,11,14142,9.0,3,0,6,7.3,1,M,si,sedentario
PAC003377,90,97.2,194,25.8,107,112,132,87,83,138,7.3,268,25,136,273,0.88,87,9.7,35.0,15.1,0,4282,8.1,31,0,4,15.7,10,F,si,activo
PAC003378,22,48.5,163,18.3,78,105,125,91,74,63,4.0,136,84,107,40,1.04,87,1.9,39.4,12.3,10,8169,8.4,0,0,6,7.9,1,F,no,sedentario
PAC003379,68,86.1,188,24.4,96,100,134,78,76,126,6.6,285,36,116,310,1.06,83,5.2,20.4,13.8,0,3997,7.0,11,7,0,13.6,8,F,si,sedentario
PAC003380,18,78.1,180,24.1,91,87,119,69,71,83,5.4,138,86,69,50,1.26,103,0.1,46.9,14.5,13,13941,7.0,1,0,8,2.0,1,F,no,sedentario
PAC003381,18,57.0,168,20.2,95,101,126,59,91,80,4.0,194,86,83,60,1.18,77,5.5,34.3,12.5,6,7337,7.0,19,25,0,9.0,9,M,si,ligero
PAC003382,60,43.3,172,14.6,70,100,108,81,56,80,5.2,141,68,125,92,1.26,125,0.1,42.9,14.8,13,13452,6.4,12,2,5,8.5,3,M,no,ligero
PAC003383,29,45.6,152,19.7,76,100,138,68,60,76,5.0,222,90,80,75,1.04,100,2.7,39.0,13.2,6,17470,8.2,6,5,8,6.1,1,M,no,ligero
PAC003384,18,77.9,169,27.3,60,92,94,73,53,89,4.8,167,63,111,68,1.23,95,6.0,39.8,15.0,6,13541,8.8,2,10,3,8.1,6,M,no,ligero
PAC003385,88,117.7,205,28.0,99,116,105,101,77,108,7.1,273,49,165,256,1.2,77,11.6,37.7,14.4,3,7928,10.2,1,7,2,9.7,6,M,si,sedentario
PAC003386,65,114.3,147,52.9,107,90,156,80,95,101,6.5,259,37,155,215,0.4,52,5.9,50.7,14.8,3,4890,5.9,2,0,3,11.1,9,M,si,sedentario
PAC003387,35,65.8,160,25.7,87,101,111,73,103,115,4.8,148,58,126,162,0.48,129,3.6,5.0,11.1,6,11544,10.3,35,31,2,9.7,6,M,no,sedentario
PAC003388,44,64.0,170,22.1,94,109,100,84,50,79,5.0,140,65,135,73,0.88,99,0.1,38.9,13.7,12,10435,10.5,0,6,5,8.3,4,F,no,activo
PAC003389,84,86.5,153,37.0,103,89,146,114,70,88,4.9,224,25,92,212,0.4,44,6.2,37.4,13.8,2,3748,7.9,5,0,2,11.9,5,F,no,ligero
PAC003390,54,83.5,188,23.6,150,99,136,97,74,138,8.4,220,25,112,272,1.36,79,7.7,35.6,15.4,5,1149,8.4,0,8,0,8.5,7,M,si,sedentario
PAC003391,31,40.0,177,12.8,88,124,109,77,49,95,4.6,200,75,40,46,1.13,99,2.0,42.6,13.8,12,11435,8.6,4,2,6,4.4,4,F,si,activo
PAC003392,18,66.5,172,22.5,80,96,110,85,46,101,6.0,171,44,40,85,1.11,81,0.1,25.3,14.7,6,16725,9.9,4,12,3,2.0,2,M,no,activo
PAC003393,33,59.6,166,21.6,81,98,116,66,75,83,5.3,193,76,40,148,1.01,104,2.8,14.6,13.4,4,7591,6.7,30,18,3,7.9,9,M,si,sedentario
PAC003394,18,61.2,160,23.9,79,86,113,82,62,96,4.0,166,68,110,118,1.33,118,0.1,31.3,15.1,8,19052,9.6,0,0,6,13.1,2,M,si,activo
PAC003395,18,78.4,169,27.5,72,113,116,67,64,109,5.3,176,75,93,40,1.13,102,1.3,35.4,17.0,9,8587,8.8,6,13,4,6.6,1,F,no,ligero
PAC003396,32,45.3,166,16.4,88,111,124,72,84,98,5.1,188,56,94,123,0.74,112,5.6,28.0,10.0,4,7897,8.6,31,32,2,11.7,10,M,si,activo
PAC003397,47,78.7,147,36.4,131,88,142,95,72,111,5.6,211,66,77,182,0.53,65,3.6,24.5,15.3,1,500,6.9,6,7,4,13.4,8,M,no,sedentario
PAC003398,53,73.2,183,21.9,111,111,118,87,69,143,7.1,185,43,174,182,1.19,63,6.3,21.7,17.5,0,500,9.4,3,16,2,6.0,9,F,si,sedentario
PAC003399,22,82.7,155,34.4,83,82,124,76,79,83,4.4,169,65,111,113,0.87,88,5.8,20.0,13.2,3,4272,8.2,15,33,2,9.0,10,F,si,activo
PAC003400,18,65.4,168,23.2,69,108,90,71,65,91,4.6,158,58,118,40,1.1,76,1.8,38.5,13.0,11,8615,8.6,12,0,4,7.5,4,M,si,ligero
PAC003401,32,91.3,156,37.5,63,96,120,78,54,85,5.4,129,53,42,89,0.84,118,0.9,25.7,13.9,2,11310,6.9,0,0,6,5.7,1,F,si,activo
PAC003402,61,86.1,178,27.2,110,100,136,80,68,130,7.3,206,25,168,278,1.01,74,7.9,16.6,12.8,0,4295,7.9,1,6,2,12.9,8,M,no,ligero
PAC003403,75,82.7,194,22.0,122,103,131,85,75,127,6.6,323,35,117,311,1.35,85,6.5,31.9,15.9,0,4796,8.0,17,4,2,9.0,7,F,si,sedentario
PAC003404,25,70.0,173,23.4,69,95,100,61,61,83,5.2,191,69,137,73,1.17,96,0.5,31.1,15.7,8,11736,10.2,0,6,6,7.1,4,M,si,sedentario
PAC003405,37,61.6,153,26.3,83,105,122,83,80,116,5.0,134,62,144,69,0.92,75,5.5,31.3,12.7,7,5611,7.7,22,32,0,12.4,7,F,si,ligero
PAC003406,69,82.8,188,23.4,99,96,153,111,74,129,5.3,189,42,140,175,1.05,76,2.9,38.1,14.0,0,1986,5.8,11,2,0,15.1,5,M,si,activo
PAC003407,68,96.8,197,24.9,101,124,119,91,79,142,6.4,297,35,178,253,1.1,80,6.9,43.8,12.9,0,4854,8.5,12,6,3,16.5,10,M,si,ligero
PAC003408,78,99.4,194,26.4,127,107,152,83,90,123,6.2,253,41,161,225,1.16,102,10.8,23.1,15.8,3,3939,8.7,24,18,4,9.4,9,M,no,ligero
PAC003409,90,84.8,182,25.6,98,75,144,94,73,119,7.4,158,49,76,312,1.3,44,5.0,35.3,16.6,0,2392,8.4,16,17,1,11.7,8,M,si,ligero
PAC003410,46,76.0,157,30.8,108,93,131,68,91,78,6.3,187,56,47,118,1.19,123,1.8,33.9,12.6,7,7964,9.1,5,28,0,8.7,7,F,no,activo
PAC003411,89,90.5,143,44.3,114,114,169,103,87,70,5.4,192,43,169,146,0.52,40,5.7,22.4,13.4,0,3048,4.6,1,5,0,10.7,9,M,no,sedentario
PAC003412,40,71.5,165,26.3,94,108,112,78,67,60,6.7,218,71,129,106,0.82,110,3.7,25.2,13.1,6,3444,8.3,31,24,1,6.6,6,M,si,sedentario
PAC003413,67,108.5,192,29.4,100,97,130,73,71,138,6.8,274,25,128,287,1.14,61,6.5,26.1,16.3,0,2336,7.5,5,8,0,10.6,4,F,si,sedentario
PAC003414,48,88.6,167,31.8,93,125,117,85,67,68,4.4,147,67,108,116,1.02,100,4.9,37.1,14.2,10,10942,8.8,7,0,4,8.4,3,M,no,sedentario
PAC003415,18,72.8,171,24.9,92,89,131,63,89,102,5.5,196,64,100,40,1.14,76,1.9,15.3,9.8,0,9774,8.9,26,15,1,12.0,10,M,si,activo
PAC003416,28,86.3,162,32.9,84,92,125,73,81,95,4.6,132,46,149,48,1.11,80,0.1,11.0,9.9,2,6546,8.6,27,18,3,9.3,9,M,no,sedentario
PAC003417,54,75.3,187,21.5,119,108,147,73,72,122,7.4,245,25,161,268,0.96,71,7.6,30.0,18.4,0,10591,9.8,0,7,0,10.2,6,M,no,activo
PAC003418,18,40.0,167,14.3,70,85,120,82,73,99,5.2,227,78,129,40,1.23,106,3.6,35.2,13.4,7,8311,8.4,13,0,7,8.6,4,M,no,sedentario
PAC003419,18,76.1,173,25.4,91,109,120,62,57,111,5.3,178,65,119,40,1.15,95,0.1,51.9,14.5,9,11002,6.5,8,0,5,4.6,3,F,no,activo
PAC003420,63,102.2,195,26.9,95,115,132,81,80,162,8.2,306,37,126,177,1.15,57,4.5,13.4,14.6,0,7814,9.3,16,0,3,9.2,2,M,si,sedentario
PAC003421,18,48.8,169,17.1,98,109,100,83,71,94,6.1,187,61,102,40,1.23,106,1.4,18.5,12.8,7,10030,10.6,3,0,7,7.5,4,M,no,activo
PAC003422,50,96.2,144,46.4,97,118,151,95,62,87,5.9,235,53,125,205,0.44,67,4.4,32.9,18.4,4,6222,5.1,5,7,2,11.4,4,F,no,activo
PAC003423,38,68.9,163,25.9,90,113,111,70,69,90,5.8,175,67,89,96,1.06,110,3.9,23.8,15.6,8,10310,9.5,2,0,6,3.0,4,M,no,sedentario
PAC003424,35,41.5,150,18.4,76,94,116,74,75,89,5.1,239,62,114,177,0.69,108,1.9,5.0,12.3,2,12772,7.3,19,20,3,5.5,5,F,no,ligero
PAC003425,27,70.8,173,23.7,60,93,113,65,69,83,5.2,199,55,134,40,1.03,111,0.5,29.9,14.1,8,12684,9.3,7,6,5,5.7,4,F,si,ligero
PAC003426,60,89.5,195,23.5,128,104,131,68,72,132,8.3,219,41,133,311,1.43,89,9.5,41.1,17.1,0,2127,9.5,4,6,2,11.0,7,M,si,sedentario
PAC003427,77,78.7,141,39.6,111,93,154,94,74,126,4.5,175,51,136,264,0.48,65,3.2,30.0,15.0,3,6832,6.2,10,6,2,13.9,4,F,si,sedentario
PAC003428,47,93.0,156,38.2,67,82,105,76,84,92,4.7,215,54,118,218,0.91,123,3.7,14.6,10.8,1,1863,7.0,18,27,0,8.5,5,M,no,ligero
PAC003429,43,59.0,170,20.4,85,94,136,82,68,91,4.5,168,73,129,87,1.11,120,0.1,31.8,13.8,10,12386,7.7,0,6,6,7.8,6,M,no,ligero
PAC003430,71,123.9,190,34.3,117,92,159,83,90,138,8.5,213,33,132,214,1.19,45,9.2,36.3,16.5,2,3613,8.4,14,0,0,11.9,6,F,si,sedentario
PAC003431,21,74.4,182,22.5,60,88,103,79,95,89,5.6,205,74,124,173,0.76,115,7.7,26.5,12.1,6,7049,8.2,21,17,3,10.0,8,F,no,activo
PAC003432,70,77.3,140,39.4,86,91,160,114,79,80,5.2,261,59,168,147,0.43,80,8.0,28.3,15.9,3,500,4.4,0,0,1,12.5,10,F,no,sedentario
PAC003433,56,93.8,161,36.2,94,105,159,100,81,101,6.7,228,34,93,159,0.4,63,5.0,25.6,14.9,0,3774,5.0,7,0,1,11.4,5,F,si,sedentario
PAC003434,90,95.6,140,48.8,106,109,163,95,70,90,5.0,224,34,181,171,0.4,79,1.0,37.9,16.7,0,7116,7.1,13,9,0,10.8,8,F,no,sedentario
PAC003435,18,86.0,179,26.8,97,95,114,71,71,62,4.5,180,76,117,185,0.74,92,2.8,25.1,13.0,6,10090,7.5,25,26,2,18.1,7,F,no,sedentario
PAC003436,18,74.3,148,33.9,93,89,135,58,83,96,5.4,160,61,103,165,0.92,123,0.1,9.8,12.3,9,9082,9.3,34,32,3,6.9,8,M,no,sedentario
PAC003437,59,98.4,205,23.4,114,90,138,85,71,144,7.4,280,50,143,306,1.02,74,8.0,36.2,16.0,0,4905,8.7,5,3,2,9.6,9,F,si,sedentario
PAC003438,23,52.9,148,24.2,73,101,135,72,71,94,4.2,254,55,124,129,0.98,73,3.2,26.0,11.3,6,10203,8.8,25,33,0,8.3,6,M,si,ligero
PAC003439,89,69.3,140,35.4,114,99,147,94,78,117,6.3,248,52,196,201,0.69,70,0.8,36.5,15.4,2,2834,6.8,13,2,3,14.3,10,M,si,activo
PAC003440,29,70.1,160,27.4,79,87,120,87,92,82,6.0,204,53,95,174,0.75,104,1.6,29.5,12.8,4,7156,7.4,21,13,1,8.3,5,M,no,activo
PAC003441,18,75.2,141,37.8,60,110,93,57,75,72,4.6,190,92,89,40,1.03,104,0.9,20.5,11.2,4,9095,8.6,13,29,3,10.1,10,M,no,ligero
PAC003442,18,48.9,172,16.5,69,109,127,83,63,85,4.8,145,85,97,40,1.16,92,0.1,36.3,15.8,9,14951,7.8,0,6,7,7.5,4,F,si,ligero
PAC003443,68,82.1,202,20.1,126,121,147,87,82,132,7.4,211,46,139,138,1.39,85,3.6,34.0,17.0,0,1060,7.7,10,6,0,7.5,5,M,no,sedentario
PAC003444,49,55.6,163,20.9,88,87,122,77,68,101,4.8,157,82,98,154,1.04,114,0.1,33.1,16.6,16,15474,9.0,0,0,7,13.6,4,M,no,activo
PAC003445,68,83.8,165,30.8,121,98,175,110,84,139,6.1,198,47,143,110,0.6,68,7.3,29.2,17.2,4,6166,7.0,24,0,1,7.5,10,F,no,activo
PAC003446,25,71.5,164,26.6,102,96,109,66,53,76,5.5,184,71,175,304,1.06,103,0.4,42.3,16.2,6,12764,8.8,5,1,5,9.0,5,F,si,ligero
PAC003447,27,82.1,164,30.5,60,106,122,75,89,112,5.1,232,58,104,146,0.56,100,3.1,18.3,10.9,6,9630,6.1,21,5,2,7.6,10,F,si,ligero
PAC003448,62,82.3,190,22.8,111,109,135,80,95,120,8.1,307,41,175,285,0.92,80,4.8,34.0,13.7,2,7876,8.0,13,4,1,6.8,8,F,si,ligero
PAC003449,89,86.2,157,35.0,122,90,157,93,88,82,5.8,241,47,164,239,0.77,68,2.7,24.0,18.2,0,3928,5.8,15,0,1,13.1,6,F,si,sedentario
PAC003450,73,73.0,145,34.7,115,88,151,88,83,98,5.4,247,67,150,139,0.41,76,7.7,23.1,16.7,6,5241,7.5,0,1,4,12.5,6,M,no,ligero
PAC003451,77,80.0,204,19.2,104,108,143,74,92,109,6.6,244,44,141,312,1.37,58,7.4,34.4,13.8,0,1910,9.8,2,5,3,11.8,6,F,no,sedentario
PAC003452,71,81.6,151,35.8,94,95,164,112,72,79,5.8,210,75,113,157,0.4,60,6.0,37.0,14.9,4,7348,5.5,8,9,0,18.3,6,F,si,sedentario
PAC003453,68,76.9,149,34.6,127,89,176,98,81,90,5.4,198,36,114,99,0.4,75,4.0,28.8,17.4,0,7575,3.8,23,18,3,12.4,8,M,si,ligero
PAC003454,88,92.4,149,41.6,112,91,164,101,69,92,5.7,244,46,166,174,0.49,75,4.6,34.5,15.8,1,5403,5.1,2,4,2,12.2,10,F,si,sedentario
PAC003455,57,81.5,199,20.6,121,97,116,86,68,144,6.9,215,25,151,190,1.17,70,6.6,25.9,13.5,0,3031,9.2,11,5,0,12.0,8,F,no,sedentario
PAC003456,67,72.7,188,20.6,132,108,130,79,66,141,8.3,245,50,147,179,1.5,83,6.8,47.3,15.1,2,3346,8.6,13,0,2,10.6,5,M,si,ligero
PAC003457,54,56.8,174,18.8,90,94,90,74,92,98,6.6,133,48,125,65,0.71,80,4.9,21.9,12.8,5,4038,9.3,26,16,4,10.1,9,F,no,activo
PAC003458,85,99.9,158,40.0,119,87,142,83,86,79,5.5,198,44,179,190,0.67,74,2.6,35.6,18.1,0,5206,7.1,3,4,4,9.3,10,M,no,ligero
PAC003459,25,69.1,167,24.8,79,84,121,65,81,95,5.0,126,60,58,157,1.07,119,6.0,22.3,15.6,6,12626,9.3,2,1,6,8.6,0,M,si,activo
PAC003460,23,70.2,181,21.4,106,106,97,73,80,105,4.0,149,50,124,66,0.97,83,4.8,28.6,14.1,4,9353,8.2,26,23,3,10.5,8,F,si,ligero
PAC003461,19,58.5,175,19.1,67,94,108,63,46,112,4.9,159,56,56,73,1.13,110,2.9,29.3,14.4,7,11035,10.5,1,0,4,5.6,0,M,no,sedentario
PAC003462,24,59.5,153,25.4,85,101,110,78,86,91,4.1,167,62,119,122,1.02,108,4.7,16.4,10.5,3,9994,8.2,15,11,2,8.0,10,F,no,activo
PAC003463,78,109.0,140,55.6,104,105,154,85,74,106,5.5,197,42,145,176,0.4,34,5.9,28.1,19.0,0,3722,5.3,18,0,1,8.1,8,M,si,sedentario
PAC003464,34,86.9,178,27.4,82,96,103,84,77,71,5.7,191,70,137,87,1.04,111,2.6,31.7,17.0,9,12567,8.2,6,4,6,4.0,3,M,si,ligero
PAC003465,53,77.0,143,37.7,93,115,147,113,79,84,5.1,286,52,184,189,0.48,99,4.1,35.8,15.3,2,2033,4.2,9,7,0,14.3,5,F,no,ligero
PAC003466,70,83.7,154,35.3,119,83,177,96,67,61,5.1,244,25,153,190,0.59,41,6.5,34.1,15.6,0,3506,6.5,8,7,1,13.5,9,M,no,activo
PAC003467,35,70.8,164,26.3,95,93,129,80,68,84,5.0,176,63,122,149,1.06,94,2.7,5.0,13.9,5,9210,8.4,21,25,2,10.4,6,M,no,ligero
PAC003468,18,69.4,150,30.8,77,87,129,75,51,60,4.7,216,61,89,55,1.02,121,0.1,27.7,15.6,11,10166,9.9,0,4,8,8.2,1,M,si,ligero
PAC003469,47,70.1,180,21.6,138,96,135,89,93,115,7.2,209,32,135,225,0.83,78,7.3,32.4,14.5,0,2168,9.7,13,2,0,11.1,3,M,no,sedentario
PAC003470,22,62.6,185,18.3,60,87,118,72,70,82,5.1,189,67,107,162,1.51,112,2.3,40.8,13.4,6,10849,9.1,3,0,7,4.6,2,M,no,activo
PAC003471,60,81.4,140,41.5,103,95,129,108,67,91,5.1,197,64,141,141,0.6,41,5.1,53.6,15.9,2,3643,8.1,22,14,2,14.3,5,M,no,sedentario
PAC003472,18,64.5,154,27.2,88,88,126,83,75,118,5.9,189,42,83,154,0.98,99,0.1,25.5,13.1,3,9774,7.3,24,32,0,4.8,5,F,no,ligero
PAC003473,61,90.0,191,24.7,117,103,164,84,86,164,7.2,277,51,167,228,0.94,98,8.3,38.3,16.3,0,4198,11.0,4,13,2,10.4,10,M,si,sedentario
PAC003474,64,113.8,195,29.9,111,95,123,81,67,132,8.4,234,42,169,355,1.08,73,5.1,31.4,15.7,0,500,7.1,22,14,1,4.7,8,F,si,sedentario
PAC003475,71,103.2,205,24.6,121,95,128,87,83,163,6.8,315,26,150,242,0.95,76,5.8,29.2,13.2,3,500,9.0,6,17,1,6.6,5,M,si,sedentario
PAC003476,35,85.1,162,32.4,83,115,122,78,58,100,4.3,181,80,105,53,0.9,128,1.4,37.7,15.5,6,9624,7.9,2,3,5,9.1,6,F,no,sedentario
PAC003477,90,93.9,160,36.7,108,127,146,96,83,123,6.9,183,38,107,178,0.81,82,4.2,22.5,14.7,1,500,5.5,5,10,5,13.2,5,M,si,sedentario
PAC003478,32,72.0,160,28.1,60,111,140,57,68,65,4.8,172,58,145,52,1.21,108,0.1,40.1,14.0,10,14029,10.4,3,20,10,7.1,1,F,si,ligero
PAC003479,65,76.6,146,35.9,100,98,145,99,64,79,5.5,235,63,191,154,0.63,55,5.6,16.3,17.9,0,4575,5.1,11,9,2,12.5,4,F,no,ligero
PAC003480,18,67.4,170,23.3,64,119,113,75,78,93,5.4,170,69,94,110,1.08,114,4.9,37.4,15.7,10,13009,8.3,8,11,5,3.2,6,M,si,ligero
PAC003481,62,106.8,184,31.5,123,91,164,104,69,141,6.5,256,44,106,333,1.17,62,7.9,41.7,15.4,1,500,7.0,0,15,1,7.2,6,F,si,ligero
PAC003482,69,95.1,195,25.0,108,91,143,95,84,134,6.3,222,25,191,384,1.15,78,5.1,31.3,14.8,2,7603,9.5,6,0,3,11.3,10,M,no,ligero
PAC003483,72,99.0,149,44.6,108,104,158,104,97,118,4.4,213,25,179,187,0.56,78,0.6,29.2,17.3,0,8039,5.1,11,5,3,12.3,5,F,no,sedentario
PAC003484,34,81.1,159,32.1,75,103,137,89,78,96,4.4,162,74,117,149,1.36,96,3.7,31.8,13.3,4,7373,6.8,7,0,4,7.1,4,F,no,activo
PAC003485,18,52.8,169,18.5,74,111,134,69,70,97,5.9,161,79,150,40,1.23,111,0.1,34.6,17.1,7,12242,6.3,0,0,5,4.4,0,F,si,ligero
PAC003486,27,82.5,151,36.2,82,122,121,70,62,111,5.4,210,74,137,118,1.01,130,5.1,13.2,11.3,3,11730,9.0,10,22,0,9.4,8,F,no,ligero
PAC003487,25,56.7,160,22.1,96,111,132,71,66,79,5.0,152,62,59,121,0.88,92,0.2,27.0,14.9,8,10249,6.9,7,11,3,7.3,6,M,no,ligero
PAC003488,74,96.9,200,24.2,107,119,156,82,74,109,7.0,313,25,186,223,1.46,59,7.3,32.9,12.9,0,5563,9.9,11,3,2,13.3,9,F,si,ligero
PAC003489,71,103.2,205,24.6,116,114,137,86,67,135,7.0,220,28,149,155,1.18,91,5.9,35.9,15.4,0,1867,9.5,7,3,1,11.1,3,F,no,ligero
PAC003490,18,63.8,160,24.9,60,95,111,68,68,120,6.2,169,75,108,160,1.08,107,0.1,47.1,11.0,16,15028,9.6,0,3,6,7.0,6,M,no,activo
PAC003491,58,65.5,165,24.1,99,107,159,111,65,92,5.9,227,69,163,280,0.98,80,3.1,32.9,15.7,2,4026,5.9,12,0,2,14.1,7,F,si,sedentario
PAC003492,77,103.8,193,27.9,115,107,130,84,69,121,5.9,230,39,158,344,0.8,92,6.7,31.8,14.7,0,11719,9.6,0,1,3,10.5,8,M,si,ligero
PAC003493,69,95.1,179,29.7,104,101,99,88,66,101,7.5,218,43,198,219,1.37,65,8.9,47.2,16.2,0,1113,9.6,13,17,3,17.0,8,M,no,sedentario
PAC003494,53,44.8,164,16.7,91,106,100,68,72,84,5.9,172,58,69,169,0.95,85,0.1,15.7,16.0,4,11229,7.8,0,0,4,2.0,4,M,no,sedentario
PAC003495,46,114.6,196,29.8,118,101,134,95,97,124,7.2,247,45,172,224,1.55,89,7.6,24.9,13.3,0,500,11.0,16,0,2,12.7,5,F,no,ligero
PAC003496,22,50.1,178,15.8,87,97,110,70,69,108,4.0,126,69,66,130,0.78,93,2.2,48.3,15.2,9,14643,9.3,0,0,7,4.6,2,M,no,activo
PAC003497,71,93.2,186,26.9,125,91,151,67,77,182,7.1,233,43,117,300,1.65,44,8.8,28.4,16.7,0,1762,10.1,2,10,0,14.6,7,M,no,sedentario
PAC003498,75,97.8,143,47.8,118,95,180,74,77,117,5.9,245,38,122,87,0.7,86,5.1,25.6,14.4,3,3974,6.3,13,11,3,17.6,3,M,no,sedentario
PAC003499,27,58.5,162,22.3,89,94,108,64,62,61,4.3,217,58,124,44,0.9,92,0.3,40.2,13.0,9,11897,8.5,8,0,7,3.7,7,M,si,ligero
PAC003500,51,90.2,159,35.7,91,116,133,74,72,82,5.0,144,64,100,40,0.78,117,0.1,28.4,12.7,1,8096,7.5,7,16,2,7.8,9,F,no,ligero
PAC003501,48,79.2,140,40.4,95,107,175,84,84,121,5.5,239,61,120,181,0.4,99,1.3,24.8,12.2,3,4791,7.1,9,3,4,14.9,10,F,no,sedentario
PAC003502,31,66.6,147,30.8,94,82,131,86,89,65,6.5,198,80,128,122,0.67,127,2.9,32.7,13.9,8,9308,9.2,18,23,1,8.7,9,M,si,sedentario
PAC003503,52,70.6,187,20.2,128,121,131,82,72,106,8.2,253,31,184,281,1.15,81,6.0,41.2,13.1,1,805,9.5,9,5,3,9.3,10,M,no,ligero
PAC003504,51,86.9,155,36.2,120,116,159,94,79,111,6.3,230,48,68,213,0.4,75,7.2,21.1,14.7,3,1821,7.3,11,19,4,13.6,9,M,no,activo
PAC003505,18,40.0,159,15.8,77,106,117,79,74,79,5.4,227,55,106,140,0.91,73,0.1,28.5,12.2,7,10252,7.8,19,16,1,9.3,9,F,si,sedentario
PAC003506,30,63.4,172,21.4,87,94,113,80,79,60,4.8,197,77,133,97,1.11,91,2.2,42.7,14.0,5,12990,10.0,8,0,6,5.4,4,M,si,ligero
PAC003507,18,93.7,151,41.1,76,91,128,78,82,109,5.3,140,48,45,137,1.24,89,6.5,21.4,12.3,8,9475,6.9,7,14,3,12.1,6,F,no,activo
PAC003508,68,79.5,150,35.3,78,99,161,83,84,84,5.1,202,50,92,97,0.47,51,4.9,36.4,16.3,4,6496,7.5,24,0,4,13.8,7,M,si,ligero
PAC003509,67,79.0,158,31.6,101,101,165,78,71,103,5.1,164,59,75,140,0.4,84,5.2,23.4,15.9,4,500,5.8,12,7,1,13.5,4,F,no,sedentario
PAC003510,28,52.8,171,18.1,87,104,96,66,84,99,6.1,142,53,169,102,1.0,89,2.8,5.0,11.7,4,8874,8.5,21,21,3,11.8,9,M,no,ligero
PAC003511,60,91.2,200,22.8,116,108,148,94,73,124,6.0,157,36,202,317,1.15,71,8.8,37.2,15.6,2,4064,8.9,0,0,2,8.8,6,F,si,ligero
PAC003512,36,55.2,174,18.2,87,93,113,77,82,65,4.0,218,66,116,137,0.92,98,4.0,5.0,11.5,5,7260,6.5,14,31,0,11.3,9,M,no,ligero
PAC003513,67,96.3,192,26.1,98,97,143,72,70,139,7.6,289,25,149,325,1.12,67,9.7,36.2,16.0,0,2678,9.0,12,7,0,9.9,6,F,no,sedentario
PAC003514,65,85.1,158,34.1,103,97,174,98,88,114,5.4,200,41,140,258,0.95,59,5.3,22.6,18.0,6,1027,5.3,6,3,3,10.9,8,F,si,ligero
PAC003515,18,63.8,163,24.0,94,93,122,76,90,79,6.0,172,72,140,115,1.15,89,4.1,15.6,11.3,6,7675,6.9,24,34,1,6.5,6,M,no,ligero
PAC003516,47,89.7,201,22.2,113,111,122,101,88,142,6.6,271,29,156,238,0.92,71,5.4,36.1,13.0,1,4516,11.0,12,12,1,10.4,9,F,no,activo
PAC003517,68,91.7,182,27.7,115,110,152,94,79,142,6.6,281,27,84,282,1.17,66,4.4,51.0,15.4,0,500,7.6,5,22,2,11.5,10,M,no,sedentario
PAC003518,34,69.4,161,26.8,73,103,147,68,58,89,5.5,121,79,108,96,1.18,94,3.6,37.3,13.5,11,9872,9.3,3,7,6,6.2,4,F,no,ligero
PAC003519,33,45.7,176,14.8,90,93,134,68,52,74,5.4,133,61,108,97,1.1,130,0.1,43.7,15.8,8,11017,6.8,6,0,7,5.6,1,M,si,ligero
PAC003520,18,72.4,150,32.2,85,107,107,79,82,106,5.4,165,47,137,40,0.45,123,4.8,24.8,11.0,11,5715,8.5,11,23,0,5.4,4,M,si,activo
PAC003521,82,89.4,149,40.3,85,90,146,119,69,97,5.7,268,58,162,86,0.68,84,8.1,24.6,16.3,2,6232,7.0,10,2,2,15.0,5,F,no,sedentario
PAC003522,62,98.6,150,43.8,111,91,170,96,77,87,6.2,224,35,173,246,0.4,81,6.6,37.3,16.8,0,2267,6.1,15,12,2,4.7,9,M,si,sedentario
PAC003523,18,81.2,150,36.1,95,109,139,69,86,91,6.0,175,56,92,166,0.94,81,7.3,13.2,12.4,5,5741,8.6,35,16,1,10.2,10,F,si,ligero
PAC003524,18,83.0,154,35.0,95,77,118,92,72,123,4.4,229,84,114,45,1.3,51,0.1,22.5,10.4,2,9051,7.8,6,15,3,13.6,5,M,si,activo
PAC003525,56,60.7,167,21.8,92,91,90,61,86,97,5.8,176,48,105,40,0.73,104,5.4,13.5,11.5,7,7820,6.9,25,27,2,9.4,5,M,si,ligero
PAC003526,18,59.4,155,24.7,94,78,114,76,100,100,4.0,175,78,103,40,0.99,120,3.9,16.1,11.2,4,10275,7.2,10,33,0,10.6,9,F,no,sedentario
PAC003527,80,110.9,195,29.2,121,116,150,71,77,137,7.4,217,55,172,261,0.98,49,4.7,25.3,12.6,1,9056,7.5,12,5,2,7.7,7,M,no,sedentario
PAC003528,18,45.9,173,15.3,60,102,112,82,58,108,5.9,142,62,76,210,1.19,98,0.5,43.1,14.5,8,6974,9.2,0,0,7,7.4,3,M,no,activo
PAC003529,27,91.1,180,28.1,67,103,103,69,68,101,6.5,172,71,136,76,0.53,102,6.8,25.7,13.3,6,6315,7.5,24,10,6,8.4,8,M,no,sedentario
PAC003530,22,59.4,163,22.4,100,87,126,61,79,70,4.7,214,66,124,110,1.21,97,1.9,39.6,15.6,7,10888,10.0,2,0,3,4.7,1,F,no,activo
PAC003531,55,106.7,188,30.2,106,108,151,98,88,136,7.6,216,51,103,365,1.29,91,4.3,35.8,15.4,0,3058,9.0,5,0,1,12.3,8,M,si,sedentario
PAC003532,65,101.1,193,27.1,113,85,160,84,75,146,7.3,261,36,134,334,1.02,88,8.2,27.9,15.4,0,500,8.4,2,13,0,14.4,8,M,si,sedentario
PAC003533,18,68.2,164,25.4,93,116,122,74,84,81,4.0,198,78,140,91,0.92,98,2.7,25.9,10.6,10,15337,6.2,24,22,2,10.7,7,M,no,ligero
PAC003534,27,76.5,160,29.9,86,89,95,82,45,61,5.3,194,56,48,77,0.97,91,0.1,53.5,14.9,3,14241,9.3,0,0,6,6.9,6,F,no,ligero
PAC003535,42,91.2,172,30.8,95,108,138,70,60,83,4.7,193,63,88,108,1.07,90,0.1,38.7,14.8,8,11541,5.9,24,0,5,2.0,1,F,no,ligero
PAC003536,57,113.4,197,29.2,117,108,130,83,69,137,7.6,214,37,140,193,1.26,71,7.3,32.9,15.1,0,500,8.3,18,14,0,13.3,9,F,si,activo
PAC003537,68,98.6,200,24.6,111,105,137,98,84,118,7.3,210,37,167,215,1.23,100,7.9,43.8,14.4,1,4251,10.4,12,0,5,11.3,7,F,si,sedentario
PAC003538,31,62.3,156,25.6,71,107,97,79,83,101,4.3,164,58,68,49,1.15,120,2.4,27.7,12.8,7,11743,7.5,4,6,3,2.0,3,M,si,sedentario
PAC003539,72,101.3,205,24.1,102,92,152,67,62,142,7.3,241,47,142,228,1.14,86,9.2,46.6,17.9,0,1086,9.9,18,0,1,8.4,9,M,no,ligero
PAC003540,42,41.2,162,15.7,102,85,104,67,67,60,5.5,160,67,120,74,1.22,87,5.0,38.6,14.7,8,13636,9.0,0,5,4,9.5,4,F,si,sedentario
PAC003541,27,51.2,186,14.8,65,93,101,74,47,74,5.2,126,64,118,61,1.02,105,3.2,34.8,14.7,12,6529,9.0,2,4,4,2.0,3,F,no,ligero
PAC003542,33,70.6,178,22.3,89,96,110,68,73,67,5.9,239,66,83,40,1.07,106,1.0,22.6,16.4,7,12654,9.4,0,10,4,3.0,2,M,si,ligero
PAC003543,18,52.5,156,21.6,103,101,137,84,89,89,5.9,199,60,113,136,1.0,85,6.0,9.2,13.0,7,8314,8.3,21,31,4,8.6,7,F,no,ligero
PAC003544,35,65.6,153,28.0,91,75,123,80,64,112,4.8,183,77,119,78,0.94,109,0.1,35.9,12.1,12,10119,8.9,0,0,4,6.8,5,M,no,sedentario
PAC003545,67,97.3,198,24.8,127,101,140,75,74,102,5.9,277,58,140,258,1.36,74,7.5,32.0,13.0,2,500,10.3,14,9,2,12.4,9,M,si,ligero
PAC003546,29,60.2,169,21.1,73,94,105,61,56,95,5.4,182,70,78,84,0.85,67,1.5,22.2,15.1,6,11203,7.4,0,5,2,4.9,3,M,no,ligero
PAC003547,73,92.2,190,25.5,108,100,149,85,98,153,6.9,216,26,144,321,1.28,78,4.7,24.3,14.2,0,3146,7.2,25,0,2,13.8,7,F,no,sedentario
PAC003548,67,71.0,153,30.3,107,97,149,117,62,101,4.6,226,41,137,202,0.43,71,4.1,35.1,18.7,0,8372,4.3,25,10,2,12.8,6,M,si,activo
PAC003549,81,90.6,153,38.7,98,122,132,99,78,102,6.2,280,42,176,184,0.4,33,4.0,27.3,14.4,2,3555,4.2,13,0,1,10.8,6,M,si,ligero
PAC003550,39,82.1,161,31.7,110,91,156,85,82,72,5.5,236,58,116,241,0.4,85,4.7,35.4,14.9,0,3114,6.7,7,5,1,8.7,6,M,si,ligero
PAC003551,68,97.7,186,28.2,96,97,113,90,78,149,7.0,207,47,152,306,1.26,89,3.3,22.9,14.8,0,3330,5.7,7,19,1,9.6,6,F,si,sedentario
PAC003552,30,42.0,177,13.4,61,93,131,72,59,78,4.6,136,50,94,72,0.86,112,0.1,38.1,14.6,5,14024,8.1,12,0,8,2.8,5,M,no,activo
PAC003553,57,88.9,194,23.6,99,92,146,82,83,134,5.7,161,38,159,335,0.9,78,6.0,29.4,16.3,0,4234,7.2,15,13,0,12.1,10,M,no,sedentario
PAC003554,31,72.4,157,29.4,94,98,109,75,71,95,5.8,177,52,111,77,1.13,99,1.3,34.2,13.9,10,8969,8.9,7,0,4,4.7,6,F,no,ligero
PAC003555,20,78.9,171,27.0,92,105,110,67,84,112,5.3,253,72,106,87,1.22,108,0.1,45.4,16.4,5,9813,7.8,0,0,7,8.6,5,F,no,activo
PAC003556,61,64.9,140,33.1,111,86,137,95,79,114,5.4,216,59,150,173,0.4,68,5.9,37.8,16.6,4,5757,6.3,4,12,3,10.5,5,F,si,sedentario
PAC003557,21,72.4,160,28.3,87,101,136,79,77,108,4.6,176,73,164,174,0.8,87,3.0,30.4,10.8,2,7026,6.2,16,21,3,9.6,10,F,no,ligero
PAC003558,49,105.5,198,26.9,129,96,105,82,59,120,6.0,214,41,170,171,1.2,68,7.6,31.1,15.4,1,613,8.5,1,15,1,11.1,7,F,si,sedentario
PAC003559,75,120.2,202,29.5,100,108,177,87,74,116,6.0,302,62,175,169,1.38,62,4.9,34.0,14.1,4,1301,6.6,8,11,1,13.0,8,F,si,ligero
PAC003560,74,96.3,202,23.6,114,113,155,89,74,154,8.1,220,25,127,246,1.41,86,7.4,44.0,14.0,1,3047,10.4,12,5,2,8.0,10,F,si,sedentario
PAC003561,28,78.3,162,29.8,70,94,118,91,70,79,5.3,184,52,93,115,1.29,128,1.5,37.7,15.3,8,10759,6.8,0,2,6,8.5,6,F,no,ligero
PAC003562,70,96.1,145,45.7,108,84,147,82,74,104,6.5,237,63,160,183,0.6,43,4.9,34.1,15.1,3,3585,4.9,6,4,2,13.7,7,F,si,activo
PAC003563,30,70.3,157,28.5,78,89,115,69,75,62,4.4,149,50,109,64,1.01,84,2.7,20.8,12.4,10,8388,7.5,25,19,2,15.9,4,F,no,sedentario
PAC003564,20,61.6,177,19.7,77,89,112,65,64,111,4.7,152,56,105,114,1.28,113,0.1,32.7,13.5,10,14391,8.8,0,0,5,7.3,4,M,no,ligero
PAC003565,19,67.4,170,23.3,72,118,106,78,68,81,5.0,185,77,88,61,0.83,91,0.1,30.7,15.4,12,14196,8.2,0,4,5,7.1,3,F,si,sedentario
PAC003566,83,83.0,141,41.7,108,94,132,100,92,78,4.9,193,57,151,273,0.73,67,7.3,33.3,17.6,4,2878,7.6,25,11,2,14.6,8,F,si,ligero
PAC003567,44,76.6,162,29.2,62,83,116,71,81,94,5.2,228,50,150,151,0.57,97,0.1,20.0,10.4,10,8959,10.7,22,24,1,9.2,5,F,no,ligero
PAC003568,40,67.2,159,26.6,87,83,138,88,84,87,4.0,170,53,115,135,0.84,105,4.2,9.0,13.0,3,12376,8.7,18,38,0,12.3,9,F,no,sedentario
PAC003569,72,100.6,140,51.3,70,95,166,103,68,102,5.3,263,42,120,66,0.66,83,3.3,21.6,19.0,0,4068,6.8,7,0,0,11.9,5,F,si,activo
PAC003570,62,95.5,190,26.5,107,104,140,80,94,146,7.1,248,48,132,278,1.45,81,7.3,32.0,15.8,0,6208,9.0,4,11,0,14.6,5,M,si,sedentario
PAC003571,58,51.9,183,15.5,73,84,143,78,62,75,5.4,217,70,120,40,1.1,89,3.4,39.7,15.7,11,9127,8.6,4,2,4,8.7,3,F,no,ligero
PAC003572,57,45.9,155,19.1,70,88,102,82,81,76,5.1,181,61,117,40,0.79,112,3.5,14.6,11.3,4,7958,8.2,21,40,2,13.7,10,F,si,ligero
PAC003573,47,66.1,167,23.7,91,90,102,73,85,86,5.2,170,41,141,40,1.43,88,4.3,25.6,11.1,7,9592,7.9,13,17,1,12.8,7,F,si,activo
PAC003574,45,97.0,204,23.3,91,116,147,86,76,113,6.4,242,25,116,263,1.23,85,5.3,32.8,13.5,0,1082,8.3,30,0,2,16.1,9,F,no,ligero
PAC003575,32,53.6,159,21.2,60,118,139,73,67,84,4.5,252,100,115,73,0.86,104,2.8,17.9,13.8,11,12620,6.8,6,2,5,8.7,3,M,no,activo
PAC003576,73,95.6,144,46.1,95,107,167,106,76,113,6.1,232,56,168,136,0.49,77,6.6,42.5,17.8,3,1516,6.5,6,0,3,11.2,4,F,no,sedentario
PAC003577,18,61.4,161,23.7,73,82,131,80,100,81,5.0,178,69,75,89,1.08,72,4.5,19.4,10.8,6,8094,7.5,19,22,0,6.0,4,F,no,ligero
PAC003578,36,90.8,205,21.6,104,114,132,87,67,133,6.5,234,41,145,253,1.21,67,2.9,28.6,12.9,0,9772,10.2,7,7,1,11.0,8,M,no,activo
PAC003579,72,94.0,205,22.4,105,104,142,82,70,161,8.5,215,25,190,266,1.15,82,7.5,40.6,15.2,4,500,9.0,6,0,4,9.8,7,M,si,activo
PAC003580,38,86.0,165,31.6,70,96,127,93,67,93,4.3,172,51,90,119,1.23,85,0.2,40.6,15.0,11,12816,7.8,7,2,5,4.8,3,F,no,ligero
PAC003581,75,73.8,170,25.5,87,104,164,89,87,107,6.2,209,62,174,183,0.4,78,2.1,45.7,14.0,0,4241,8.0,12,0,1,11.7,9,M,si,sedentario
PAC003582,47,48.5,155,20.2,102,91,135,76,72,98,5.4,229,73,108,62,0.86,118,4.5,20.6,14.0,8,10823,8.3,26,7,3,4.6,4,F,si,sedentario
PAC003583,90,97.0,156,39.9,109,91,156,85,66,100,5.6,205,34,104,114,0.49,75,4.4,16.6,15.7,4,7437,5.5,0,26,2,16.6,5,F,no,sedentario
PAC003584,18,52.8,169,18.5,76,80,130,68,68,64,6.5,171,61,132,106,0.86,104,4.9,33.4,15.4,7,10798,8.0,0,0,8,10.3,0,M,no,activo
PAC003585,28,73.8,143,36.1,80,99,106,58,61,102,5.9,188,87,102,119,0.95,92,2.3,32.3,14.1,5,11561,7.7,0,0,7,4.5,5,M,no,activo
PAC003586,69,83.5,202,20.5,130,114,120,80,78,143,6.7,227,25,209,304,1.16,86,7.1,40.4,15.9,0,5245,7.8,0,3,0,8.8,4,F,si,sedentario
PAC003587,58,117.0,186,33.8,126,111,137,83,74,99,8.1,206,52,211,213,1.22,96,2.7,38.6,12.7,0,2547,8.7,5,4,2,11.0,9,F,si,activo
PAC003588,86,79.7,151,35.0,91,110,151,92,78,112,6.9,182,41,120,68,0.49,103,4.9,31.4,16.2,1,1903,8.7,15,18,3,11.8,7,M,no,activo
PAC003589,25,72.2,185,21.1,79,108,142,78,66,90,5.2,123,66,54,40,1.1,104,4.5,28.6,14.6,5,17057,6.4,0,17,4,6.7,3,M,si,activo
PAC003590,78,79.7,141,40.1,95,94,170,106,79,112,5.1,195,62,136,208,0.73,58,5.9,45.7,16.8,2,1985,9.3,1,12,3,13.7,6,M,si,sedentario
PAC003591,41,77.5,164,28.8,70,105,146,73,64,64,4.6,189,47,117,81,1.15,104,2.6,42.3,13.6,12,15318,7.9,4,0,4,4.5,4,F,no,ligero
PAC003592,54,80.9,140,41.3,107,79,143,94,74,89,5.2,247,49,145,174,0.4,76,4.2,13.3,19.0,3,4507,6.3,15,4,3,14.9,5,M,no,sedentario
PAC003593,44,73.4,143,35.9,105,98,133,60,91,79,5.2,205,66,141,87,0.6,106,1.8,30.9,13.9,7,3945,7.8,23,21,3,8.3,7,F,no,sedentario
PAC003594,27,87.4,174,28.9,69,105,103,72,90,74,5.3,162,83,134,149,1.29,113,3.3,7.2,9.7,3,8352,7.7,21,26,2,7.3,10,F,no,sedentario
PAC003595,18,65.8,162,25.1,71,98,108,58,65,64,5.6,192,64,63,91,1.24,106,0.1,46.4,14.9,3,12582,10.5,0,0,3,8.0,1,M,no,ligero
PAC003596,88,87.7,191,24.0,109,100,127,77,90,139,7.2,225,59,131,238,1.25,77,7.1,38.9,16.5,1,4612,9.2,14,1,3,13.9,9,M,no,sedentario
PAC003597,18,82.8,161,31.9,98,95,118,77,47,61,4.7,173,59,112,142,1.22,91,0.1,32.0,15.6,6,12933,8.0,0,0,6,4.4,8,M,no,ligero
PAC003598,55,91.9,144,44.3,119,113,153,89,71,73,5.3,178,39,116,128,0.9,57,6.2,43.7,18.1,2,3445,5.5,6,10,4,14.2,8,M,no,sedentario
PAC003599,48,72.4,150,32.2,73,97,106,64,61,85,6.5,168,76,61,80,1.25,130,3.2,44.9,15.6,9,11017,6.6,0,3,5,5.8,3,F,si,ligero
PAC003600,18,60.5,169,21.2,104,91,102,80,83,87,6.4,173,65,134,168,0.78,97,2.8,25.1,14.3,1,5038,7.8,14,23,0,9.8,6,M,si,ligero
PAC003601,23,63.7,158,25.5,75,90,122,77,74,84,5.2,157,64,153,40,0.91,111,1.9,25.5,8.7,6,5110,7.0,15,25,4,10.1,7,M,no,activo
PAC003602,29,71.0,167,25.5,95,103,120,85,93,78,5.5,160,59,119,81,0.67,61,5.1,5.9,11.4,3,9600,7.0,15,26,3,10.8,6,M,no,ligero
PAC003603,34,64.9,173,21.7,69,111,98,72,66,96,5.3,171,49,40,171,1.11,119,0.1,26.8,13.3,9,9771,8.4,9,0,6,2.0,2,M,no,ligero
PAC003604,45,55.0,168,19.5,84,103,103,77,64,97,5.5,186,50,174,130,1.26,120,3.3,25.4,14.2,10,8828,9.6,15,5,5,6.0,1,F,si,activo
PAC003605,37,53.4,154,22.5,108,98,114,73,85,93,4.0,171,61,77,121,1.05,117,1.9,21.2,12.1,5,2918,8.9,22,18,2,7.9,8,F,si,ligero
PAC003606,67,91.0,144,43.9,126,98,179,90,77,77,5.0,206,44,85,142,0.69,68,7.3,15.1,18.1,0,1462,6.4,30,12,2,13.4,6,F,si,sedentario
PAC003607,38,42.9,152,18.6,79,86,111,72,53,93,6.0,195,52,88,40,1.17,125,2.9,37.5,17.4,10,15970,7.0,5,3,3,7.6,2,M,no,sedentario
PAC003608,35,61.4,165,22.6,67,96,124,69,67,116,6.0,154,45,96,138,1.28,98,0.1,25.3,17.4,7,11237,8.0,11,0,4,7.5,3,M,si,sedentario
PAC003609,23,60.6,156,24.9,62,104,114,74,67,89,5.9,136,57,47,161,0.89,96,2.0,27.5,14.0,8,7572,8.3,0,2,3,8.4,4,M,no,activo
PAC003610,24,71.7,175,23.4,73,117,122,65,58,83,5.8,202,70,90,109,1.31,87,8.5,38.2,13.9,9,13790,7.7,1,0,6,6.3,3,F,no,sedentario
PAC003611,90,75.9,140,38.7,110,90,141,98,81,107,6.0,200,36,140,194,0.81,99,3.3,31.9,15.6,0,6949,5.8,10,8,2,17.7,8,M,no,ligero
PAC003612,18,60.6,164,22.5,81,96,116,75,58,97,4.1,163,61,81,50,0.88,88,0.1,49.1,14.9,8,16564,9.8,14,2,6,8.8,2,F,no,ligero
PAC003613,26,72.4,154,30.5,60,96,116,73,76,88,6.9,191,58,112,209,1.03,95,2.3,23.4,13.2,2,5780,8.6,9,23,0,10.0,9,F,no,ligero
PAC003614,59,117.0,199,29.5,110,96,133,77,77,125,7.3,258,30,190,170,1.16,30,8.2,33.8,15.4,2,3305,7.4,21,7,0,8.9,2,F,si,sedentario
PAC003615,23,65.5,158,26.2,68,100,126,79,79,131,5.2,151,56,40,47,1.04,79,6.1,34.6,11.5,7,7189,6.9,18,14,0,4.2,4,F,si,ligero
PAC003616,71,112.0,205,26.7,123,102,161,80,63,124,6.7,255,38,102,287,0.79,95,9.7,37.7,11.6,0,500,8.1,13,8,1,14.5,7,F,si,sedentario
PAC003617,18,55.5,155,23.1,86,94,132,50,60,70,4.0,194,58,117,166,1.01,78,2.6,35.9,15.2,7,12533,8.3,0,0,5,4.0,7,F,no,activo
PAC003618,18,59.3,173,19.8,76,92,104,60,74,113,4.0,147,52,136,81,0.79,105,0.1,35.4,17.5,5,15314,8.6,0,0,8,10.0,0,M,si,activo
PAC003619,18,88.7,160,34.6,87,86,121,72,80,88,5.1,242,53,146,66,0.81,110,1.3,17.3,11.8,2,9668,8.7,14,20,3,11.7,7,F,no,activo
PAC003620,26,60.1,164,22.3,80,102,128,73,75,94,5.0,157,73,124,40,1.0,85,3.7,11.9,8.5,3,7403,7.8,18,26,3,8.1,2,M,no,ligero
PAC003621,83,104.9,179,32.7,106,93,157,97,79,159,7.7,257,36,131,290,1.22,58,5.4,33.2,18.5,0,2678,8.2,0,7,1,5.6,6,F,no,sedentario
PAC003622,56,95.1,204,22.9,130,103,142,89,86,98,8.0,211,45,135,323,0.98,86,3.5,25.4,14.4,0,8489,10.7,15,2,1,15.5,6,F,si,sedentario
PAC003623,21,55.7,162,21.2,84,99,138,83,82,68,5.0,179,58,118,138,0.8,107,5.0,33.3,13.6,5,7896,7.6,32,11,3,11.5,10,F,no,ligero
PAC003624,34,84.5,167,30.3,60,89,97,73,69,73,4.0,155,58,123,106,1.2,123,0.1,30.6,16.3,12,12421,8.4,3,0,6,7.9,4,F,no,ligero
PAC003625,63,101.2,189,28.3,133,114,127,75,78,155,7.6,189,29,129,239,0.75,48,2.5,50.8,17.4,0,1547,10.1,20,17,2,9.6,4,F,si,ligero
PAC003626,90,101.8,149,45.9,128,112,160,111,79,84,6.0,234,60,143,175,0.48,74,3.5,42.8,19.0,1,6778,5.2,15,0,2,9.6,2,M,no,sedentario
PAC003627,36,80.3,147,37.2,70,99,129,74,95,108,4.6,154,48,143,141,1.56,97,0.9,32.6,12.2,2,13233,8.7,22,25,0,7.4,8,M,si,sedentario
PAC003628,18,64.8,168,23.0,90,106,90,64,78,85,4.6,150,27,65,40,0.99,85,2.4,34.7,14.8,8,10974,8.1,0,0,4,2.9,4,F,no,ligero
PAC003629,48,63.6,161,24.5,68,97,90,70,57,66,4.0,190,80,88,90,1.0,81,2.4,36.4,15.2,8,13422,8.9,10,5,6,2.0,3,F,no,sedentario
PAC003630,88,64.5,144,31.1,116,82,164,91,88,112,5.0,238,46,118,190,0.62,55,3.5,10.4,14.4,0,500,7.4,9,7,5,6.2,3,M,no,sedentario
PAC003631,41,66.1,158,26.5,95,95,110,71,73,81,5.4,196,58,127,97,1.33,92,0.1,29.5,14.9,8,11133,7.7,3,17,6,8.9,2,F,no,ligero
PAC003632,42,90.5,203,22.0,108,86,138,62,58,119,8.3,254,47,131,271,1.07,88,6.6,33.0,14.3,0,967,9.0,17,0,0,14.4,4,F,no,sedentario
PAC003633,18,72.1,176,23.3,90,92,111,73,76,70,5.3,156,57,92,141,0.78,114,0.1,46.2,16.4,8,12083,7.2,15,0,6,7.4,0,F,si,activo
PAC003634,29,65.9,148,30.1,77,94,99,70,84,113,4.0,205,47,106,176,1.11,74,1.4,33.7,14.5,5,14337,9.9,19,25,0,8.3,7,F,no,activo
PAC003635,46,82.9,160,32.4,113,97,110,67,94,97,6.0,152,60,111,40,0.71,89,5.6,13.8,11.2,6,8095,7.8,23,39,0,12.4,6,M,no,sedentario
PAC003636,18,75.2,153,32.1,84,86,106,71,100,112,4.2,162,62,112,51,0.79,102,4.6,29.4,12.8,5,8074,8.9,21,31,2,7.3,9,M,no,ligero
PAC003637,75,72.3,197,18.6,98,93,114,91,82,135,9.1,226,50,175,303,1.17,72,8.1,31.8,18.1,2,500,6.8,20,7,4,12.7,8,F,si,ligero
PAC003638,20,62.9,157,25.5,87,75,122,60,97,96,5.3,134,68,81,90,0.94,104,6.5,26.9,11.9,8,7168,7.0,23,31,2,7.4,5,F,si,ligero
PAC003639,20,70.6,157,28.6,87,102,117,74,94,89,6.6,162,31,138,109,0.55,93,9.5,18.1,11.3,0,7680,5.8,19,28,1,9.7,6,F,si,ligero
PAC003640,27,81.2,159,32.1,82,81,141,86,95,89,5.8,198,61,135,41,0.86,67,2.9,12.8,12.2,5,9990,8.7,24,24,3,9.3,5,M,no,ligero
PAC003641,71,73.9,150,32.8,79,93,157,105,77,92,6.8,230,52,163,154,0.4,63,5.9,37.6,14.8,4,5344,5.3,4,2,2,16.8,7,M,no,sedentario
PAC003642,78,85.3,203,20.7,134,83,121,84,76,90,7.4,207,25,134,249,1.25,83,6.4,39.4,12.4,2,4744,8.4,13,1,2,15.8,8,M,si,sedentario
PAC003643,28,78.3,140,39.9,82,81,116,80,77,83,5.7,216,63,118,100,1.13,92,0.1,29.1,11.5,3,10050,8.5,13,18,1,9.9,5,M,no,sedentario
PAC003644,27,73.1,160,28.6,60,94,108,78,75,93,6.5,192,57,90,161,0.93,110,3.4,8.3,11.1,4,8681,8.5,24,37,1,4.2,6,F,no,ligero
PAC003645,54,77.9,147,36.0,107,86,163,102,63,118,5.7,245,39,118,187,0.51,76,3.2,36.7,15.2,0,5083,6.1,8,3,0,12.0,10,M,no,ligero
PAC003646,18,63.7,149,28.7,88,93,111,57,47,65,4.8,185,51,78,95,1.3,110,2.3,34.2,12.5,4,13497,10.3,1,0,7,7.8,2,M,no,ligero
PAC003647,71,97.3,194,25.9,127,109,154,101,85,146,6.8,202,38,142,262,1.33,84,8.6,38.3,13.5,0,500,10.9,12,19,0,9.9,9,M,no,sedentario
PAC003648,18,68.5,175,22.4,80,97,117,89,62,95,5.1,216,63,120,94,1.16,119,2.1,43.2,14.4,8,13014,9.7,1,6,6,2.0,1,M,no,activo
PAC003649,28,69.0,173,23.1,89,102,115,70,61,88,4.3,207,81,93,133,1.08,77,0.1,43.0,14.7,8,10992,10.6,3,4,3,7.0,4,M,no,activo
PAC003650,70,78.4,156,32.2,98,94,157,120,76,108,5.9,214,39,163,196,0.43,82,6.3,35.6,17.0,3,1510,6.3,13,8,5,13.8,5,F,no,sedentario
PAC003651,38,80.9,167,29.0,78,88,110,83,91,85,5.7,184,72,142,108,0.78,77,4.0,25.7,12.5,4,5023,8.8,25,27,0,10.7,5,F,no,ligero
PAC003652,20,61.8,148,28.2,77,105,116,57,82,100,5.3,181,68,73,62,1.08,106,3.0,13.1,13.3,5,7303,8.1,26,32,2,10.9,9,M,no,ligero
PAC003653,85,60.7,152,26.3,88,91,186,96,75,123,5.5,251,58,99,181,0.7,63,6.3,40.7,17.2,1,5504,6.4,17,13,1,7.3,9,F,si,ligero
PAC003654,44,49.9,163,18.8,90,115,128,71,76,65,4.0,179,50,79,82,1.08,107,1.1,30.9,16.4,13,12982,7.1,5,2,3,4.7,2,M,no,sedentario
PAC003655,18,68.0,168,24.1,102,86,99,62,55,84,4.5,202,55,117,74,1.02,104,0.1,32.5,16.4,10,13434,8.4,0,5,7,3.6,2,M,no,ligero
PAC003656,79,72.6,142,36.0,110,100,164,94,75,84,5.3,210,26,136,182,0.4,74,4.4,39.7,13.9,5,4484,5.1,0,14,1,14.9,5,M,no,sedentario
PAC003657,23,78.4,144,37.8,93,101,122,80,84,104,4.5,207,46,86,93,0.63,88,1.6,21.7,10.7,4,9964,9.1,27,30,0,6.3,9,F,no,activo
PAC003658,18,68.7,160,26.8,98,84,132,67,89,60,5.5,168,40,82,137,1.06,110,2.7,26.2,12.4,10,8710,7.1,26,23,0,10.0,7,F,no,sedentario
PAC003659,21,63.7,166,23.1,74,100,112,63,73,69,4.9,190,59,62,98,0.86,101,2.6,24.4,13.0,3,14727,10.4,15,13,5,3.8,1,F,si,sedentario
PAC003660,28,62.0,150,27.6,96,95,90,64,76,85,4.0,225,62,144,129,1.18,94,2.7,32.7,14.4,9,13163,7.6,0,0,7,3.5,7,M,no,ligero
PAC003661,58,102.0,193,27.4,120,115,147,91,60,128,8.4,205,25,159,260,1.22,93,4.5,38.3,14.8,0,1221,9.2,10,5,0,8.0,10,M,si,activo
PAC003662,81,78.9,149,35.5,113,93,159,105,61,103,6.0,204,67,113,85,0.46,72,3.6,30.2,14.1,0,500,5.0,18,0,2,12.6,0,F,si,activo
PAC003663,30,57.8,151,25.3,80,95,126,82,84,84,5.7,208,77,154,54,0.81,88,0.1,5.0,11.1,7,11670,7.4,18,3,0,8.0,9,M,no,ligero
PAC003664,48,98.8,197,25.5,117,90,136,78,75,154,7.1,275,38,149,278,1.16,64,8.3,25.2,13.2,0,1989,10.9,29,1,1,13.5,9,M,si,ligero
PAC003665,23,55.8,171,19.1,77,102,133,79,76,82,5.0,218,52,155,40,0.99,111,0.1,27.6,11.9,3,10709,6.3,20,22,3,10.3,10,M,no,ligero
PAC003666,46,91.9,196,23.9,121,93,122,105,93,137,5.8,243,44,145,137,1.04,78,8.4,35.9,14.0,0,1035,8.2,0,15,2,9.6,5,F,si,sedentario
PAC003667,18,85.6,153,36.6,60,110,105,60,57,94,5.2,128,53,75,77,0.95,101,0.1,33.1,14.1,8,13623,7.0,7,1,6,9.3,5,M,no,activo
PAC003668,32,61.5,178,19.4,86,118,96,80,61,76,5.7,190,60,102,40,1.07,111,0.1,41.3,13.9,9,10687,9.2,3,0,3,12.1,0,F,si,activo
PAC003669,61,76.2,184,22.5,77,107,96,83,78,81,4.0,165,66,123,40,1.31,86,3.1,20.2,16.8,5,12028,7.9,1,5,8,5.8,1,F,no,activo
PAC003670,68,95.8,140,48.9,108,84,162,107,83,93,7.2,276,40,172,270,0.47,85,3.4,38.5,15.4,1,8535,6.1,12,0,3,12.9,9,F,si,sedentario
PAC003671,90,78.4,197,20.2,113,83,122,79,74,97,7.5,298,42,147,295,0.9,55,2.8,29.2,15.0,0,2937,8.4,4,7,0,12.4,8,F,si,sedentario
PAC003672,50,60.3,154,25.4,86,98,100,68,63,84,4.0,156,71,123,112,1.16,113,0.1,26.8,15.9,14,10758,6.5,2,0,5,4.2,3,M,si,sedentario
PAC003673,53,90.4,140,46.1,99,112,148,89,72,104,5.5,256,35,148,200,0.59,90,5.4,10.9,13.6,4,500,5.6,6,0,2,12.8,8,M,no,sedentario
PAC003674,77,86.1,189,24.1,111,121,139,88,67,136,6.9,243,25,190,275,1.13,75,7.4,38.2,13.5,3,2257,8.7,9,0,1,10.8,8,M,no,sedentario
PAC003675,18,69.5,187,19.9,88,99,99,70,73,71,5.3,171,64,100,134,1.17,116,0.2,44.1,14.3,9,15252,8.4,0,2,3,6.2,3,M,no,ligero
PAC003676,78,89.2,144,43.0,89,98,156,96,76,87,4.3,284,36,119,219,0.61,61,5.7,39.3,15.0,0,4084,4.0,7,0,0,13.4,7,M,no,activo
PAC003677,20,66.1,164,24.6,80,111,125,74,49,65,5.0,171,59,85,172,1.27,101,0.1,27.3,13.3,13,13879,6.4,0,2,8,4.1,1,M,si,activo
PAC003678,56,107.4,183,32.1,99,96,150,82,72,93,7.2,313,25,145,225,1.21,90,8.1,29.0,16.7,4,500,11.0,18,12,1,9.4,6,F,si,ligero
PAC003679,34,71.7,168,25.4,67,78,123,60,101,98,4.1,183,55,158,40,0.77,105,2.1,29.4,11.9,3,4972,9.9,15,26,1,10.2,8,F,si,ligero
PAC003680,82,87.0,145,41.4,82,81,142,104,70,137,5.4,285,42,131,230,0.4,51,5.8,46.4,16.9,4,4681,6.6,17,0,2,11.7,9,F,si,sedentario
PAC003681,18,40.6,167,14.6,82,130,111,83,56,117,5.0,165,72,116,40,0.9,89,0.9,55.2,14.2,14,8929,8.4,18,0,6,6.4,2,M,no,activo
PAC003682,20,75.4,174,24.9,78,110,109,80,77,86,6.5,200,70,136,156,1.0,128,2.5,14.7,11.0,6,5714,9.2,6,28,0,7.2,8,M,no,sedentario
PAC003683,18,49.3,158,19.7,87,84,118,69,68,83,5.2,210,69,118,96,1.0,99,5.9,19.3,9.6,4,10326,9.0,23,26,1,6.2,10,M,no,ligero
PAC003684,20,74.9,162,28.5,90,88,107,76,59,77,5.4,176,53,112,103,1.15,116,0.1,34.8,14.7,10,12999,7.2,2,3,8,7.6,3,F,no,ligero
PAC003685,46,60.8,168,21.5,100,92,112,68,53,77,5.2,150,84,109,75,1.01,112,2.1,45.4,14.3,6,11229,9.1,0,0,5,2.0,4,F,no,ligero
PAC003686,77,81.7,140,41.7,108,83,166,99,68,147,6.7,205,47,170,208,0.63,58,3.5,34.4,12.9,0,500,4.1,11,0,2,18.7,7,F,no,ligero
PAC003687,67,82.7,185,24.2,118,112,178,85,76,125,6.5,264,37,131,357,1.2,62,8.2,41.1,15.2,2,5232,8.7,16,10,1,10.4,8,F,no,activo
PAC003688,59,65.2,146,30.6,113,82,172,104,73,91,5.7,194,25,151,112,0.4,76,6.2,42.0,14.1,1,3283,4.7,15,2,3,10.8,5,M,no,sedentario
PAC003689,23,77.3,169,27.1,60,94,112,73,64,63,4.5,162,68,56,121,1.26,96,2.1,34.6,16.1,4,12032,8.0,9,1,4,3.4,3,M,no,ligero
PAC003690,34,67.2,161,25.9,95,80,120,79,67,90,4.9,182,75,90,69,0.92,109,1.1,38.3,15.6,6,11065,9.6,5,4,7,8.8,0,F,no,ligero
PAC003691,37,66.5,162,25.3,85,114,104,71,62,60,5.6,143,36,157,49,0.93,79,6.4,35.1,13.9,10,11926,9.3,7,3,5,5.1,3,F,si,ligero
PAC003692,39,96.6,201,23.9,129,107,133,91,59,124,6.9,260,26,159,334,1.27,81,7.3,52.3,14.2,0,500,9.4,4,2,3,9.3,10,F,si,sedentario
PAC003693,22,60.5,161,23.3,101,95,136,66,62,76,4.9,158,71,92,167,1.1,108,0.1,40.4,12.6,7,16481,9.2,12,0,3,7.6,4,M,si,sedentario
PAC003694,30,59.0,174,19.5,94,91,117,74,81,96,5.4,173,56,98,162,0.73,104,6.3,19.0,11.3,1,9790,9.3,20,25,2,8.9,9,M,no,sedentario
PAC003695,20,68.3,169,23.9,73,95,137,81,65,71,4.6,171,78,81,40,1.25,93,1.0,45.2,14.8,8,15319,8.7,0,0,2,3.8,3,M,si,sedentario
PAC003696,61,66.9,154,28.2,119,94,176,107,83,112,6.7,185,36,111,242,0.5,83,3.5,46.4,15.8,2,4107,6.8,10,0,2,10.8,8,M,si,ligero
PAC003697,33,73.7,164,27.4,77,88,107,63,60,112,5.1,182,65,93,106,1.19,119,0.1,40.2,16.2,6,14024,8.0,0,11,6,7.9,0,F,si,activo
PAC003698,76,86.5,140,44.1,88,97,164,109,80,111,6.1,238,53,143,168,0.7,86,4.3,19.0,16.7,2,5730,6.5,0,0,4,10.5,5,M,no,sedentario
PAC003699,88,69.9,181,21.3,120,103,116,90,84,142,7.1,205,45,175,210,1.23,51,4.2,42.1,14.2,0,2807,9.8,16,0,2,5.8,7,F,no,sedentario
PAC003700,25,59.8,162,22.8,69,124,90,91,75,99,5.2,178,67,76,235,0.82,92,0.6,16.9,12.8,8,11178,7.9,18,15,1,4.7,6,M,no,activo
PAC003701,78,75.9,145,36.1,110,105,180,115,72,116,6.1,234,39,123,108,0.46,75,1.2,35.4,13.8,0,5591,6.6,15,1,0,17.3,10,M,no,activo
PAC003702,79,77.4,193,20.8,118,92,134,80,92,137,6.9,260,40,138,269,1.32,69,8.4,24.4,15.4,0,6111,8.3,12,0,3,9.7,2,F,no,sedentario
PAC003703,60,80.9,157,32.8,114,83,151,107,68,96,5.1,224,43,145,199,0.4,58,4.9,38.0,16.6,3,500,5.9,9,4,3,16.1,4,M,si,ligero
PAC003704,61,68.8,158,27.6,107,86,157,108,80,109,6.5,201,37,110,128,0.65,59,7.6,28.3,16.6,4,6384,5.3,11,4,2,11.8,9,F,si,sedentario
PAC003705,41,93.7,164,34.8,88,87,130,70,71,87,4.0,151,36,120,117,0.67,112,5.2,41.0,11.2,4,9875,11.0,20,33,2,11.8,9,M,si,sedentario
PAC003706,64,98.8,190,27.4,133,95,139,85,67,128,6.6,268,25,160,231,1.53,78,4.5,29.3,15.9,0,500,9.5,13,6,1,8.8,9,M,si,ligero
PAC003707,70,105.7,140,53.9,108,101,165,102,85,79,5.6,257,48,103,285,0.83,83,8.4,37.7,16.7,0,1173,7.1,5,0,5,14.9,9,F,si,sedentario
PAC003708,90,85.0,149,38.3,107,126,160,86,75,119,6.1,204,55,155,216,0.4,78,1.7,32.3,16.1,0,5343,7.0,19,9,1,19.0,10,M,si,ligero
PAC003709,36,75.0,190,20.8,117,131,116,81,88,155,7.4,243,25,150,264,1.37,45,7.5,36.1,15.0,0,4165,8.7,13,0,0,13.1,9,M,si,ligero
PAC003710,18,82.3,156,33.8,97,83,123,60,82,60,4.4,150,58,52,208,0.94,94,3.5,26.8,12.4,3,11603,8.2,15,32,1,11.5,4,M,no,ligero
PAC003711,71,78.4,180,24.2,124,107,134,96,72,150,7.6,224,30,136,144,1.08,78,11.1,39.0,13.6,1,3699,7.7,9,7,3,12.6,7,M,no,activo
PAC003712,26,63.3,166,23.0,94,96,107,59,66,103,6.7,206,54,97,40,0.83,83,0.6,46.8,13.0,5,14700,8.7,0,0,7,3.6,3,F,no,sedentario
PAC003713,40,66.1,175,21.6,69,105,157,76,50,99,6.3,203,87,97,117,1.01,103,0.1,42.5,13.3,10,13415,7.4,2,9,6,6.0,1,F,no,sedentario
PAC003714,64,62.3,158,25.0,103,98,169,97,89,118,6.0,203,53,146,257,0.66,80,6.4,25.0,17.2,2,3483,5.4,17,1,2,11.4,8,M,si,ligero
PAC003715,90,74.1,145,35.2,105,102,157,115,74,118,4.8,168,42,120,166,0.51,44,6.0,23.4,17.2,3,500,7.1,11,12,4,17.2,7,F,si,activo
PAC003716,88,62.4,158,25.0,133,80,184,98,67,97,4.9,199,59,167,105,0.52,87,5.1,33.7,15.7,0,4051,5.9,13,0,2,11.8,4,F,no,ligero
PAC003717,63,74.7,204,17.9,119,103,140,71,87,118,8.8,191,37,145,184,1.45,62,6.3,42.7,17.1,0,2703,9.3,19,1,1,6.7,4,F,no,ligero
PAC003718,82,88.1,143,43.1,94,79,154,98,80,108,6.2,224,25,124,170,0.4,88,5.6,28.3,13.1,0,4731,5.6,12,0,2,15.5,7,F,no,ligero
PAC003719,18,72.9,172,24.6,64,89,122,74,61,119,5.0,131,87,93,40,1.22,85,0.9,18.0,14.9,7,11349,7.4,11,6,7,2.2,0,M,si,ligero
PAC003720,41,64.9,178,20.5,64,104,146,93,48,60,5.5,219,86,116,40,1.09,126,0.1,26.2,14.0,8,12745,8.8,0,4,5,4.4,4,F,si,activo
PAC003721,72,89.9,185,26.3,119,97,130,83,89,138,6.6,301,55,178,293,1.29,84,3.8,37.8,15.4,5,500,8.1,7,7,2,6.4,4,M,si,sedentario
PAC003722,84,105.8,185,30.9,100,107,150,85,65,148,6.7,230,45,89,237,1.13,78,6.8,34.2,15.3,0,5791,10.0,9,0,0,14.6,7,M,si,sedentario
PAC003723,36,64.5,170,22.3,95,106,115,72,71,74,5.5,191,85,104,61,1.35,113,2.1,36.6,13.1,9,14681,6.9,11,2,4,7.1,2,M,no,sedentario
PAC003724,65,63.0,140,32.1,96,100,155,96,78,100,5.1,157,52,105,190,0.7,77,5.7,39.4,15.1,1,7869,6.8,3,12,3,11.9,9,M,no,ligero
PAC003725,45,46.0,170,15.9,69,106,104,59,62,78,5.1,183,73,105,47,1.42,130,2.5,49.7,14.4,6,16601,8.1,0,12,8,5.2,4,F,no,activo
PAC003726,18,93.7,168,33.2,60,86,109,61,63,74,4.9,161,72,115,102,1.07,104,1.8,29.5,14.9,7,10434,9.0,12,10,7,8.1,0,M,no,sedentario
PAC003727,18,58.7,153,25.1,70,116,121,73,53,92,4.7,137,55,111,103,0.87,102,3.0,41.5,16.8,8,9782,8.5,3,7,3,6.7,3,F,no,sedentario
PAC003728,70,78.2,197,20.1,124,111,127,99,62,146,6.5,245,46,215,192,1.17,68,7.4,24.3,15.9,2,4013,9.1,21,6,2,11.5,10,M,si,sedentario
PAC003729,50,56.9,174,18.8,77,110,124,64,64,84,4.5,213,83,123,49,1.03,95,0.1,42.5,13.4,7,14753,8.8,0,3,6,11.9,3,F,no,ligero
PAC003730,23,40.0,151,17.5,75,110,102,66,58,61,4.3,212,71,84,48,0.95,94,0.1,19.7,12.3,11,11368,8.7,17,4,5,2.0,4,F,no,ligero
PAC003731,37,91.6,166,33.2,91,97,132,62,65,90,6.5,200,81,86,113,1.15,114,2.5,26.2,14.3,6,9011,8.0,1,0,7,5.0,7,M,no,sedentario
PAC003732,34,85.9,148,39.2,85,95,144,81,81,102,4.6,215,63,166,113,0.97,122,3.5,28.7,13.8,3,5743,7.8,17,29,2,10.1,8,M,no,sedentario
PAC003733,77,82.7,152,35.8,96,78,161,89,90,113,5.4,190,53,133,217,0.4,55,3.1,9.8,15.3,0,7884,3.1,0,7,3,14.4,9,F,si,ligero
PAC003734,53,95.4,192,25.9,109,115,146,80,83,116,7.5,184,25,104,215,1.12,57,6.7,50.1,15.0,1,6735,8.0,9,12,0,8.9,8,F,si,activo
PAC003735,48,59.9,169,21.0,75,112,96,62,61,60,5.5,173,64,86,40,1.06,106,0.8,42.4,14.4,6,12114,6.5,0,17,4,8.0,3,F,no,activo
PAC003736,18,81.4,163,30.6,65,119,104,72,75,75,5.9,163,80,40,40,1.02,115,0.9,39.1,18.9,12,9910,7.7,0,11,5,4.2,0,M,no,ligero
PAC003737,71,77.3,148,35.3,106,75,152,89,84,118,6.6,174,25,136,139,0.4,67,4.3,37.2,15.7,1,2803,7.8,11,14,2,17.8,6,F,si,sedentario
PAC003738,28,75.2,152,32.5,81,95,119,85,85,91,4.7,146,49,150,155,1.01,91,0.1,34.7,11.3,6,6444,6.3,22,20,1,8.7,7,F,no,activo
PAC003739,23,96.2,205,22.9,139,91,130,97,75,90,7.4,278,39,128,233,1.26,109,5.9,35.9,13.8,3,500,9.3,4,0,3,12.4,8,F,si,ligero
PAC003740,41,63.7,164,23.7,81,114,115,79,54,76,5.2,190,74,96,167,1.14,114,3.3,35.0,14.6,6,9996,7.5,0,0,5,5.4,0,M,no,activo
PAC003741,52,62.8,181,19.2,87,108,119,76,79,102,4.2,174,78,130,76,1.28,125,2.1,31.7,16.3,8,14551,8.5,4,0,6,5.4,3,M,no,activo
PAC003742,30,53.9,158,21.6,70,94,143,64,69,92,4.3,157,65,91,62,1.13,99,2.8,38.0,13.2,7,9905,6.5,0,15,4,11.0,5,M,no,sedentario
PAC003743,65,89.7,140,45.8,113,109,165,91,75,115,6.2,232,31,149,157,0.72,77,5.4,27.3,14.0,0,2268,6.2,16,10,1,9.5,8,F,si,sedentario
PAC003744,76,103.7,192,28.1,104,87,112,81,76,121,6.5,230,28,191,210,0.92,80,5.5,54.8,13.5,0,500,7.8,25,0,0,8.5,9,F,si,ligero
PAC003745,26,73.1,158,29.3,74,94,111,79,88,68,4.9,175,68,71,107,1.18,121,2.1,18.6,9.1,6,13520,7.7,5,29,2,8.8,7,M,no,ligero
PAC003746,18,76.4,157,31.0,92,95,105,75,70,73,5.7,189,64,125,73,1.04,121,2.8,14.4,11.6,5,10142,8.8,22,17,1,9.9,7,F,no,sedentario
PAC003747,34,79.7,168,28.2,105,109,110,70,88,103,5.9,208,62,112,138,0.63,117,3.3,29.1,10.3,3,9685,8.5,24,31,1,8.8,8,M,no,sedentario
PAC003748,63,62.1,166,22.5,71,102,94,61,72,96,5.1,151,69,82,73,0.69,121,2.6,30.5,15.8,7,16815,8.4,7,1,6,2.2,0,F,si,sedentario
PAC003749,54,89.9,140,45.9,94,89,155,107,62,101,5.2,198,37,85,56,0.51,67,3.7,25.6,17.2,2,500,7.8,6,6,2,11.2,9,F,si,activo
PAC003750,69,91.9,184,27.1,137,119,159,65,71,115,6.6,234,25,125,212,1.62,106,9.4,47.6,14.4,0,5840,8.8,8,7,1,12.8,10,M,si,sedentario
PAC003751,51,106.1,154,44.7,108,107,173,90,84,67,6.4,213,41,103,148,0.45,97,7.4,50.3,15.7,0,2972,6.7,3,0,0,12.1,9,F,no,ligero
PAC003752,18,73.0,152,31.6,83,86,110,84,81,109,4.9,198,34,111,104,1.4,82,5.2,36.4,11.7,3,11859,7.1,15,11,3,8.1,8,M,si,ligero
PAC003753,53,98.1,203,23.8,129,108,119,93,91,139,7.0,275,33,145,284,1.14,50,6.7,44.4,15.7,2,2873,8.4,1,3,2,12.2,10,F,si,ligero
PAC003754,51,60.0,161,23.1,84,90,111,77,57,97,5.7,156,62,63,140,1.1,86,0.1,42.2,14.2,10,17326,10.0,14,0,5,10.0,6,M,si,activo
PAC003755,41,54.1,157,21.9,101,114,111,95,65,97,4.5,200,61,104,110,0.96,99,1.1,32.7,14.3,6,17443,7.1,11,4,6,12.3,3,M,no,ligero
PAC003756,71,84.9,205,20.2,112,94,129,89,59,151,6.8,188,25,158,290,1.39,117,7.3,33.4,15.5,0,2539,9.1,9,13,0,9.7,8,M,si,sedentario
PAC003757,34,40.0,169,14.0,66,106,137,73,64,83,5.2,208,79,129,42,1.12,97,0.1,41.7,16.4,5,13607,8.0,0,0,8,3.0,5,M,no,activo
PAC003758,19,67.0,162,25.5,79,126,105,75,73,90,5.2,157,74,129,40,0.93,62,0.1,41.5,13.1,8,10258,7.5,0,1,4,5.3,2,F,no,ligero
PAC003759,18,44.1,173,14.7,70,106,123,70,61,88,4.6,168,67,156,100,0.89,116,0.1,31.7,16.8,9,13878,7.0,0,6,8,11.2,5,M,si,activo
PAC003760,18,59.1,168,20.9,99,93,96,75,45,96,5.0,185,84,114,110,1.32,89,4.8,24.8,13.0,11,12810,10.3,0,2,7,5.8,1,F,si,sedentario
PAC003761,24,66.7,147,30.9,89,95,100,83,73,84,5.9,174,70,130,64,1.0,104,3.9,29.1,13.3,9,5058,9.4,11,24,0,13.1,7,M,si,ligero
PAC003762,45,101.6,145,48.3,104,97,144,83,83,106,6.0,188,51,141,155,0.4,95,3.3,28.7,16.1,3,5021,5.3,17,10,4,11.8,7,F,si,sedentario
PAC003763,33,91.2,153,39.0,69,102,127,68,81,96,4.3,136,50,127,152,0.84,97,4.7,24.3,12.9,3,7395,9.5,22,29,4,4.1,5,M,si,ligero
PAC003764,82,89.9,176,29.0,103,100,133,95,78,113,5.7,251,39,150,336,1.22,97,8.3,33.2,14.5,4,3909,8.1,3,0,2,7.0,9,M,si,ligero
PAC003765,26,71.9,174,23.7,91,96,119,77,63,91,5.8,150,62,156,175,1.49,87,0.3,39.2,14.2,12,10978,8.9,2,0,6,7.6,2,M,no,activo
PAC003766,89,84.0,149,37.8,115,99,160,84,62,120,6.1,196,61,84,171,0.44,77,6.3,26.4,15.5,2,500,6.0,3,0,3,10.0,6,F,no,sedentario
PAC003767,71,87.1,140,44.4,112,107,149,108,77,93,5.4,235,36,172,217,0.44,85,7.5,24.9,15.8,3,4143,6.6,3,4,2,9.2,8,M,no,sedentario
PAC003768,72,105.3,140,53.7,100,91,152,108,72,97,4.8,158,48,151,131,0.4,78,5.5,26.4,15.5,6,1706,5.2,9,0,0,14.6,7,M,si,ligero
PAC003769,53,75.4,142,37.4,114,91,162,92,77,92,5.5,225,46,114,145,0.4,84,2.6,18.0,16.3,2,3774,7.9,6,0,1,8.9,8,F,no,sedentario
PAC003770,44,62.0,155,25.8,83,99,128,94,56,86,5.7,175,69,73,72,1.12,111,1.1,32.2,15.2,10,13110,7.0,6,0,5,5.5,3,M,no,activo
PAC003771,20,67.7,178,21.4,66,97,119,82,46,82,5.3,119,62,92,121,1.26,90,0.1,43.7,16.5,5,12282,8.4,7,8,4,4.0,2,M,no,ligero
PAC003772,47,71.3,140,36.4,87,95,128,67,83,124,6.5,179,55,105,202,1.09,123,4.8,26.3,12.3,7,10807,9.2,29,35,1,8.9,6,F,no,activo
PAC003773,68,77.8,201,19.3,108,99,158,67,60,136,6.0,286,41,148,322,1.04,102,7.3,37.5,14.3,0,958,8.1,7,6,0,14.3,4,F,no,ligero
PAC003774,29,52.4,157,21.3,67,83,92,80,76,69,6.0,168,68,134,167,0.8,109,4.9,22.4,10.7,5,7563,6.3,9,25,2,10.8,7,M,no,sedentario
PAC003775,39,85.5,166,31.0,92,106,113,75,65,92,6.3,159,70,41,44,1.34,104,0.7,32.8,15.9,8,9333,9.6,20,4,6,11.0,1,F,si,activo
PAC003776,87,75.3,205,17.9,124,101,137,91,60,128,7.0,279,47,169,297,1.11,54,8.0,54.8,15.3,0,638,10.1,18,0,0,10.5,8,M,si,sedentario
PAC003777,37,83.1,158,33.3,82,75,118,86,76,101,5.9,210,41,127,93,0.73,86,2.7,20.6,12.0,4,10623,7.7,22,26,0,3.5,4,F,no,ligero
PAC003778,18,74.3,166,27.0,86,96,121,69,83,85,4.6,151,64,112,138,1.28,99,3.6,39.3,11.8,7,11483,9.1,0,7,5,3.9,3,M,no,sedentario
PAC003779,18,59.2,166,21.5,94,108,137,72,90,92,4.8,220,43,116,102,0.93,112,4.8,30.7,9.7,8,6435,6.9,21,35,3,6.7,8,M,no,ligero
PAC003780,18,71.7,170,24.8,81,100,126,71,51,60,6.6,154,56,104,101,0.93,105,1.7,42.5,13.1,4,10872,8.7,0,0,5,6.5,2,M,no,activo
PAC003781,63,87.4,142,43.3,104,111,164,111,67,65,4.7,188,36,143,218,0.4,68,5.6,17.2,15.1,1,6421,5.8,11,0,5,13.0,10,M,si,ligero
PAC003782,37,82.4,147,38.1,61,137,128,52,74,103,7.1,175,52,119,194,0.47,85,7.9,36.6,12.1,8,5695,7.6,7,21,2,7.7,7,M,si,activo
PAC003783,57,126.6,205,30.1,118,106,150,103,66,126,7.0,208,40,127,315,1.22,74,6.3,40.0,14.1,1,5048,6.9,4,4,2,10.3,4,F,si,sedentario
PAC003784,78,102.2,201,25.3,113,101,134,89,73,105,6.7,267,25,178,283,1.41,72,7.4,25.8,14.2,0,3457,10.5,8,10,4,9.8,10,F,no,sedentario
PAC003785,27,58.4,146,27.4,87,111,106,75,67,82,5.6,198,67,115,77,0.78,103,6.5,28.8,11.1,7,9879,8.8,24,25,1,11.9,8,F,no,sedentario
PAC003786,49,72.0,149,32.4,102,93,105,75,58,75,6.1,157,67,64,109,1.27,100,1.2,24.9,13.6,10,15837,8.6,0,4,7,7.2,5,F,no,ligero
PAC003787,72,87.8,200,22.0,130,90,136,95,74,130,7.1,202,44,137,309,1.21,67,5.4,36.6,16.5,0,598,8.2,0,13,0,12.5,6,F,no,ligero
PAC003788,36,56.2,151,24.6,95,104,123,61,63,106,5.5,233,71,99,132,1.1,77,1.6,24.4,14.2,10,7811,7.1,8,8,7,9.3,4,F,no,ligero
PAC003789,29,65.1,163,24.5,86,99,119,72,98,111,4.9,196,56,116,176,1.24,105,0.7,21.0,12.9,7,10217,9.0,21,27,1,8.3,10,F,no,sedentario
PAC003790,18,74.3,159,29.4,89,93,127,87,67,112,5.0,161,34,153,139,1.07,101,3.9,5.0,10.1,5,3356,9.0,15,28,3,11.5,7,F,no,activo
PAC003791,26,53.1,164,19.7,84,89,112,58,81,69,4.5,212,65,135,109,0.96,89,0.1,24.1,13.0,4,6028,8.5,27,12,3,4.8,6,F,no,ligero
PAC003792,43,60.7,146,28.5,60,90,104,68,82,87,4.7,221,78,136,150,0.91,130,5.5,25.3,11.4,5,8523,7.7,23,36,1,8.0,8,F,si,ligero
PAC003793,67,88.0,205,20.9,119,91,136,95,75,120,6.0,251,42,115,248,1.4,77,8.2,42.5,15.5,1,947,10.1,17,3,2,9.8,7,M,si,ligero
PAC003794,32,62.5,170,21.6,68,94,97,59,63,109,4.9,173,96,124,209,1.19,117,2.5,34.7,12.4,5,8612,9.6,8,17,6,4.7,4,F,no,activo
PAC003795,19,48.1,150,21.4,89,95,96,61,71,90,5.5,163,63,153,145,0.69,69,3.1,19.0,11.1,3,3588,7.7,11,27,3,6.5,8,M,no,activo
PAC003796,57,70.2,148,32.0,90,107,139,90,92,96,6.4,257,47,146,182,0.68,104,4.4,39.9,14.7,0,8994,4.5,21,1,0,14.8,6,F,no,sedentario
PAC003797,78,69.9,140,35.7,117,104,155,102,88,65,6.9,222,49,94,187,0.57,79,5.5,37.2,16.8,0,500,5.8,6,13,1,13.0,10,M,no,sedentario
PAC003798,58,65.5,179,20.4,95,105,125,95,79,139,6.8,271,58,175,408,1.07,63,8.0,32.6,13.5,0,500,11.0,11,16,4,12.3,5,F,no,sedentario
PAC003799,68,105.4,201,26.1,106,104,151,80,63,142,7.5,228,26,192,254,1.12,86,9.3,37.7,17.1,0,1514,7.4,9,5,0,14.0,8,F,si,activo
PAC003800,70,81.4,140,41.5,82,107,155,108,69,89,5.1,208,52,101,233,0.49,80,5.6,40.7,15.3,0,7460,4.4,6,0,3,15.2,10,F,si,ligero
PAC003801,73,118.5,197,30.5,113,105,131,99,82,181,8.2,266,30,167,261,1.04,73,8.7,24.7,13.6,3,3871,8.4,7,7,2,12.4,6,M,no,sedentario
PAC003802,73,112.7,189,31.6,112,111,135,78,91,135,6.0,261,46,112,235,1.08,62,7.6,43.4,15.1,0,5261,7.5,28,4,0,8.5,6,F,no,ligero
PAC003803,57,71.9,140,36.7,83,86,163,100,85,107,6.0,217,34,123,168,0.44,59,5.7,36.9,17.1,0,7729,7.0,22,12,1,13.8,7,M,no,sedentario
PAC003804,77,96.1,152,41.6,126,93,165,115,93,81,6.5,197,46,98,161,0.4,90,5.2,27.1,14.2,5,6748,6.4,11,23,5,9.0,5,M,si,ligero
PAC003805,45,57.5,178,18.1,84,106,127,76,73,98,5.3,181,70,112,95,1.06,76,1.0,33.3,13.2,6,15835,7.5,0,7,5,8.4,2,F,no,sedentario
PAC003806,29,59.7,173,19.9,84,96,120,70,45,85,4.2,190,47,128,133,1.1,93,0.1,53.1,15.1,8,15003,7.7,0,9,7,2.1,5,F,no,ligero
PAC003807,18,73.5,153,31.4,74,85,126,79,59,81,4.2,201,51,55,51,1.24,71,0.7,31.5,13.7,10,14519,7.8,13,3,6,6.2,3,F,no,activo
PAC003808,22,76.5,161,29.5,74,107,90,70,60,92,5.1,192,77,113,227,1.05,114,0.1,30.9,15.3,6,13396,8.8,20,0,3,7.5,1,F,si,activo
PAC003809,68,92.4,202,22.6,103,92,138,90,80,120,6.5,225,35,144,304,1.08,36,5.1,43.1,13.3,2,4140,7.9,8,0,0,6.7,8,F,si,sedentario
PAC003810,18,72.8,152,31.5,90,82,106,71,91,92,5.8,163,66,143,61,0.83,91,7.0,46.9,10.8,9,6339,6.0,21,31,3,7.9,6,F,si,ligero
PAC003811,21,51.5,164,19.1,70,88,101,73,52,71,4.3,200,68,97,68,0.74,80,2.3,41.7,16.7,11,15478,9.9,3,4,3,6.9,3,M,no,sedentario
PAC003812,24,59.0,157,23.9,83,106,103,73,66,87,5.9,198,72,56,123,1.03,128,0.1,39.8,15.4,9,6076,8.2,0,0,5,6.5,5,F,no,ligero
PAC003813,82,100.8,182,30.4,116,95,152,80,78,128,6.1,231,42,160,151,1.12,72,4.7,29.8,15.4,0,832,9.3,11,0,4,10.3,9,F,no,sedentario
PAC003814,18,69.5,164,25.8,83,94,127,74,82,111,4.8,215,43,113,230,0.79,83,2.5,28.5,11.3,4,9132,7.4,15,12,0,13.9,6,F,no,ligero
PAC003815,68,90.4,140,46.1,101,90,136,91,88,83,6.0,265,37,143,123,0.64,76,0.1,29.9,17.0,6,500,7.1,10,0,2,7.8,6,F,no,activo
PAC003816,59,101.3,205,24.1,103,106,137,81,74,119,7.8,283,32,181,211,1.07,85,3.9,36.8,16.5,0,9503,8.9,13,0,1,11.5,9,F,no,sedentario
PAC003817,53,70.8,145,33.7,120,100,163,102,83,88,5.4,218,42,128,177,0.66,100,8.4,27.3,15.7,0,9408,8.2,12,6,2,16.0,9,F,si,ligero
PAC003818,43,89.7,168,31.8,71,97,126,80,85,82,5.7,144,77,105,94,0.85,77,0.3,22.8,9.4,7,8476,7.9,31,25,1,9.8,8,M,si,ligero
PAC003819,29,55.7,149,25.1,79,94,124,83,87,84,6.7,184,56,125,137,1.19,78,0.2,7.7,14.9,2,7566,7.9,15,34,1,9.6,7,F,no,ligero
PAC003820,69,89.7,145,42.7,84,83,147,95,78,80,5.0,237,45,104,159,0.4,82,3.6,48.5,16.8,4,4011,6.9,7,3,2,12.5,9,M,no,ligero
PAC003821,68,110.9,184,32.8,111,99,143,88,98,160,7.5,243,47,120,206,1.27,75,9.5,23.3,17.0,0,8238,8.2,0,0,0,10.4,8,M,si,ligero
PAC003822,18,98.9,160,38.6,82,109,96,71,47,89,4.0,188,64,61,40,1.45,97,1.5,30.0,11.8,8,16975,9.0,2,8,8,5.5,6,F,si,ligero
PAC003823,46,97.8,196,25.5,117,93,132,91,82,105,7.2,195,48,165,349,1.39,75,9.3,36.5,16.1,2,4064,9.0,15,16,0,13.4,6,M,si,ligero
PAC003824,18,69.9,172,23.6,60,105,97,78,71,96,5.7,163,73,68,138,1.14,98,1.0,33.7,15.5,8,16212,9.7,0,0,7,7.7,4,M,no,activo
PAC003825,27,103.7,202,25.4,114,129,134,82,73,126,8.2,248,25,167,292,1.25,69,4.4,22.6,18.7,0,1068,9.6,9,17,1,10.8,9,F,si,ligero
PAC003826,65,76.7,153,32.8,103,94,145,93,70,79,5.2,186,34,175,229,0.4,90,5.2,23.8,15.8,0,1680,7.3,20,3,0,9.1,10,M,no,sedentario
PAC003827,18,76.4,179,23.8,70,103,126,74,69,74,5.0,193,55,85,93,1.32,108,0.1,17.2,14.2,7,10465,9.1,0,0,7,9.5,4,F,no,ligero
PAC003828,62,85.9,140,43.8,89,118,126,103,77,92,5.4,212,35,113,121,0.78,69,5.8,40.4,15.1,2,8310,7.8,7,0,0,7.3,7,F,si,sedentario
PAC003829,24,66.0,154,27.8,75,84,120,91,77,109,4.9,184,61,66,148,1.09,102,4.1,18.1,12.0,4,7494,6.5,18,31,1,9.8,3,M,si,ligero
PAC003830,64,111.5,205,26.5,140,85,139,71,77,136,7.3,249,26,162,316,1.04,53,5.9,39.6,12.8,3,2962,9.2,0,0,2,8.3,1,F,si,sedentario
PAC003831,56,65.7,151,28.8,79,94,144,99,73,73,5.7,218,45,135,125,0.4,91,4.0,43.7,14.0,5,2850,4.6,6,0,4,18.8,8,M,si,ligero
PAC003832,54,67.4,197,17.4,129,114,139,103,83,121,6.8,212,32,175,249,1.21,72,2.0,48.7,15.4,1,500,8.8,4,3,2,8.3,5,M,si,sedentario
PAC003833,66,100.3,205,23.9,144,119,140,86,81,155,5.9,237,34,196,223,0.91,73,10.6,36.0,15.4,5,2013,10.0,4,18,3,11.0,7,M,no,sedentario
PAC003834,44,122.1,205,29.1,111,111,146,96,58,152,7.2,250,37,175,221,0.95,101,7.9,36.5,12.2,1,3524,11.0,12,11,1,12.2,7,F,no,ligero
PAC003835,72,76.0,201,18.8,142,113,131,101,87,141,5.6,244,29,215,174,1.09,74,5.1,29.1,15.8,3,5617,8.0,22,0,2,14.0,7,M,no,sedentario
PAC003836,18,70.9,181,21.6,88,99,125,61,80,107,6.6,162,53,107,80,1.27,93,5.4,39.8,10.8,3,3865,7.3,17,35,1,10.1,10,F,no,ligero
PAC003837,65,104.6,155,43.5,87,113,155,96,76,88,6.8,249,44,167,155,0.49,73,5.0,27.9,15.4,0,5764,5.6,5,0,1,10.7,10,M,si,sedentario
PAC003838,23,77.0,174,25.4,85,98,132,68,65,92,4.8,158,72,117,82,1.19,123,3.9,32.1,14.3,12,11813,9.1,7,1,8,8.6,5,F,no,sedentario
PAC003839,78,88.1,140,44.9,119,103,182,111,60,132,5.6,245,32,162,199,0.8,66,5.6,36.9,16.2,0,7383,5.8,13,12,3,14.2,6,M,si,sedentario
PAC003840,80,73.5,158,29.4,101,113,164,95,90,111,5.4,246,44,149,240,0.78,75,6.1,20.3,17.3,2,500,6.4,2,8,4,13.7,7,F,si,sedentario
PAC003841,79,108.7,140,55.5,78,96,130,97,102,89,4.4,215,43,184,161,0.59,75,5.9,44.8,15.5,3,1188,3.9,6,1,2,11.1,6,F,no,sedentario
PAC003842,57,108.4,203,26.3,110,102,148,93,83,133,8.0,250,51,135,349,1.36,64,4.3,30.2,14.3,4,3881,9.4,1,11,2,11.3,6,M,no,sedentario
PAC003843,36,91.3,158,36.6,81,95,92,71,83,91,4.4,117,57,100,98,1.07,96,3.2,15.4,10.4,11,8897,7.8,13,14,1,5.4,6,F,no,sedentario
PAC003844,56,87.2,140,44.5,109,89,146,104,82,101,8.2,207,36,139,228,0.64,75,5.5,26.3,16.2,0,6502,6.4,14,5,0,10.6,5,F,si,sedentario
PAC003845,43,79.2,156,32.5,70,103,119,76,81,88,5.6,152,33,121,60,0.99,94,4.9,23.4,13.0,3,10845,8.6,14,19,4,9.4,10,F,no,ligero
PAC003846,74,103.0,140,52.6,99,86,144,105,69,111,5.0,184,34,165,226,0.57,85,4.7,43.7,17.6,0,5352,6.2,10,1,0,16.8,10,F,no,activo
PAC003847,62,81.3,145,38.7,118,112,146,105,81,131,6.4,206,59,112,185,0.4,54,7.2,13.0,15.4,3,8777,3.7,4,0,3,15.4,9,F,si,ligero
PAC003848,70,112.5,188,31.8,111,90,144,83,72,118,7.0,250,51,126,254,1.0,55,10.1,33.2,13.5,0,2157,9.9,1,0,1,10.2,6,M,si,sedentario
PAC003849,40,83.6,145,39.8,60,101,132,73,70,60,6.1,154,83,100,52,1.13,83,0.1,24.6,15.4,5,10496,9.7,0,0,4,3.7,5,M,si,activo
PAC003850,85,96.5,152,41.8,87,99,161,83,74,109,6.2,250,56,122,292,0.4,74,5.3,19.0,15.8,0,4481,8.7,13,2,1,11.8,9,M,no,ligero
PAC003851,55,98.5,149,44.4,102,96,168,98,78,118,5.9,219,36,138,130,0.4,70,4.0,30.2,16.1,0,3408,5.1,28,0,0,14.3,4,F,no,sedentario
PAC003852,43,80.7,147,37.3,115,106,147,101,87,115,5.8,271,43,129,145,0.56,106,7.9,27.8,18.7,6,6654,7.3,3,8,4,13.4,7,M,no,sedentario
PAC003853,18,83.8,171,28.7,91,78,160,74,54,87,5.7,200,60,83,134,0.92,96,2.7,48.0,16.4,6,11062,9.0,5,0,6,9.1,0,M,no,ligero
PAC003854,22,50.9,162,19.4,78,100,125,83,92,98,5.9,177,57,116,69,0.85,100,1.1,22.4,12.5,4,11006,7.0,17,32,1,11.4,7,M,no,sedentario
PAC003855,75,80.6,158,32.3,117,94,150,99,73,116,5.6,261,44,169,159,0.54,92,0.6,29.4,17.6,0,5281,8.3,7,8,0,11.2,5,F,si,activo
PAC003856,75,71.9,140,36.7,115,85,148,98,80,115,6.0,241,51,147,172,0.54,57,0.1,40.8,17.2,4,2716,4.0,6,15,3,15.0,4,M,no,sedentario
PAC003857,22,61.4,149,27.7,97,107,116,68,74,92,5.4,231,64,116,132,1.13,86,2.9,29.2,10.1,2,10065,8.2,17,27,3,6.1,4,M,no,ligero
PAC003858,18,77.7,156,31.9,96,82,96,65,85,75,5.6,202,75,116,40,0.98,106,1.1,25.9,11.8,4,10491,6.9,17,21,0,11.3,10,F,no,activo
PAC003859,30,65.5,163,24.7,101,128,119,68,71,121,5.5,181,25,104,40,1.03,111,7.1,37.7,14.3,8,12000,6.6,7,0,6,11.5,3,M,si,ligero
PAC003860,47,116.2,140,59.3,102,84,176,76,99,101,6.1,215,52,146,199,0.78,59,4.5,37.1,15.0,2,1591,6.3,18,9,4,13.4,7,F,si,sedentario
PAC003861,88,109.1,147,50.5,95,109,148,92,84,108,6.0,262,25,148,240,0.51,61,0.2,19.2,15.7,1,500,5.7,2,5,3,17.9,3,F,si,ligero
PAC003862,52,97.4,203,23.6,120,109,143,76,72,116,5.9,243,31,180,256,1.37,94,4.5,33.3,16.1,0,500,9.3,17,4,2,17.5,4,M,no,sedentario
PAC003863,90,104.4,190,28.9,133,105,113,95,91,121,7.2,283,44,198,192,1.25,83,3.6,16.8,13.4,0,2184,9.0,8,0,1,9.4,8,M,no,ligero
PAC003864,79,94.9,152,41.1,85,99,172,96,84,82,6.8,199,39,153,128,0.44,71,8.1,40.1,16.4,2,5789,6.2,10,6,4,15.1,5,M,no,sedentario
PAC003865,68,103.3,187,29.5,130,105,124,80,75,114,7.2,240,40,126,291,1.34,94,3.1,43.9,14.9,0,10120,9.9,17,0,3,10.1,9,M,si,sedentario
PAC003866,49,78.2,177,25.0,101,96,117,85,76,71,4.7,183,66,71,40,1.02,109,1.2,28.5,14.5,6,14155,9.8,10,0,6,4.2,4,F,no,activo
PAC003867,66,107.8,196,28.1,110,98,126,84,72,147,7.0,203,25,127,313,1.09,50,7.5,30.7,11.8,0,500,9.5,13,3,2,13.8,10,F,no,ligero
PAC003868,41,76.6,161,29.6,78,110,114,84,69,90,4.0,189,60,106,127,1.26,107,6.6,39.0,12.2,9,11183,11.0,0,0,3,7.3,1,M,no,activo
PAC003869,18,79.2,157,32.1,78,75,108,85,81,108,4.5,220,72,72,91,1.09,97,1.2,26.8,10.7,6,2982,10.0,23,29,2,7.8,7,F,no,sedentario
PAC003870,63,89.3,140,45.6,109,114,152,87,72,112,6.3,273,58,100,145,0.43,81,6.1,36.7,13.3,1,4150,6.5,19,16,1,13.9,6,F,si,activo
PAC003871,66,76.1,205,18.1,117,94,160,86,81,133,5.8,243,39,197,202,1.3,94,6.8,43.9,13.7,1,500,9.5,15,7,0,13.6,7,F,si,sedentario
PAC003872,41,61.9,170,21.4,93,119,118,75,76,109,4.8,197,85,104,114,1.2,110,1.1,44.7,14.6,6,10025,7.7,4,3,4,9.1,5,M,si,ligero
PAC003873,83,78.9,140,40.3,88,91,148,101,90,73,6.2,218,42,93,231,0.86,85,3.0,51.0,17.5,0,4051,6.4,20,3,5,12.2,6,F,no,ligero
PAC003874,34,70.3,159,27.8,88,77,123,73,82,84,5.3,149,66,123,95,0.97,90,2.9,16.9,12.6,5,10187,8.7,16,29,2,7.9,7,F,si,ligero
PAC003875,32,86.7,175,28.3,96,99,95,69,57,86,6.0,182,45,116,40,0.98,109,0.1,44.2,15.0,9,8064,8.1,12,19,4,5.1,3,F,no,sedentario
PAC003876,81,59.7,151,26.2,100,104,142,86,83,101,6.3,225,61,184,228,0.64,41,5.1,41.8,15.8,0,2794,5.3,0,0,2,14.1,4,M,no,ligero
PAC003877,67,61.9,146,29.0,118,110,144,98,88,102,5.2,232,41,162,185,0.64,108,0.1,28.2,15.5,3,3567,5.0,5,8,2,13.0,9,M,no,sedentario
PAC003878,55,62.8,146,29.5,71,91,137,57,58,65,5.4,168,77,76,155,1.17,105,1.3,31.7,16.6,11,14761,9.4,0,9,7,8.6,0,F,no,activo
PAC003879,18,55.3,165,20.3,86,89,124,74,79,86,4.0,239,58,77,40,0.91,76,2.7,5.0,11.0,10,2799,6.5,19,22,1,9.7,5,M,no,sedentario
PAC003880,71,88.4,188,25.0,115,98,138,84,67,148,7.6,206,25,135,174,1.26,77,5.6,30.3,12.4,0,5426,9.7,18,8,2,12.7,6,M,no,sedentario
PAC003881,75,107.3,140,54.7,101,125,177,101,76,92,5.4,249,40,194,229,0.77,84,7.4,31.6,14.7,0,3189,6.1,7,10,3,10.7,9,M,no,ligero
PAC003882,68,74.8,140,38.2,114,96,155,106,73,102,6.6,193,54,124,197,0.4,110,5.1,28.8,14.9,7,2802,5.4,11,12,2,16.7,4,F,si,sedentario
PAC003883,18,66.2,159,26.2,99,82,108,62,75,132,5.8,168,66,120,40,0.94,90,0.9,37.9,12.0,5,11545,8.2,12,30,2,8.7,10,F,no,ligero
PAC003884,70,97.6,179,30.5,114,112,141,86,85,115,6.5,265,55,208,347,0.98,79,5.9,21.1,14.8,0,3708,9.8,6,7,0,7.6,9,M,no,ligero
PAC003885,23,48.1,177,15.4,107,93,114,59,57,94,5.5,191,60,90,136,1.11,113,1.4,30.0,13.4,9,14617,8.4,10,0,5,8.3,0,F,no,ligero
PAC003886,50,77.4,153,33.1,106,94,155,86,82,99,5.3,192,44,196,73,0.77,67,5.2,33.4,14.3,4,4004,6.2,15,1,1,14.4,5,F,si,sedentario
PAC003887,39,89.3,163,33.6,82,114,90,67,63,102,5.0,167,74,126,102,0.94,109,2.3,37.4,17.4,9,15304,9.3,0,0,7,8.7,4,F,no,ligero
PAC003888,78,94.7,147,43.8,111,110,136,105,93,99,7.1,190,61,78,225,0.41,73,4.0,42.2,16.3,0,1757,5.9,10,8,4,13.2,5,F,no,ligero
PAC003889,19,51.9,155,21.6,79,107,123,68,54,104,5.5,205,62,101,102,1.15,88,1.3,26.2,15.8,10,16487,7.6,0,8,3,2.0,5,F,no,ligero
PAC003890,23,74.0,161,28.5,61,112,125,73,76,107,5.3,178,81,72,51,0.92,104,0.1,51.3,14.3,7,9261,7.5,6,0,6,6.3,0,M,si,sedentario
PAC003891,18,40.0,147,18.5,83,99,107,68,91,94,4.3,218,50,127,208,0.52,89,4.1,25.6,11.9,4,9944,6.3,17,15,0,6.4,3,M,no,sedentario
PAC003892,85,67.0,153,28.6,105,113,153,96,72,114,4.4,203,45,151,104,0.7,68,3.0,31.0,16.9,3,7102,4.6,2,0,3,11.9,5,M,no,ligero
PAC003893,36,82.4,160,32.2,82,107,130,95,51,93,5.5,153,84,103,40,1.29,106,3.5,37.5,14.6,15,16843,8.4,2,1,5,6.7,2,F,si,activo
PAC003894,76,88.7,145,42.2,97,107,157,85,66,83,6.5,223,40,214,153,0.41,53,4.0,33.3,15.7,1,2677,4.9,12,0,0,15.1,9,M,no,sedentario
PAC003895,59,89.0,205,21.2,118,91,126,82,85,137,6.7,199,29,142,283,1.29,80,4.5,49.9,12.6,0,5522,7.2,8,10,1,11.6,7,M,si,ligero
PAC003896,73,78.8,160,30.8,100,75,184,105,88,103,5.3,269,45,140,189,0.88,66,9.1,32.4,17.3,2,6039,7.4,16,11,3,10.9,6,M,si,ligero
PAC003897,22,80.6,148,36.8,99,105,141,71,90,99,5.0,154,71,117,155,0.9,106,1.9,5.7,14.3,6,10037,6.2,25,32,2,10.5,6,M,si,sedentario
PAC003898,18,61.7,173,20.6,77,90,128,54,65,62,4.4,141,89,98,93,1.25,109,2.2,26.5,14.1,10,17186,7.7,0,0,8,9.1,4,M,si,activo
PAC003899,28,60.0,148,27.4,86,101,90,71,45,84,5.0,118,58,128,222,0.83,106,0.1,44.2,15.8,6,17237,9.2,0,0,6,6.2,6,M,si,activo
PAC003900,59,119.5,190,33.1,104,95,158,99,86,127,6.9,224,25,123,147,1.23,61,11.9,22.1,14.2,1,9700,7.6,12,8,1,10.7,7,M,no,ligero
PAC003901,77,75.3,144,36.3,109,90,141,96,89,110,5.5,244,66,145,170,0.56,68,6.4,49.6,12.7,2,4447,5.7,5,15,0,13.0,8,F,si,sedentario
PAC003902,67,87.8,141,44.2,107,110,180,94,98,130,5.3,237,33,157,235,0.83,68,2.9,19.8,16.7,3,1419,5.4,17,0,3,9.8,7,M,si,activo
PAC003903,59,76.5,190,21.2,134,100,128,83,81,150,8.0,247,58,169,293,1.16,77,5.7,37.5,14.9,0,4554,8.4,7,6,1,9.3,8,F,si,sedentario
PAC003904,59,100.9,186,29.2,114,103,164,69,73,121,7.1,254,25,121,226,1.33,87,8.8,32.2,16.4,4,5821,8.5,9,3,1,9.6,10,F,si,sedentario
PAC003905,18,73.1,150,32.5,85,95,130,82,70,83,5.7,153,72,90,197,0.71,120,5.5,16.3,13.2,1,10318,9.5,14,30,3,12.5,6,F,si,sedentario
PAC003906,20,60.0,170,20.8,92,92,109,66,84,88,5.2,198,60,164,61,0.77,130,0.1,16.4,11.3,7,500,7.1,19,11,2,11.8,5,M,no,activo
PAC003907,18,59.5,156,24.4,72,86,113,65,59,112,5.8,165,64,113,116,1.07,95,2.4,30.7,14.4,13,15507,7.9,6,0,5,11.8,2,M,no,activo
PAC003908,81,113.7,163,42.8,120,95,140,83,65,80,5.6,211,30,96,263,0.82,62,4.5,38.5,14.5,4,4592,6.1,14,9,3,14.8,8,M,no,ligero
PAC003909,67,110.6,145,52.6,92,91,171,93,78,103,5.6,257,26,148,215,0.4,90,4.3,50.1,17.1,0,2355,6.0,11,2,3,11.4,6,M,si,ligero
PAC003910,70,88.4,200,22.1,103,90,132,67,84,119,6.2,226,33,184,333,1.38,84,8.5,39.6,15.2,0,10872,7.9,14,6,0,9.4,4,M,si,ligero
PAC003911,21,84.5,158,33.8,86,96,127,73,68,102,5.4,165,67,93,93,0.88,55,6.1,30.3,13.3,4,7842,7.4,21,13,2,10.2,8,M,no,activo
PAC003912,30,45.6,156,18.7,81,106,110,66,69,76,5.2,128,82,95,61,1.16,130,1.8,37.8,15.8,7,11311,8.9,1,0,4,8.6,2,M,si,ligero
PAC003913,71,76.3,140,38.9,96,106,182,99,69,92,5.7,224,59,143,80,0.4,72,3.4,13.2,14.7,0,3211,5.1,2,4,4,8.9,9,F,si,sedentario
PAC003914,43,104.0,193,27.9,114,127,140,87,83,114,6.2,241,37,113,240,0.78,87,6.8,28.0,15.6,0,5394,8.6,11,0,1,9.9,9,F,no,ligero
PAC003915,60,90.5,193,24.3,121,105,142,88,86,127,7.4,217,34,107,298,0.96,87,8.1,50.3,14.1,0,794,8.2,4,8,0,13.3,9,M,no,sedentario
PAC003916,59,85.5,152,37.0,114,93,170,100,77,119,6.8,228,60,108,232,0.4,64,2.2,30.4,16.7,4,2354,6.2,19,5,2,8.7,9,M,no,ligero
PAC003917,90,76.2,199,19.2,112,98,137,88,81,125,7.0,240,45,168,394,1.34,74,6.7,48.6,15.6,1,7875,7.4,1,1,0,11.3,7,F,si,ligero
PAC003918,39,88.4,145,42.0,108,100,178,114,67,130,5.2,252,43,131,181,0.4,61,4.9,32.8,16.6,0,1222,8.9,1,0,4,14.3,3,F,si,sedentario
PAC003919,18,62.1,159,24.6,95,92,125,81,80,66,5.8,133,64,53,62,0.8,110,7.0,28.4,13.3,5,10053,8.7,3,27,2,11.4,10,M,no,ligero
PAC003920,83,72.1,158,28.9,117,101,161,87,69,95,6.9,203,43,130,114,0.4,69,4.5,22.3,14.0,0,500,5.8,2,0,4,11.4,7,M,si,sedentario
PAC003921,35,42.1,178,13.3,69,112,97,79,53,82,4.2,222,57,124,107,0.89,84,6.0,33.7,12.5,12,7355,8.6,10,0,4,8.6,2,F,no,activo
PAC003922,87,104.3,196,27.2,100,101,109,99,78,122,7.7,252,47,167,235,0.99,92,5.0,33.4,14.4,3,4504,10.2,1,7,2,11.5,8,F,si,sedentario
PAC003923,60,70.2,140,35.8,79,101,151,86,66,107,7.1,253,32,142,80,0.4,82,2.4,30.1,16.6,2,5797,7.6,8,10,1,13.5,5,F,no,activo
PAC003924,30,42.9,167,15.4,77,104,113,79,58,90,5.1,163,34,83,40,1.17,98,0.5,35.8,16.6,8,12215,6.8,19,0,7,6.5,6,M,si,ligero
PAC003925,55,115.3,151,50.6,104,92,158,99,75,94,5.1,187,50,154,259,0.42,90,6.9,27.6,16.8,3,3563,5.6,15,2,1,11.1,3,F,si,ligero
PAC003926,18,44.1,157,17.9,87,110,96,76,74,94,6.4,243,70,99,184,0.86,102,4.7,21.0,10.8,3,9676,9.6,13,35,5,6.4,6,F,no,sedentario
PAC003927,18,75.8,155,31.6,75,80,108,82,63,89,4.9,164,71,74,167,0.98,108,0.2,44.3,14.4,10,14818,7.8,4,13,3,4.2,8,M,si,ligero
PAC003928,64,69.0,152,29.9,106,106,163,103,70,131,5.9,174,54,196,132,0.5,55,2.5,18.2,14.3,0,4582,7.2,0,2,5,15.6,7,F,no,sedentario
PAC003929,18,81.9,166,29.7,83,105,119,70,61,79,5.0,152,57,104,40,1.15,93,0.1,48.1,13.5,9,12671,8.9,0,0,4,5.5,3,F,no,sedentario
PAC003930,31,88.6,163,33.3,97,96,96,63,74,85,5.2,183,64,89,75,1.15,106,2.4,45.6,16.5,8,13546,9.9,0,0,3,8.0,0,F,no,sedentario
PAC003931,34,62.9,166,22.8,73,108,115,74,66,87,5.8,152,95,87,45,1.31,114,0.1,31.6,12.1,5,7613,8.0,0,0,4,5.9,4,F,no,activo
PAC003932,64,93.4,193,25.1,141,109,161,101,69,97,7.1,195,25,158,310,1.21,100,9.8,46.0,14.8,0,6166,7.0,14,19,1,8.2,10,M,no,ligero
PAC003933,18,58.8,155,24.5,99,94,133,73,46,85,4.2,146,70,121,139,1.35,94,0.2,28.3,12.4,9,10594,6.9,0,5,7,5.8,0,F,no,sedentario
PAC003934,73,82.8,167,29.7,87,106,154,97,70,121,5.8,210,37,145,164,0.63,81,6.1,33.1,17.9,0,7041,4.2,8,4,3,13.7,8,F,si,sedentario
PAC003935,58,74.2,154,31.3,88,92,159,101,80,118,6.1,257,27,129,133,0.4,65,6.3,27.5,15.5,0,5019,5.2,11,8,5,12.2,4,F,si,activo
PAC003936,56,76.9,180,23.7,79,101,166,91,84,128,6.2,274,46,143,249,1.22,77,6.1,28.9,15.2,0,8009,9.3,18,0,3,8.6,10,F,no,sedentario
PAC003937,55,78.2,150,34.8,118,86,180,100,81,85,5.2,284,33,165,167,0.4,63,3.6,41.1,16.5,3,1998,7.0,0,0,2,11.5,1,M,no,ligero
PAC003938,43,79.1,170,27.4,78,110,140,66,61,61,4.9,196,65,107,155,0.9,124,0.1,22.8,15.4,12,12965,9.3,0,0,4,6.5,1,F,no,ligero
PAC003939,74,83.7,153,35.8,100,86,160,97,83,110,4.3,262,71,116,139,0.4,70,0.1,49.0,15.8,1,2162,7.4,14,4,0,13.9,10,M,si,sedentario
PAC003940,33,69.3,161,26.7,76,97,115,76,65,73,4.4,177,79,122,81,0.97,117,2.6,19.0,17.3,5,15908,8.0,0,12,9,2.0,1,M,no,ligero
PAC003941,79,81.2,152,35.1,107,78,157,101,73,98,4.2,214,42,138,171,0.51,74,2.0,35.6,14.7,1,8112,5.0,7,0,0,15.2,7,M,no,sedentario
PAC003942,58,82.7,143,40.4,87,92,164,95,82,130,5.9,241,34,116,206,0.63,58,0.1,27.3,16.0,0,7077,4.9,0,4,0,8.3,7,F,si,sedentario
PAC003943,53,68.7,160,26.8,77,97,122,78,92,83,5.4,189,53,80,139,1.06,109,2.5,23.5,10.6,7,8857,5.6,25,14,2,11.3,10,F,no,ligero
PAC003944,18,100.8,164,37.5,88,97,118,70,77,87,5.6,145,66,144,40,1.16,93,3.7,40.1,14.8,7,12533,9.4,1,3,5,9.0,7,M,no,activo
PAC003945,79,78.7,140,40.2,118,112,146,102,83,93,5.6,217,44,164,149,0.54,60,4.9,33.3,15.1,2,5186,4.0,9,0,0,16.4,4,F,no,sedentario
PAC003946,47,88.5,189,24.8,113,101,129,87,75,154,7.6,267,52,157,247,1.23,65,3.5,39.8,15.3,0,5250,6.6,12,9,4,10.1,9,M,no,sedentario
PAC003947,45,66.8,186,19.3,65,107,125,71,72,64,5.9,171,66,128,113,1.34,123,0.1,32.3,13.6,11,8062,9.4,0,9,6,8.7,2,M,no,sedentario
PAC003948,70,86.6,140,44.2,92,85,176,98,74,101,5.3,187,51,151,152,0.4,72,3.0,34.4,14.3,1,500,5.3,13,0,2,11.3,8,F,si,sedentario
PAC003949,18,49.1,164,18.3,97,92,119,52,59,78,4.4,140,47,140,102,0.96,87,0.1,26.6,14.9,11,13485,10.7,2,4,5,5.9,5,M,no,ligero
PAC003950,90,105.7,197,27.2,119,79,162,96,87,120,7.8,215,25,124,263,1.13,89,5.8,38.1,12.8,0,2851,9.0,1,7,1,15.9,8,F,si,sedentario
PAC003951,73,80.4,184,23.7,111,108,145,93,82,135,7.5,214,28,133,317,0.94,52,7.9,43.2,12.4,3,2135,9.0,17,2,1,10.1,10,M,si,ligero
PAC003952,87,64.8,145,30.8,120,120,154,115,83,125,6.8,217,29,182,165,0.57,75,3.6,27.0,17.2,2,7177,4.3,13,0,1,12.6,7,F,no,ligero
PAC003953,18,73.9,179,23.1,65,119,123,65,60,105,5.2,173,78,153,55,1.09,92,0.1,25.0,15.7,7,16970,8.1,0,7,3,7.5,4,F,no,ligero
PAC003954,19,62.0,172,21.0,60,113,118,75,58,63,5.0,214,50,104,183,1.08,114,0.2,19.4,15.0,6,7710,9.1,0,8,5,9.1,3,F,si,ligero
PAC003955,60,111.9,203,27.2,136,127,149,81,72,119,6.7,231,26,147,306,1.01,74,4.3,40.9,14.2,0,1346,11.0,18,2,2,6.2,10,M,si,activo
PAC003956,77,94.7,148,43.2,117,105,150,108,66,127,6.8,181,32,144,256,0.56,90,5.3,34.9,14.6,1,2075,7.4,15,10,1,14.9,7,M,si,sedentario
PAC003957,75,97.7,140,49.8,105,98,165,101,82,74,5.7,197,35,159,167,0.53,60,6.2,18.2,17.5,0,4867,5.6,6,3,5,16.2,3,M,no,sedentario
PAC003958,79,91.9,161,35.5,80,104,151,88,65,66,4.2,221,59,72,220,0.54,66,5.8,38.0,16.0,0,12575,4.5,12,18,2,9.5,9,M,no,sedentario
PAC003959,65,119.6,187,34.2,103,102,139,84,88,114,6.2,159,39,182,214,1.04,76,5.0,42.3,14.5,2,10272,9.4,4,1,3,11.6,6,F,si,ligero
PAC003960,21,66.1,182,20.0,60,89,111,80,72,91,5.4,175,85,57,148,1.34,102,0.1,26.4,16.4,4,13448,8.1,17,2,4,3.9,2,M,si,activo
PAC003961,40,92.2,197,23.8,133,102,160,81,81,150,7.2,271,33,166,286,1.29,87,10.3,21.9,14.8,0,3448,10.7,5,2,2,10.1,6,F,no,sedentario
PAC003962,48,82.3,170,28.5,88,75,137,86,68,86,4.0,155,38,120,40,0.64,89,3.6,32.4,9.8,3,5200,8.6,29,19,2,9.2,5,M,no,sedentario
PAC003963,36,76.1,151,33.4,98,86,119,86,78,90,5.3,177,64,129,68,1.02,130,0.5,14.9,9.9,7,5356,9.0,28,25,4,6.8,10,M,no,ligero
PAC003964,18,73.1,169,25.6,83,117,128,73,72,66,4.8,194,84,124,40,1.02,87,1.8,40.0,15.1,11,13003,9.1,6,0,6,7.4,1,F,no,sedentario
PAC003965,24,73.3,164,27.3,109,102,109,77,85,106,4.9,133,62,95,99,0.79,104,3.6,18.4,11.2,6,9403,8.1,27,26,1,11.0,8,F,no,activo
PAC003966,57,77.2,187,22.1,105,121,131,78,93,144,7.3,212,37,147,228,1.24,73,7.2,42.8,13.9,0,989,7.7,20,16,2,8.0,7,M,si,sedentario
PAC003967,21,77.2,156,31.7,91,114,125,69,48,104,5.6,178,78,111,141,1.08,102,0.1,27.1,16.3,5,11700,9.5,3,0,6,4.0,3,F,si,sedentario
PAC003968,40,71.9,173,24.0,64,96,128,69,70,99,6.6,168,66,124,80,1.13,96,4.1,40.4,14.8,5,15119,8.2,0,0,7,8.6,0,F,no,ligero
PAC003969,55,72.4,141,36.4,102,89,149,95,90,110,5.1,185,53,102,120,0.56,110,0.8,33.7,14.1,0,1034,6.3,5,7,3,7.9,7,F,no,sedentario
PAC003970,18,87.4,161,33.7,105,102,137,72,80,115,5.8,178,55,97,69,1.1,113,0.1,28.5,13.4,3,7235,9.1,23,17,1,12.2,6,F,no,sedentario
PAC003971,56,102.1,140,52.1,116,103,130,89,70,79,6.0,203,34,104,178,0.4,89,4.9,36.9,17.8,0,3402,6.5,1,5,3,14.9,7,M,no,sedentario
PAC003972,25,41.5,147,19.2,71,93,112,66,69,96,4.3,141,32,124,213,0.83,124,3.4,32.3,14.3,4,9729,8.3,26,18,3,9.8,8,F,no,activo
PAC003973,63,93.1,177,29.7,93,112,140,88,77,107,7.2,253,27,142,344,0.94,96,10.2,41.8,14.0,0,1698,7.5,7,0,1,13.8,3,M,si,sedentario
PAC003974,62,94.0,205,22.4,118,121,162,86,76,127,7.5,227,25,172,286,1.52,70,2.6,34.2,14.2,0,7742,9.5,30,9,2,15.6,5,M,no,sedentario
PAC003975,23,57.5,170,19.9,65,95,111,80,65,72,4.0,163,52,144,48,1.11,87,0.4,29.9,14.1,6,10527,9.2,0,13,5,4.8,5,M,no,ligero
PAC003976,18,68.2,169,23.9,72,95,138,73,62,103,4.6,110,82,53,40,1.32,80,2.2,32.3,14.1,12,8102,7.6,0,0,7,6.2,1,M,no,activo
PAC003977,18,63.4,176,20.5,76,83,135,60,72,79,5.8,211,61,111,64,0.55,121,4.4,28.3,8.7,9,10647,8.0,38,29,0,9.8,8,M,si,ligero
PAC003978,18,99.8,157,40.5,77,93,131,73,97,111,5.3,183,65,103,172,0.92,108,5.4,25.4,13.7,7,12848,6.6,28,22,1,10.1,9,M,si,activo
PAC003979,23,64.0,161,24.7,85,105,130,54,77,77,4.7,126,74,105,110,1.23,107,0.8,15.2,14.5,9,10870,8.5,3,0,5,3.9,0,F,si,ligero
PAC003980,61,86.3,205,20.5,97,121,158,86,79,165,7.2,211,27,185,283,1.18,65,3.5,42.6,13.7,0,3892,10.0,10,4,1,8.6,6,F,si,activo
PAC003981,21,54.0,160,21.1,60,83,104,76,53,63,4.5,169,58,109,70,1.1,130,2.5,38.2,15.3,6,10740,9.5,0,2,4,9.1,4,F,no,sedentario
PAC003982,38,49.8,166,18.1,90,98,133,60,89,79,6.0,153,76,69,186,1.03,110,4.8,20.9,11.5,8,12310,7.1,29,32,3,12.0,3,F,no,ligero
PAC003983,25,70.6,146,33.1,91,103,123,62,74,94,4.2,176,57,152,155,0.84,111,0.1,21.1,13.7,2,4940,8.7,22,28,0,10.8,7,F,si,ligero
PAC003984,76,66.6,140,34.0,117,106,147,92,82,106,5.1,236,37,141,132,0.72,74,1.8,20.8,15.9,2,6275,6.6,0,2,3,18.6,5,F,no,sedentario
PAC003985,58,136.5,205,32.5,94,108,119,79,84,129,6.8,198,32,177,217,1.23,104,6.5,23.6,13.2,0,657,8.8,11,0,0,10.3,8,F,no,activo
PAC003986,22,61.3,156,25.2,106,99,142,80,93,118,4.4,161,51,117,143,0.67,83,0.9,33.8,10.7,3,5552,8.3,25,21,2,9.1,6,M,no,activo
PAC003987,33,100.2,179,31.3,74,103,124,86,62,100,4.8,175,52,70,57,0.97,75,2.5,42.5,13.9,7,12452,8.0,0,0,7,4.7,0,F,no,sedentario
PAC003988,59,103.1,162,39.3,92,98,163,94,85,87,5.6,171,39,149,248,0.43,83,3.8,37.4,16.6,0,1457,5.3,4,2,4,12.5,6,F,si,ligero
PAC003989,67,77.6,192,21.1,122,94,118,84,87,144,6.8,266,36,169,252,1.3,92,4.8,40.3,12.9,0,3923,9.6,6,8,2,12.5,6,M,si,ligero
PAC003990,69,107.2,146,50.3,106,96,152,89,56,108,5.9,246,52,178,274,0.62,75,3.4,19.4,15.2,4,500,5.7,0,2,0,11.6,6,M,si,sedentario
PAC003991,61,93.8,140,47.9,85,102,154,97,78,125,5.5,266,59,125,177,0.48,48,5.4,34.1,16.0,0,4083,4.4,0,7,4,13.0,7,F,no,activo
PAC003992,18,75.8,154,32.0,103,96,117,81,92,84,6.5,201,53,134,229,0.74,68,5.7,14.3,12.5,4,8058,7.7,20,10,1,7.2,8,M,no,sedentario
PAC003993,76,102.7,205,24.4,130,106,118,90,90,147,7.1,209,35,159,343,1.2,52,5.8,25.8,15.4,0,3564,7.4,20,5,0,12.5,9,M,si,sedentario
PAC003994,35,73.2,205,17.4,121,111,131,89,70,143,6.7,233,39,129,298,1.14,87,7.6,43.5,12.4,0,4124,8.6,9,12,1,13.7,7,M,si,sedentario
PAC003995,60,70.4,176,22.7,84,80,117,50,68,101,5.5,198,58,125,90,1.05,87,0.1,27.8,15.5,6,8883,7.6,9,1,5,9.1,1,M,no,ligero
PAC003996,18,63.0,168,22.3,99,97,122,64,65,100,4.7,167,66,85,40,1.04,78,0.1,25.3,11.3,4,12303,8.7,5,0,4,4.6,3,F,no,ligero
PAC003997,86,82.4,145,39.2,103,80,165,114,82,113,6.0,191,36,129,141,0.4,68,3.6,30.6,12.5,0,500,7.9,8,7,2,10.2,8,F,no,sedentario
PAC003998,39,74.8,155,31.1,72,109,109,74,54,93,4.8,221,68,123,46,1.36,130,4.2,24.9,14.8,12,15165,9.4,7,0,8,11.0,4,M,si,activo
PAC003999,41,50.1,153,21.4,92,91,124,66,62,81,6.3,216,34,107,85,1.17,60,1.5,17.2,10.5,10,4418,7.5,24,11,4,9.5,6,M,si,sedentario
PAC004000,86,89.5,187,25.6,105,108,132,93,76,113,8.2,283,25,150,150,1.18,117,6.0,43.6,15.4,0,500,7.5,6,12,2,12.5,8,F,si,sedentario
PAC004001,36,66.1,150,29.4,75,85,113,69,45,104,4.0,146,66,93,76,1.31,114,1.3,31.2,14.7,9,11282,8.5,0,0,9,7.8,2,M,no,sedentario
PAC004002,62,86.4,149,38.9,105,93,174,93,79,107,5.7,213,59,137,230,0.57,76,6.8,19.2,15.2,0,5879,5.2,3,8,2,13.8,10,M,no,sedentario
PAC004003,45,63.6,169,22.3,74,80,126,82,63,77,6.4,153,70,68,60,1.33,100,0.5,47.6,15.5,6,11845,6.3,5,0,6,7.1,3,M,no,ligero
PAC004004,25,52.3,165,19.2,60,99,107,77,56,101,5.3,130,63,105,85,0.97,70,2.3,33.3,16.5,8,9906,9.7,9,8,6,4.5,3,M,no,ligero
PAC004005,83,82.7,140,42.2,104,104,171,101,79,92,6.4,257,46,147,138,0.52,70,4.7,28.4,16.7,0,2422,6.1,11,1,4,18.1,4,M,no,sedentario
PAC004006,79,69.3,140,35.4,105,81,155,93,75,105,6.2,246,40,142,260,0.52,61,0.1,40.9,17.9,1,4703,6.3,13,0,4,11.8,8,M,si,activo
PAC004007,75,81.3,140,41.5,88,101,178,105,66,94,6.5,204,74,170,192,0.55,43,1.2,26.0,17.4,0,4247,6.4,2,7,0,15.7,5,F,si,sedentario
PAC004008,90,76.3,152,33.0,105,95,182,110,89,112,6.1,260,46,182,174,0.64,60,4.6,34.5,16.3,3,2991,6.7,19,3,4,15.0,6,M,si,sedentario
PAC004009,18,69.1,169,24.2,60,99,90,68,66,60,6.4,152,36,94,91,1.44,94,4.3,36.7,14.5,12,18340,7.9,0,17,4,2.0,1,M,no,activo
PAC004010,48,106.2,185,31.0,118,91,116,85,74,125,6.4,208,25,185,195,1.49,30,10.6,35.1,15.3,2,500,9.7,22,4,1,9.3,10,F,no,sedentario
PAC004011,32,86.4,145,41.1,81,89,108,98,96,74,4.7,202,74,119,94,1.04,96,2.1,23.2,10.2,4,9621,8.3,16,16,2,12.8,7,M,no,ligero
PAC004012,77,98.7,144,47.6,145,86,150,91,71,124,6.9,203,48,151,206,0.48,64,5.7,27.7,17.0,1,1293,6.5,0,0,3,14.6,6,F,si,ligero
PAC004013,85,94.7,141,47.6,98,100,133,96,78,98,5.3,262,40,139,259,0.4,84,6.0,39.1,17.5,1,2420,5.5,16,2,2,10.2,8,F,no,activo
PAC004014,64,76.2,202,18.7,117,79,138,85,90,123,7.5,209,38,115,243,1.03,82,4.3,29.4,15.9,0,3465,8.7,19,0,2,9.2,10,M,si,ligero
PAC004015,71,86.0,205,20.5,129,115,153,85,79,124,7.3,227,31,238,263,1.26,95,5.9,33.5,18.4,1,9962,7.7,13,11,2,9.1,6,M,no,ligero
PAC004016,54,100.3,161,38.7,114,105,177,96,65,137,6.2,248,42,118,108,0.56,63,5.4,27.7,15.7,0,3891,4.3,15,10,2,12.4,9,F,si,activo
PAC004017,45,97.2,166,35.3,84,110,126,77,100,93,6.3,145,53,141,129,0.76,71,7.0,28.2,12.2,1,8819,7.4,22,31,1,4.8,8,M,no,sedentario
PAC004018,72,73.2,159,29.0,91,86,142,99,67,99,4.2,268,42,136,164,0.64,82,5.7,31.6,14.3,2,5477,3.4,12,11,2,12.0,5,M,si,sedentario
PAC004019,33,54.0,169,18.9,97,108,108,62,72,95,4.6,224,75,105,64,0.72,89,0.1,28.1,12.0,7,15407,8.9,18,6,3,6.9,4,F,no,ligero
PAC004020,39,66.3,172,22.4,89,100,116,80,68,70,4.3,159,50,139,92,1.2,103,2.3,27.3,14.4,9,9989,7.2,0,0,4,3.9,3,M,no,ligero
PAC004021,28,91.1,148,41.6,76,110,120,77,87,85,4.0,175,56,85,131,0.88,105,0.1,7.5,12.0,4,7151,6.8,20,32,3,9.4,6,F,no,sedentario
PAC004022,24,61.5,156,25.3,91,96,119,73,83,92,5.2,223,59,109,141,1.24,76,6.2,23.1,12.9,0,7590,8.1,25,21,3,10.8,6,M,si,ligero
PAC004023,71,84.0,198,21.4,110,96,112,93,83,107,6.5,249,48,150,274,1.18,73,3.0,38.1,15.2,0,1760,9.4,4,16,2,12.6,6,M,no,ligero
PAC004024,38,65.1,183,19.4,85,100,117,58,65,76,5.6,177,96,66,78,1.22,83,4.2,26.2,13.6,10,7976,9.9,2,0,6,4.4,1,M,no,activo
PAC004025,48,88.6,201,21.9,106,107,138,73,87,133,7.7,272,25,173,200,1.17,86,8.3,27.9,14.7,0,663,7.3,8,8,1,11.8,6,F,no,sedentario
PAC004026,18,68.0,155,28.3,76,93,116,64,88,78,4.6,211,54,118,50,0.96,115,5.4,28.6,11.9,2,12685,6.0,13,26,4,7.2,3,F,no,activo
PAC004027,58,94.8,140,48.4,95,100,163,85,82,104,6.3,290,53,162,146,0.44,87,3.5,28.9,14.3,3,5211,6.8,2,0,3,13.2,5,M,si,sedentario
PAC004028,20,57.3,178,18.1,67,81,118,83,67,84,4.8,133,73,47,135,0.95,89,0.6,30.5,16.1,10,12438,8.5,5,12,7,7.4,7,M,no,activo
PAC004029,66,90.6,204,21.8,138,111,130,79,71,105,6.8,250,25,154,168,1.01,76,7.0,55.3,13.4,0,7548,11.0,12,3,0,10.8,4,F,no,sedentario
PAC004030,33,68.4,156,28.1,111,100,115,79,65,74,4.7,170,62,111,138,0.93,104,1.4,25.6,17.4,16,12350,9.2,22,3,6,2.9,2,F,si,ligero
PAC004031,54,93.4,149,42.1,91,100,151,96,79,126,6.2,260,47,159,159,0.6,64,8.2,29.8,16.8,0,7045,5.8,7,16,2,13.7,9,M,no,sedentario
PAC004032,25,67.8,164,25.2,78,86,113,59,75,104,4.3,158,61,79,68,0.82,90,0.1,40.1,16.5,11,9709,8.8,2,7,5,6.6,7,M,no,ligero
PAC004033,62,80.9,181,24.7,110,98,142,81,85,159,6.5,227,27,154,278,1.18,120,5.7,38.5,14.1,0,3628,9.2,8,6,0,10.4,9,M,si,sedentario
PAC004034,71,86.1,146,40.4,109,93,164,105,69,89,5.3,260,67,108,133,0.4,60,9.3,34.0,17.3,3,5517,6.8,13,2,2,15.6,8,M,si,sedentario
PAC004035,25,57.1,180,17.6,74,84,116,64,74,117,5.8,170,62,147,118,0.83,90,1.8,39.4,14.1,14,11336,7.3,4,2,7,2.0,3,F,no,activo
PAC004036,33,93.9,184,27.7,111,100,162,92,75,110,6.7,259,37,169,203,0.92,52,4.9,43.5,17.4,0,6743,9.6,17,6,5,13.7,7,F,si,ligero
PAC004037,77,120.2,144,58.0,112,104,185,98,82,109,6.1,259,33,162,218,0.57,75,3.6,22.4,16.1,0,2400,7.5,7,5,4,11.6,5,M,no,sedentario
PAC004038,39,69.0,148,31.5,60,93,96,68,66,76,4.6,151,60,117,98,0.84,93,0.8,49.6,14.6,6,9393,7.9,0,17,6,2.0,5,F,si,sedentario
PAC004039,33,71.9,167,25.8,73,98,120,69,62,71,6.5,150,56,101,40,1.08,107,2.2,39.7,14.6,10,13267,8.4,0,2,6,8.0,3,M,no,activo
PAC004040,23,57.2,165,21.0,60,83,124,60,55,97,5.3,207,54,100,95,1.12,101,3.5,41.0,16.0,3,11347,10.0,0,0,6,5.8,4,M,no,sedentario
PAC004041,26,52.4,160,20.5,86,99,121,77,61,75,4.8,131,79,118,101,1.04,113,0.1,34.9,16.2,10,12817,7.4,3,0,8,4.9,6,F,no,activo
PAC004042,49,108.9,158,43.6,114,89,157,100,66,86,4.4,226,52,167,95,0.4,80,3.1,27.6,19.0,0,5612,6.9,6,5,1,12.0,8,M,no,sedentario
PAC004043,53,100.0,199,25.3,115,105,153,89,56,126,7.3,229,53,181,191,1.31,96,6.5,35.5,12.3,0,3190,9.5,23,5,0,13.9,7,M,si,sedentario
PAC004044,71,52.9,140,27.0,106,108,139,102,68,90,5.4,240,66,134,141,0.5,63,3.8,32.3,15.8,3,6106,5.2,18,2,1,14.4,5,M,no,sedentario
PAC004045,89,84.5,161,32.6,101,100,165,94,85,108,6.6,195,33,131,93,0.7,56,0.7,35.6,16.3,0,2551,6.5,17,1,4,7.7,5,M,si,sedentario
PAC004046,23,72.9,164,27.1,87,103,99,69,66,103,4.4,199,52,109,40,0.89,89,3.7,32.1,11.7,8,11187,8.2,8,28,3,6.2,8,M,no,ligero
PAC004047,30,48.3,172,16.3,105,91,122,99,82,97,4.0,181,59,119,109,1.05,87,2.8,29.3,14.6,5,8580,7.4,0,11,6,4.9,4,M,si,sedentario
PAC004048,42,81.7,204,19.6,125,106,130,95,74,117,7.6,216,42,102,227,1.15,72,2.5,34.6,13.7,2,4291,7.2,0,8,1,9.2,5,F,si,sedentario
PAC004049,18,77.5,172,26.2,81,106,90,69,72,83,5.6,185,86,109,40,1.12,118,2.1,30.6,14.7,8,13003,9.9,7,5,8,3.9,5,M,no,activo
PAC004050,90,77.7,151,34.1,84,86,148,98,75,97,6.4,276,41,89,256,0.4,84,1.8,41.8,16.5,2,500,5.0,0,3,5,13.0,6,M,si,ligero
PAC004051,42,109.0,192,29.6,130,128,137,89,85,144,7.3,245,33,175,136,1.37,60,6.3,32.8,15.1,0,3395,8.3,11,0,1,12.4,5,F,no,ligero
PAC004052,78,75.3,144,36.3,111,94,172,94,71,87,5.8,198,41,166,199,0.4,86,3.9,23.5,17.9,3,7950,4.2,9,10,2,11.1,8,F,no,activo
PAC004053,49,60.5,149,27.3,84,108,122,67,58,71,5.9,155,89,51,100,1.21,130,0.1,15.4,16.9,7,13645,8.4,0,16,5,4.2,8,F,no,ligero
PAC004054,18,75.6,152,32.7,94,90,137,60,86,87,5.5,216,64,109,65,0.84,130,0.6,15.1,13.8,5,8966,7.4,10,15,0,6.2,9,M,no,sedentario
PAC004055,29,54.5,159,21.6,76,108,125,73,66,78,5.5,176,68,101,140,0.84,114,3.6,32.7,11.6,3,3901,8.2,22,38,1,9.8,10,F,si,ligero
PAC004056,69,96.4,205,22.9,114,110,147,83,87,138,7.1,217,28,151,288,1.39,65,3.8,22.1,14.9,0,2642,8.0,16,0,0,6.6,7,F,si,ligero
PAC004057,73,99.8,205,23.7,86,81,136,79,91,144,6.6,280,25,143,377,1.46,87,9.6,17.9,12.5,0,2198,7.8,16,0,2,10.3,8,M,si,ligero
PAC004058,62,82.4,158,33.0,109,85,153,96,78,114,4.7,208,57,120,99,0.69,76,8.7,29.2,13.6,2,5733,5.6,12,8,1,14.0,5,F,si,sedentario
PAC004059,50,64.9,151,28.5,88,100,120,73,45,85,5.3,190,93,58,67,1.03,110,0.2,40.1,15.4,11,13126,8.6,13,0,6,7.3,4,F,no,sedentario
PAC004060,67,110.0,196,28.6,132,99,132,88,80,125,7.7,209,27,146,212,1.34,78,3.8,25.8,15.1,0,5153,9.1,10,0,0,11.8,6,F,no,sedentario
PAC004061,70,99.6,140,50.8,118,103,175,111,73,119,7.1,217,70,161,120,0.55,62,4.0,37.1,14.6,4,1347,8.7,18,0,3,15.2,4,M,si,ligero
PAC004062,55,107.0,178,33.8,131,102,126,78,81,133,6.8,173,31,177,239,1.32,62,7.8,45.9,14.5,1,500,9.5,5,18,0,4.1,9,M,si,sedentario
PAC004063,26,51.2,172,17.3,60,88,108,94,71,73,8.2,161,61,148,138,0.74,126,1.8,21.5,14.3,2,11949,7.2,18,27,1,10.7,10,M,si,activo
PAC004064,74,75.0,148,34.2,100,91,132,91,57,92,5.2,189,64,141,153,0.52,70,4.8,26.4,16.7,5,6180,6.6,9,3,2,14.2,9,F,no,sedentario
PAC004065,18,79.8,151,35.0,95,106,121,71,66,86,4.9,196,67,86,123,1.08,120,0.1,35.3,12.0,11,14109,9.0,4,0,5,5.3,2,F,no,activo
PAC004066,64,90.3,153,38.6,106,112,185,81,80,102,5.6,221,54,202,184,0.58,68,6.4,41.6,14.3,2,7417,6.1,2,0,2,17.7,6,F,no,activo
PAC004067,90,75.3,197,19.4,123,102,141,91,59,138,6.0,231,36,180,197,1.32,81,12.2,40.0,14.3,0,2200,9.4,13,2,2,12.7,6,F,si,activo
PAC004068,69,89.3,205,21.2,113,112,154,102,80,121,7.4,246,25,171,213,1.04,97,8.3,37.6,15.2,0,5348,7.9,6,8,1,6.1,8,F,no,ligero
PAC004069,31,45.1,160,17.6,84,125,106,73,69,85,5.0,160,56,97,66,1.45,92,2.9,19.0,14.3,7,13045,7.4,5,0,7,3.1,1,M,no,ligero
PAC004070,69,81.3,198,20.7,119,112,118,93,77,111,6.3,232,36,168,218,1.18,64,7.1,51.0,16.7,0,7289,9.1,9,12,0,12.6,8,F,si,sedentario
PAC004071,18,85.3,162,32.5,71,105,105,68,83,84,5.0,152,46,130,172,0.89,106,2.8,44.1,17.3,14,10441,8.1,3,0,6,4.8,0,F,si,sedentario
PAC004072,80,80.3,145,38.2,119,100,144,101,83,108,6.1,261,25,157,220,0.5,81,4.5,33.8,16.9,2,10547,5.0,9,4,1,20.0,9,F,si,sedentario
PAC004073,77,79.4,186,23.0,124,92,137,73,68,129,7.9,215,43,168,253,1.06,71,4.9,26.3,14.3,0,2849,10.1,11,6,3,9.9,10,F,no,sedentario
PAC004074,71,89.0,148,40.6,116,84,152,94,81,95,5.9,251,40,121,183,0.63,53,1.5,37.9,14.6,0,4249,6.8,14,5,1,13.1,5,F,no,sedentario
PAC004075,76,109.0,205,25.9,125,89,154,70,86,118,6.3,292,43,116,323,0.9,65,0.6,16.6,14.0,0,500,8.1,14,8,0,12.5,7,F,si,sedentario
PAC004076,23,73.7,161,28.4,93,84,115,69,83,60,4.1,196,58,131,120,1.31,94,2.3,19.0,11.0,3,9818,7.7,22,27,5,8.8,8,F,si,ligero
PAC004077,45,41.8,178,13.2,83,102,119,67,45,95,5.6,173,53,98,74,1.07,100,0.1,31.2,15.1,4,9878,8.9,10,0,6,9.4,3,M,no,activo
PAC004078,66,92.3,160,36.1,126,77,155,105,75,103,5.8,198,27,147,144,0.52,52,4.6,30.2,14.4,2,2921,7.5,0,0,3,9.2,10,M,no,ligero
PAC004079,87,71.8,194,19.1,123,128,155,86,81,126,7.3,221,49,135,236,1.44,67,8.5,45.4,15.9,0,2451,8.4,24,3,2,13.5,10,M,si,ligero
PAC004080,49,82.1,181,25.1,107,117,124,109,86,127,8.6,239,25,118,236,0.8,76,6.4,46.2,15.9,3,2516,8.4,23,11,0,9.3,4,F,no,sedentario
PAC004081,90,69.0,197,17.8,105,111,150,85,81,110,6.3,230,29,161,289,1.06,75,8.4,46.3,13.4,0,3769,8.0,16,9,3,13.4,5,M,si,activo
PAC004082,22,63.6,140,32.4,76,100,115,60,94,87,5.5,198,47,120,85,0.72,100,4.5,10.3,12.7,1,7726,7.6,30,27,0,11.3,4,M,no,ligero
PAC004083,42,83.3,174,27.5,75,99,112,76,85,93,6.0,174,40,112,150,1.03,84,5.5,23.8,11.6,4,11036,8.8,21,22,2,5.3,10,M,no,ligero
PAC004084,18,56.7,171,19.4,74,91,133,74,62,93,4.4,180,43,122,182,0.85,94,0.1,44.3,13.7,10,10009,7.3,0,0,3,7.4,4,M,no,activo
PAC004085,56,71.6,143,35.0,74,90,131,67,70,95,4.0,249,84,117,151,0.95,105,0.8,22.1,15.7,11,8499,8.4,0,0,3,3.2,2,M,no,ligero
PAC004086,22,74.2,159,29.4,76,93,116,77,78,115,4.6,141,58,100,40,1.15,130,0.1,5.0,10.4,5,9849,8.2,19,25,2,8.0,9,M,si,ligero
PAC004087,67,90.3,203,21.9,128,81,156,82,77,120,6.9,302,40,152,345,1.1,105,8.8,39.3,13.4,0,713,9.4,12,6,0,9.7,7,M,no,sedentario
PAC004088,46,86.4,204,20.8,133,115,162,94,94,167,6.4,245,39,134,330,1.05,69,7.2,33.6,13.8,0,2775,9.2,16,3,4,12.5,3,F,no,ligero
PAC004089,39,40.0,168,14.2,84,93,114,88,53,107,4.7,122,84,84,40,1.14,99,0.1,23.3,15.3,10,14647,9.8,0,0,6,5.2,0,M,no,activo
PAC004090,30,66.6,164,24.8,82,89,121,73,61,115,5.3,209,75,132,103,1.14,91,0.1,38.3,15.4,8,10452,8.2,0,6,5,7.5,0,M,no,activo
PAC004091,63,69.8,203,16.9,112,114,115,79,79,113,6.7,231,53,159,189,1.27,93,8.5,41.4,15.4,0,5723,8.1,16,9,1,10.8,10,M,si,ligero
PAC004092,18,60.2,163,22.7,65,93,126,63,63,125,4.4,176,65,118,40,0.64,90,0.1,40.3,13.1,9,14974,8.1,9,0,5,5.8,0,M,no,ligero
PAC004093,56,91.0,191,24.9,100,104,134,93,76,127,7.4,219,45,134,306,1.16,72,9.6,37.8,13.9,0,6017,7.9,11,12,1,12.0,6,F,si,sedentario
PAC004094,68,77.0,182,23.2,115,108,130,88,77,134,7.9,293,25,133,221,1.1,101,6.8,44.2,14.5,0,1481,8.1,13,7,2,11.1,6,M,no,sedentario
PAC004095,27,80.6,202,19.8,93,103,166,79,72,148,6.8,232,56,146,274,1.06,87,5.7,35.5,16.5,0,500,7.4,2,1,1,12.7,5,M,no,sedentario
PAC004096,86,79.5,158,31.8,94,92,155,92,81,85,5.8,274,69,169,212,0.57,64,9.8,36.1,14.6,0,4727,6.8,0,16,3,10.8,7,M,no,ligero
PAC004097,77,99.2,187,28.4,108,109,140,104,81,155,7.2,260,29,123,213,1.48,67,6.6,45.7,11.2,3,4704,10.3,14,6,1,15.2,8,M,no,sedentario
PAC004098,69,106.9,194,28.4,128,96,116,107,72,116,6.6,246,47,134,290,1.08,77,6.5,35.7,13.6,0,2085,8.8,16,6,1,10.4,8,M,no,ligero
PAC004099,19,66.4,157,26.9,90,90,119,62,68,71,4.5,167,50,130,64,1.33,105,3.4,34.4,16.3,8,11765,9.9,12,2,5,6.9,0,M,no,ligero
PAC004100,78,83.4,140,42.6,139,96,152,112,68,127,7.1,216,46,152,189,0.62,79,4.9,23.7,17.9,1,5704,5.8,16,6,2,11.6,7,F,si,sedentario
PAC004101,58,87.1,190,24.1,120,86,125,91,82,144,5.2,247,48,182,226,0.86,92,5.6,41.7,14.8,0,4572,10.0,6,16,0,10.7,10,F,si,ligero
PAC004102,18,72.6,152,31.4,105,108,130,62,60,72,4.6,154,56,46,111,0.87,107,0.1,40.2,13.3,5,13789,8.0,2,0,4,8.9,4,M,si,ligero
PAC004103,18,52.2,164,19.4,85,92,105,68,71,109,4.7,187,69,111,151,1.02,83,0.1,30.2,14.6,8,14774,9.7,0,6,5,9.1,3,F,no,activo
PAC004104,39,50.7,166,18.4,62,91,113,69,49,100,5.2,215,64,89,138,0.98,98,4.6,25.0,14.9,6,11004,9.2,2,4,7,8.3,0,F,no,ligero
PAC004105,21,60.8,177,19.4,62,86,131,78,61,71,5.0,170,92,112,67,1.48,90,3.4,45.7,13.7,10,8069,8.0,0,0,4,6.3,4,F,no,sedentario
PAC004106,64,78.9,143,38.6,80,91,174,95,65,115,5.2,203,54,161,114,0.58,69,4.1,32.3,13.6,6,5584,4.5,16,5,1,14.9,10,F,si,sedentario
PAC004107,67,63.9,146,30.0,116,99,142,99,85,114,7.0,246,39,63,153,0.64,61,3.7,36.6,14.6,0,3358,4.4,15,2,4,13.9,10,F,si,sedentario
PAC004108,63,72.9,146,34.2,112,109,180,105,60,102,6.4,205,27,212,200,0.58,73,5.0,18.9,16.7,0,500,6.5,6,1,3,9.6,4,M,no,activo
PAC004109,51,73.1,151,32.1,119,96,144,102,67,69,6.9,227,34,109,230,0.6,81,3.3,46.4,15.7,0,3553,5.3,15,2,3,10.1,7,F,no,sedentario
PAC004110,72,86.0,153,36.7,106,90,151,85,71,78,6.7,216,69,120,40,0.47,85,5.2,41.1,15.9,1,2014,5.1,11,16,2,15.9,7,M,si,ligero
PAC004111,33,47.8,166,17.3,76,97,128,81,62,93,4.7,148,68,119,183,1.04,60,0.1,40.4,16.6,7,13265,9.1,0,13,5,5.6,1,F,no,activo
PAC004112,65,81.6,194,21.7,120,92,149,83,76,141,7.7,187,41,175,208,0.98,83,6.3,34.8,16.5,0,4231,8.8,11,8,0,10.2,9,F,si,sedentario
PAC004113,18,46.9,172,15.9,78,91,109,74,45,83,4.9,121,43,117,180,0.86,99,0.7,40.7,14.5,13,11567,7.0,0,5,9,7.0,1,F,no,activo
PAC004114,58,124.0,184,36.6,112,86,150,92,82,127,6.2,190,26,151,272,1.22,85,4.0,24.6,16.1,0,4925,9.5,9,0,2,14.7,4,M,si,sedentario
PAC004115,37,52.1,168,18.5,76,113,102,77,52,74,5.0,198,62,165,114,1.06,113,0.1,49.7,12.7,5,13243,9.0,14,0,4,8.9,6,F,no,ligero
PAC004116,18,58.9,153,25.2,94,94,105,82,93,65,5.1,186,52,143,79,0.75,121,0.1,26.4,16.3,3,11357,7.4,8,28,2,8.7,9,M,si,ligero
PAC004117,36,48.2,165,17.7,86,88,135,82,85,91,6.0,182,54,120,184,0.97,95,4.4,21.1,13.9,2,5444,10.2,33,27,3,12.9,7,M,si,sedentario
PAC004118,31,64.1,156,26.3,86,108,121,62,72,84,4.7,224,73,119,95,1.05,120,3.6,32.7,14.5,8,11403,6.9,7,12,7,7.8,0,M,no,sedentario
PAC004119,68,74.9,143,36.6,99,89,175,87,90,110,5.7,169,49,167,143,0.64,35,4.9,7.9,18.7,2,5181,6.1,11,0,2,11.6,5,M,no,ligero
PAC004120,24,60.4,148,27.6,84,97,110,85,91,92,6.3,209,56,105,180,0.65,111,5.5,31.2,11.8,7,9685,8.9,25,29,2,11.4,8,F,no,activo
PAC004121,90,71.9,143,35.2,118,78,137,88,77,90,6.3,228,52,149,99,0.4,70,2.0,28.3,17.6,0,10937,6.3,9,2,4,10.5,5,F,no,activo
PAC004122,88,73.8,165,27.1,128,82,151,102,75,103,5.7,211,37,154,288,0.4,78,0.1,41.0,15.7,2,5641,5.1,24,6,1,6.2,7,M,no,ligero
PAC004123,18,63.1,161,24.3,78,112,124,85,56,63,5.4,135,95,82,79,0.9,105,0.5,24.6,14.1,10,11095,9.7,5,0,6,7.8,2,F,no,ligero
PAC004124,57,84.3,144,40.7,104,101,155,112,65,100,5.8,198,41,102,196,0.4,90,2.1,28.9,13.7,1,7446,6.4,8,8,0,12.7,10,M,no,sedentario
PAC004125,25,70.7,154,29.8,75,86,139,53,66,76,5.5,197,44,111,104,1.39,97,1.0,17.8,13.2,8,13820,8.4,7,0,6,3.0,0,F,no,ligero
PAC004126,75,96.3,200,24.1,138,115,156,91,91,135,6.8,261,61,145,257,1.19,72,5.5,30.3,13.3,0,6247,8.7,10,7,1,12.9,8,F,no,sedentario
PAC004127,51,55.1,167,19.8,67,97,101,67,62,70,4.5,192,52,40,71,1.39,94,2.5,36.8,16.7,10,13305,8.5,0,0,5,5.6,9,M,si,ligero
PAC004128,36,41.2,156,16.9,94,110,108,86,81,96,5.2,176,64,59,94,0.87,84,0.1,29.4,12.2,7,9066,7.2,19,20,1,5.9,6,M,no,ligero
PAC004129,27,90.9,151,39.9,82,95,142,74,82,110,4.9,198,74,138,75,1.23,64,5.5,35.8,9.8,4,7870,9.0,13,21,3,8.5,8,M,si,sedentario
PAC004130,52,90.3,151,39.6,105,103,162,108,84,116,5.9,209,63,168,120,0.61,90,1.8,35.9,15.0,0,6959,5.5,23,10,2,11.1,8,M,no,sedentario
PAC004131,18,98.5,151,43.2,79,86,151,68,98,90,5.4,158,66,133,77,0.7,86,2.5,26.9,14.1,5,7009,8.5,26,26,5,3.7,9,M,no,ligero
PAC004132,40,53.6,164,19.9,95,103,120,61,63,91,5.2,110,77,97,83,0.88,130,0.7,43.4,16.6,10,10213,8.2,4,0,5,9.8,5,F,no,sedentario
PAC004133,51,63.7,164,23.7,65,87,132,64,55,115,4.8,200,80,147,40,0.86,87,0.1,43.7,13.0,5,15284,9.1,0,0,6,3.9,5,F,si,ligero
PAC004134,18,75.3,164,28.0,73,88,114,87,80,86,4.7,161,77,142,155,0.73,97,0.5,31.1,10.3,7,12321,11.0,11,26,1,12.3,9,M,si,sedentario
PAC004135,80,74.6,151,32.7,122,84,142,88,83,108,5.3,227,36,101,233,0.4,78,6.6,46.2,17.1,0,5452,6.1,11,6,3,9.9,4,M,si,sedentario
PAC004136,83,91.0,140,46.4,98,90,158,83,84,113,6.1,178,37,180,272,0.61,61,4.5,35.3,17.4,2,2709,5.3,0,0,1,11.5,5,M,si,sedentario
PAC004137,56,85.9,144,41.4,80,93,149,89,93,101,6.9,234,52,156,102,0.75,87,3.0,19.8,16.2,1,6099,6.1,19,0,2,16.9,6,M,si,ligero
PAC004138,58,104.8,140,53.5,106,105,170,108,87,91,4.8,275,48,155,236,0.65,71,6.0,37.4,16.5,0,500,5.0,3,5,0,12.8,6,M,no,sedentario
PAC004139,87,98.8,193,26.5,109,84,139,82,76,143,6.9,195,31,127,193,1.3,73,12.2,41.1,16.7,0,4394,8.5,7,1,3,13.5,8,F,si,ligero
PAC004140,26,72.1,163,27.1,66,104,108,76,64,75,5.5,187,100,128,147,1.17,99,1.4,33.4,15.4,14,12831,9.7,4,0,5,4.4,0,M,no,ligero
PAC004141,18,75.0,156,30.8,71,90,128,62,82,97,4.9,206,60,116,79,0.97,108,5.5,22.3,10.7,4,5897,8.8,31,22,2,7.8,8,F,no,activo
PAC004142,53,61.1,144,29.5,112,100,154,114,73,77,6.1,247,52,73,154,0.61,82,5.0,30.2,14.6,3,2537,3.4,23,3,3,13.0,7,M,si,ligero
PAC004143,76,76.4,147,35.4,112,112,155,98,75,99,5.5,238,38,86,174,0.4,85,3.8,28.5,16.0,0,6240,3.3,4,16,3,12.8,8,M,no,sedentario
PAC004144,65,83.9,152,36.3,110,100,162,109,93,134,5.9,205,32,139,107,0.4,70,2.0,32.1,18.1,0,5965,5.3,24,3,2,13.0,8,F,si,sedentario
PAC004145,18,72.3,172,24.4,91,97,139,86,75,72,5.5,217,60,145,40,1.13,101,1.8,18.6,10.8,7,6264,6.7,18,24,3,10.0,7,M,si,ligero
PAC004146,90,76.7,156,31.5,105,75,180,89,70,60,5.6,211,40,156,225,0.42,63,4.4,43.6,14.1,1,676,6.9,13,7,2,13.3,9,F,no,sedentario
PAC004147,54,77.8,152,33.7,105,111,162,114,86,109,5.7,183,45,140,227,0.72,83,2.7,28.7,15.6,0,6758,6.2,0,1,2,11.0,9,M,no,ligero
PAC004148,83,84.3,200,21.1,137,104,151,73,65,119,7.9,249,34,135,338,1.03,87,7.6,34.6,13.8,0,8245,6.1,23,0,3,12.1,6,F,no,sedentario
PAC004149,49,79.8,153,34.1,106,97,166,103,83,110,5.0,197,46,111,197,0.51,87,3.4,30.6,13.7,0,3989,5.8,0,0,4,13.1,7,M,no,sedentario
PAC004150,18,68.6,157,27.8,108,75,124,87,96,67,5.5,148,73,97,111,0.99,116,2.3,21.6,8.8,4,10757,8.2,16,21,1,9.9,4,M,no,sedentario
PAC004151,31,74.9,182,22.6,81,98,113,66,71,109,4.0,151,36,66,51,0.93,104,0.1,48.9,15.8,8,13535,7.6,9,4,5,6.5,3,M,si,activo
PAC004152,50,101.5,148,46.3,92,107,166,91,84,79,6.6,235,64,99,123,0.87,89,8.8,20.0,15.8,3,5984,6.1,10,4,3,6.4,8,F,no,sedentario
PAC004153,18,45.7,155,19.0,88,91,109,64,55,67,5.6,119,64,136,87,1.01,76,0.1,37.9,13.8,9,12325,9.0,0,0,7,4.8,0,M,no,activo
PAC004154,18,65.8,159,26.0,76,95,98,75,75,90,4.7,212,46,142,243,0.93,130,6.9,27.9,9.8,6,6391,7.3,16,20,3,11.4,5,M,no,ligero
PAC004155,73,63.1,161,24.3,105,90,155,101,88,114,6.0,231,53,144,151,0.4,94,5.5,30.9,13.8,0,3845,5.3,18,0,2,17.3,6,F,no,sedentario
PAC004156,18,48.9,159,19.3,78,83,121,81,83,90,4.1,212,61,110,85,0.95,79,2.1,20.7,10.2,4,13099,8.5,17,18,5,4.8,7,F,no,ligero
PAC004157,61,93.8,142,46.5,100,94,149,86,79,95,6.6,227,46,156,77,0.44,81,5.4,46.5,15.9,0,5252,4.6,14,14,0,18.1,4,M,no,ligero
PAC004158,45,87.1,141,43.8,121,105,172,92,76,117,6.3,238,41,146,235,0.4,83,8.9,42.9,13.6,0,500,6.3,6,6,3,12.9,6,F,si,ligero
PAC004159,36,58.6,146,27.5,78,94,121,88,82,90,4.7,120,63,122,112,0.99,92,2.7,31.5,12.1,4,2137,6.6,14,16,1,9.8,10,M,no,sedentario
PAC004160,77,75.5,186,21.8,95,104,149,94,74,150,7.6,218,30,123,261,1.04,69,7.3,37.2,16.6,0,500,9.6,19,7,1,7.6,6,F,si,sedentario
PAC004161,48,87.9,140,44.8,92,93,152,111,78,81,6.4,242,64,164,227,0.55,80,4.6,48.4,18.0,2,7372,5.6,8,0,3,15.4,7,M,no,sedentario
PAC004162,68,94.5,160,36.9,98,80,158,100,53,106,6.3,205,56,165,233,0.4,60,2.7,26.9,16.0,0,500,7.8,10,14,1,16.3,4,F,si,activo
PAC004163,18,69.6,150,30.9,97,98,95,58,79,110,5.3,166,57,114,40,0.83,115,2.9,10.6,10.7,4,5127,7.5,10,22,3,8.6,7,F,no,sedentario
PAC004164,66,73.3,158,29.4,82,75,166,82,84,95,5.4,149,35,128,248,0.43,77,5.1,47.6,16.3,1,881,4.8,4,8,3,10.9,3,F,si,sedentario
PAC004165,26,62.6,147,29.0,90,92,141,67,91,112,5.8,224,76,153,87,0.77,106,4.6,18.2,12.0,6,5768,8.4,30,29,2,9.9,3,M,no,sedentario
PAC004166,23,69.5,172,23.5,100,99,137,58,82,60,5.0,151,73,131,125,0.66,98,2.8,38.2,10.5,9,9036,8.3,20,21,2,6.6,7,M,si,activo
PAC004167,54,99.7,144,48.1,114,101,152,95,69,104,6.1,248,30,110,141,0.4,69,4.9,32.0,16.3,2,6550,6.7,22,0,3,12.9,9,M,si,ligero
PAC004168,18,54.7,160,21.4,89,94,110,84,74,82,6.2,179,51,133,40,0.7,123,1.8,7.4,12.1,5,3573,8.3,6,23,2,9.7,5,M,no,ligero
PAC004169,81,98.0,146,46.0,112,93,164,113,75,115,6.4,256,51,138,166,0.68,122,6.8,17.3,17.2,1,3949,6.8,13,12,3,13.5,6,M,no,sedentario
PAC004170,55,61.3,144,29.6,101,87,137,78,69,98,4.6,160,44,95,113,1.12,103,0.4,24.5,11.6,7,6715,6.5,13,26,2,13.6,8,M,no,sedentario
PAC004171,67,86.7,202,21.2,116,103,136,88,72,179,8.1,255,51,202,263,1.2,93,9.4,27.0,17.6,0,1969,9.1,11,0,0,11.4,6,F,no,activo
PAC004172,90,78.3,155,32.6,113,97,155,103,73,98,6.0,196,34,156,165,0.85,73,1.3,34.7,14.2,4,1229,5.5,5,10,3,11.2,7,F,no,sedentario
PAC004173,52,90.8,151,39.8,83,101,126,57,94,105,5.6,188,60,110,46,1.11,86,5.5,20.5,10.5,6,15325,6.6,14,22,3,14.4,10,F,no,ligero
PAC004174,18,63.9,178,20.2,73,109,127,77,74,88,4.1,194,51,107,156,1.45,105,2.1,28.9,15.7,6,15977,7.9,0,0,4,2.4,4,F,no,sedentario
PAC004175,46,90.3,182,27.3,124,89,139,78,67,133,7.4,286,41,163,229,1.29,73,8.0,25.2,14.4,0,8541,8.9,8,13,3,5.7,5,F,si,sedentario
PAC004176,29,61.5,153,26.3,99,104,127,76,105,70,4.8,150,51,94,118,1.05,98,4.5,24.0,12.5,2,3406,7.4,4,22,4,7.5,8,M,no,sedentario
PAC004177,55,83.2,143,40.7,108,75,122,108,93,105,5.2,254,40,157,120,0.52,78,4.9,28.1,17.1,3,6281,4.9,9,9,2,11.3,7,M,no,sedentario
PAC004178,67,67.7,153,28.9,117,96,159,96,91,117,6.4,212,51,105,170,0.72,62,7.6,36.3,14.0,0,5015,6.8,6,0,1,14.7,3,F,si,sedentario
PAC004179,25,40.0,166,14.5,79,117,120,79,49,99,4.3,156,67,99,177,1.15,104,0.1,27.4,16.0,13,11051,8.3,4,0,7,5.7,6,M,no,activo
PAC004180,54,98.5,196,25.6,128,108,132,87,103,149,7.3,251,51,172,259,1.27,83,6.8,46.2,15.0,0,4104,7.7,4,10,2,11.4,8,M,no,sedentario
PAC004181,36,82.5,166,29.9,80,96,108,84,54,98,5.1,143,74,41,85,1.23,106,0.1,25.1,14.2,4,9956,9.0,11,5,4,4.9,5,F,no,ligero
PAC004182,23,58.3,158,23.4,71,104,122,57,72,100,4.1,207,70,113,67,1.2,92,0.7,46.9,14.9,12,11829,8.1,0,3,7,7.1,4,F,si,sedentario
PAC004183,33,83.0,167,29.8,77,97,128,64,76,70,4.6,233,74,114,98,1.03,112,2.0,41.6,14.9,5,15979,8.4,10,4,5,8.3,3,F,no,ligero
PAC004184,27,58.4,157,23.7,60,95,114,71,61,90,6.1,172,72,95,40,0.91,110,0.1,36.0,15.7,9,10241,8.4,0,7,6,3.1,3,F,si,sedentario
PAC004185,32,40.0,178,12.6,77,95,120,64,67,72,4.9,191,72,111,95,1.06,93,0.8,31.7,14.8,6,10919,9.3,5,0,8,8.1,0,M,si,sedentario
PAC004186,27,53.6,151,23.5,89,121,123,80,73,101,5.8,195,57,104,100,1.14,90,0.4,5.0,11.0,4,7916,8.6,28,24,0,8.8,9,M,si,ligero
PAC004187,24,57.9,163,21.8,73,86,115,68,45,130,5.4,177,95,81,103,1.11,94,0.1,43.8,16.5,11,18267,8.2,0,0,4,7.6,5,M,si,activo
PAC004188,72,110.8,149,49.9,87,113,162,100,68,92,6.1,207,51,161,231,0.44,65,7.6,28.7,17.1,0,8599,5.8,12,0,2,16.4,7,M,no,sedentario
PAC004189,59,99.5,194,26.4,111,112,137,106,84,129,6.2,255,47,140,293,0.94,84,9.1,39.6,13.9,0,4211,9.4,14,10,0,15.2,8,F,si,sedentario
PAC004190,31,63.5,167,22.8,66,93,136,68,68,110,6.0,173,71,109,132,0.91,130,0.1,43.6,15.4,4,12292,7.9,12,6,4,7.4,7,M,si,activo
PAC004191,41,64.5,165,23.7,97,91,107,85,63,77,4.2,110,55,98,119,0.89,94,0.1,52.0,15.6,10,10408,9.2,0,3,7,5.9,2,F,si,ligero
PAC004192,74,73.5,140,37.5,116,95,160,116,85,85,6.2,195,62,117,157,0.49,85,7.3,27.1,16.7,0,9078,6.0,16,8,3,10.5,7,F,si,ligero
PAC004193,46,77.6,151,34.0,103,112,114,74,82,90,4.6,174,45,119,73,1.07,90,2.3,13.8,11.2,4,10619,9.6,11,11,2,7.9,8,M,si,sedentario
PAC004194,48,45.2,184,13.4,69,92,113,63,64,86,5.3,194,54,127,74,1.45,87,0.1,42.2,14.5,8,15052,9.5,5,6,4,7.8,2,M,no,ligero
PAC004195,71,68.9,197,17.8,132,108,166,103,86,126,7.8,248,47,148,221,1.2,77,11.3,35.5,16.0,0,4545,7.2,0,16,2,10.7,10,M,si,ligero
PAC004196,23,40.0,152,17.3,79,101,120,67,81,77,6.5,206,56,123,62,0.84,78,5.0,27.9,11.1,5,7555,8.9,27,27,4,11.8,6,M,no,ligero
PAC004197,58,93.3,140,47.6,119,85,155,97,66,112,6.1,195,41,187,195,0.5,80,4.9,21.4,16.1,2,9034,5.8,11,0,1,11.9,6,F,no,ligero
PAC004198,40,88.3,199,22.3,128,99,116,81,86,133,7.1,244,25,149,255,1.32,61,10.1,11.7,14.9,2,500,8.9,14,0,1,13.0,6,F,no,sedentario
PAC004199,23,91.6,158,36.7,69,110,104,62,50,75,4.6,147,41,56,110,1.06,113,2.5,34.1,15.4,7,10309,7.6,2,7,6,7.2,3,M,no,ligero
PAC004200,51,93.1,147,43.1,103,81,154,97,80,91,4.9,216,45,127,173,0.63,77,4.2,29.3,16.9,0,4192,5.8,1,0,2,10.1,6,F,si,sedentario
PAC004201,52,44.1,170,15.3,60,105,129,69,60,90,5.5,174,51,135,179,1.18,112,0.6,31.7,15.8,8,18044,8.8,7,0,7,2.0,0,F,no,ligero
PAC004202,68,110.3,160,43.1,109,88,153,105,92,94,5.8,232,55,137,217,0.44,72,3.9,17.3,15.3,1,2475,5.8,12,2,0,10.2,9,M,no,ligero
PAC004203,18,70.6,164,26.2,66,102,108,54,59,101,5.9,170,72,142,80,0.67,78,2.1,30.4,13.8,10,11971,9.9,1,0,6,7.2,1,M,no,ligero
PAC004204,26,74.3,170,25.7,69,94,112,70,89,77,4.0,206,86,104,64,1.11,97,2.2,31.7,10.6,2,9578,9.4,23,30,3,10.7,8,F,no,sedentario
PAC004205,22,87.9,176,28.4,76,95,143,65,84,95,4.6,147,54,92,229,1.3,86,2.0,5.0,11.0,5,7193,9.1,1,28,1,8.4,2,F,si,ligero
PAC004206,38,105.2,160,41.1,109,105,156,97,70,75,5.9,236,52,113,208,0.67,67,3.4,38.7,18.1,0,3971,5.7,5,8,1,12.9,9,M,si,sedentario
PAC004207,53,102.4,196,26.7,108,97,123,88,74,126,7.2,198,44,147,237,1.03,96,9.3,34.8,16.2,5,2007,9.8,9,0,1,9.3,8,F,si,sedentario
PAC004208,74,83.9,193,22.5,104,84,142,95,83,140,6.5,221,34,176,278,0.71,52,10.0,40.5,15.6,0,4121,5.7,7,0,3,8.9,8,M,si,ligero
PAC004209,73,90.5,192,24.5,100,100,128,87,68,146,7.7,236,59,197,367,1.28,57,8.0,19.6,16.4,2,3736,8.9,17,0,2,9.6,7,M,si,ligero
PAC004210,26,67.0,173,22.4,83,95,108,85,82,83,5.0,201,51,120,60,1.04,98,9.8,24.6,11.9,9,9509,7.4,16,31,1,11.2,7,M,si,ligero
PAC004211,90,81.3,153,34.7,120,79,178,100,77,147,6.9,236,35,89,233,0.63,60,7.9,29.8,14.1,0,4953,4.6,0,7,4,14.4,8,M,si,activo
PAC004212,61,90.2,147,41.7,107,97,145,100,53,128,7.3,165,50,146,102,0.44,86,6.3,30.9,16.2,1,6441,7.2,19,0,2,17.0,8,F,si,sedentario
PAC004213,35,68.6,167,24.6,79,86,103,57,61,73,6.1,189,77,104,131,1.03,120,0.1,35.9,13.9,9,14505,8.4,9,0,2,10.4,0,M,no,sedentario
PAC004214,64,102.3,194,27.2,113,103,124,93,90,144,7.2,152,67,129,227,1.16,70,7.5,24.7,17.0,0,500,8.7,19,8,0,15.2,7,M,si,ligero
PAC004215,75,92.0,194,24.4,100,102,139,93,80,138,7.1,244,36,204,248,1.34,101,6.2,32.5,12.6,0,7272,8.3,12,3,0,5.4,10,F,si,ligero
PAC004216,53,76.1,186,22.0,107,122,161,76,85,144,5.5,238,51,133,381,1.41,79,8.1,44.8,14.6,1,3252,8.1,15,12,1,6.5,6,M,no,sedentario
PAC004217,18,62.3,177,19.9,70,110,146,69,55,95,5.5,186,65,92,97,0.63,86,2.7,24.1,17.3,8,8944,7.4,9,5,3,6.3,2,F,si,activo
PAC004218,24,50.6,161,19.5,74,84,115,76,45,98,6.3,150,52,148,97,0.92,112,2.3,39.8,12.8,10,13296,7.6,2,6,3,2.9,0,M,no,ligero
PAC004219,71,87.7,150,39.0,106,96,165,84,85,113,5.1,258,44,207,205,0.4,83,3.7,38.2,16.5,1,9887,5.8,5,0,2,12.3,8,M,si,sedentario
PAC004220,28,60.6,178,19.1,88,89,115,65,69,81,6.0,207,72,96,108,1.22,89,2.2,22.4,14.1,8,12665,8.1,0,0,4,6.1,5,F,no,ligero
PAC004221,18,54.7,163,20.6,74,112,129,64,63,61,6.0,186,70,110,117,1.07,82,0.1,37.2,14.4,10,14211,7.1,5,0,6,3.7,0,F,si,sedentario
PAC004222,70,87.6,140,44.7,92,82,191,111,80,64,6.4,238,46,166,174,0.6,80,3.6,43.3,17.6,3,500,8.0,7,1,0,10.0,10,F,no,ligero
PAC004223,48,94.7,202,23.2,107,109,121,89,75,116,7.5,238,35,154,192,0.96,99,4.4,37.8,15.4,1,4223,10.5,12,8,1,8.5,4,F,si,sedentario
PAC004224,63,79.4,183,23.7,106,110,144,82,72,150,7.3,280,29,195,249,1.24,96,7.5,42.9,13.3,0,4625,9.8,16,7,1,11.0,8,M,si,sedentario
PAC004225,38,44.0,169,15.4,80,103,124,72,57,87,4.0,146,78,106,40,1.1,102,0.1,48.9,16.4,3,16694,8.4,0,5,5,4.9,3,M,no,ligero
PAC004226,51,66.8,167,24.0,84,113,131,79,45,73,4.5,204,48,128,103,1.08,112,1.6,28.4,12.6,14,11186,5.8,6,3,8,3.3,2,M,si,activo
PAC004227,43,43.8,162,16.7,60,98,123,83,55,107,5.1,123,59,99,40,1.25,99,0.1,32.4,15.4,10,15682,8.5,0,0,6,11.3,0,M,si,sedentario
PAC004228,32,77.4,169,27.1,76,85,126,74,53,112,6.1,181,45,142,40,0.76,107,2.4,44.0,16.4,8,9493,9.1,17,1,5,2.3,0,M,no,activo
PAC004229,68,98.4,203,23.9,118,106,158,95,73,130,7.2,241,25,147,203,0.89,79,6.0,51.8,13.7,5,500,10.5,10,9,0,3.5,7,F,si,ligero
PAC004230,22,85.7,154,36.1,81,95,99,93,61,101,4.0,173,67,115,58,1.26,107,0.3,37.9,16.5,11,10619,10.2,0,11,7,4.6,2,M,no,activo
PAC004231,22,63.5,164,23.6,66,97,129,67,61,98,4.6,112,59,93,124,1.46,115,2.0,26.5,15.9,6,5783,6.4,12,0,6,5.5,2,F,si,sedentario
PAC004232,75,96.3,185,28.1,96,95,157,84,81,138,6.8,220,44,138,327,1.34,103,10.6,41.6,15.0,2,4543,9.8,9,0,2,7.7,6,F,si,sedentario
PAC004233,75,101.3,190,28.1,123,95,117,107,86,133,6.6,240,38,132,226,1.04,86,7.3,33.9,15.9,0,3217,7.5,11,2,0,10.9,7,M,no,activo
PAC004234,49,98.7,191,27.1,113,85,121,90,69,140,7.3,319,25,152,253,1.11,79,5.6,44.1,14.8,2,7121,8.9,1,7,1,10.8,8,M,no,ligero
PAC004235,53,85.4,140,43.6,95,89,127,93,93,96,5.6,286,63,178,166,0.69,84,3.6,26.3,16.0,0,1519,7.8,10,18,1,17.4,6,M,si,sedentario
PAC004236,52,85.2,195,22.4,130,82,139,84,89,108,7.3,328,74,213,188,1.33,77,8.6,30.2,14.3,1,6448,7.8,17,4,1,10.5,8,F,no,sedentario
PAC004237,62,81.2,197,20.9,120,111,121,87,87,131,7.5,198,37,176,279,1.12,64,5.0,34.5,13.6,0,6610,10.1,10,6,3,9.3,4,F,no,sedentario
PAC004238,38,55.0,160,21.5,84,80,120,86,86,112,4.7,214,43,138,149,1.08,73,5.8,30.4,12.2,7,5694,8.7,16,35,4,11.0,9,F,no,sedentario
PAC004239,79,92.2,195,24.2,123,91,146,79,78,149,7.4,255,38,170,336,1.21,90,2.9,30.0,15.8,0,2775,8.5,0,4,0,8.3,7,F,si,sedentario
PAC004240,30,69.5,167,24.9,82,88,122,82,89,107,4.6,253,41,108,168,0.74,129,3.8,16.1,10.6,7,8854,8.1,16,28,3,13.0,10,M,si,activo
PAC004241,49,73.5,160,28.7,93,111,125,74,54,60,4.0,169,63,96,176,1.0,79,1.9,30.9,12.6,5,14565,7.8,0,12,7,7.4,3,M,no,activo
PAC004242,18,51.4,183,15.3,77,103,103,56,58,94,5.3,166,72,95,40,1.04,99,0.1,36.9,14.0,8,18857,7.6,0,4,6,7.2,6,F,no,ligero
PAC004243,33,76.8,149,34.6,90,95,113,76,63,87,4.4,214,71,79,175,0.83,115,1.9,38.2,13.7,8,15331,7.4,0,1,6,2.9,10,M,no,ligero
PAC004244,33,50.8,166,18.4,60,91,90,74,69,76,5.0,260,56,115,93,1.18,106,0.1,32.5,16.8,10,13607,7.7,0,4,3,7.4,3,F,no,activo
PAC004245,31,60.0,177,19.2,81,99,99,78,60,61,4.8,134,55,153,120,1.03,84,1.6,31.4,13.7,11,17649,9.8,0,0,7,2.0,7,M,no,ligero
PAC004246,37,52.7,174,17.4,94,78,108,63,61,126,6.0,162,51,47,101,1.33,82,2.8,47.7,12.5,15,15388,6.4,3,0,7,8.8,4,F,si,ligero
PAC004247,74,84.9,192,23.0,111,100,135,84,58,115,7.5,206,63,156,315,1.17,81,10.2,32.3,14.8,0,5572,10.0,10,13,0,9.6,7,M,si,ligero
PAC004248,18,87.2,161,33.6,79,92,139,77,69,90,5.7,165,68,144,168,0.59,108,6.8,15.0,14.1,2,7447,6.8,13,27,0,7.8,10,M,si,activo
PAC004249,46,98.4,186,28.4,111,99,144,96,79,129,7.8,278,38,145,315,0.98,71,6.7,37.5,15.6,0,1923,9.6,13,4,1,11.7,10,M,no,ligero
PAC004250,46,99.6,205,23.7,99,97,131,76,83,130,6.8,239,47,154,142,1.2,88,2.4,28.5,13.4,0,500,8.0,21,14,2,10.9,8,F,si,ligero
PAC004251,65,97.4,140,49.7,103,104,177,89,74,111,6.0,256,34,85,142,0.79,76,2.2,26.0,15.1,0,1801,6.8,11,0,1,11.5,3,F,no,sedentario
PAC004252,59,90.5,201,22.4,110,93,142,89,90,131,8.4,217,53,134,275,1.23,104,9.4,39.1,12.7,0,3903,10.0,17,2,1,15.2,8,M,si,ligero
PAC004253,49,61.7,168,21.9,73,116,134,82,63,61,6.2,194,60,134,121,1.39,130,0.1,19.8,14.7,15,11965,9.1,13,1,8,7.9,1,F,si,sedentario
PAC004254,18,68.6,162,26.1,94,96,100,64,45,99,4.0,204,83,96,58,1.24,121,1.7,34.9,16.1,11,9839,10.2,8,0,5,2.5,0,F,no,ligero
PAC004255,41,86.2,141,43.4,87,83,100,74,91,80,4.9,132,66,60,46,1.06,118,0.1,13.0,10.7,9,9921,8.1,9,30,1,11.7,7,F,si,activo
PAC004256,66,82.2,195,21.6,121,83,136,89,76,110,7.1,218,34,152,279,1.17,49,9.2,24.3,14.0,0,5972,9.0,0,19,0,10.3,7,M,no,sedentario
PAC004257,41,86.6,151,38.0,78,96,168,99,76,88,5.0,207,44,168,200,0.82,80,0.5,27.5,14.8,4,6036,6.3,16,1,2,13.1,7,M,no,ligero
PAC004258,55,103.3,205,24.6,131,101,132,97,67,121,8.6,266,35,131,179,1.07,48,12.1,25.7,16.9,2,756,9.8,7,2,2,8.2,10,M,si,ligero
PAC004259,42,76.1,184,22.5,113,95,124,67,81,145,7.3,223,25,222,201,1.31,69,7.0,44.2,15.5,0,6271,8.8,10,0,0,9.2,6,F,no,sedentario
PAC004260,45,93.0,143,45.5,89,108,140,100,72,91,6.1,222,25,184,276,0.4,111,5.3,22.9,16.7,0,3844,6.9,10,11,1,9.6,7,M,no,ligero
PAC004261,89,86.0,140,43.9,89,103,145,101,82,116,6.8,231,48,181,184,0.4,73,3.7,31.3,13.9,1,4352,6.1,16,0,5,10.6,9,M,no,sedentario
PAC004262,30,58.8,168,20.8,86,101,125,61,63,95,6.8,128,67,75,78,1.28,99,0.8,29.2,16.3,9,12267,6.6,5,3,3,5.6,5,F,no,sedentario
PAC004263,51,117.2,191,32.1,89,97,133,88,83,143,6.1,274,37,143,263,1.53,61,6.2,33.9,12.9,0,4299,9.0,20,0,1,5.9,7,F,si,sedentario
PAC004264,30,66.6,156,27.4,90,81,123,67,92,107,4.5,182,51,98,182,0.97,68,6.7,21.5,10.9,10,2933,9.4,14,18,2,13.4,6,M,no,ligero
PAC004265,80,86.3,142,42.8,109,82,160,88,74,98,4.1,226,52,137,181,0.45,54,4.4,36.2,16.0,1,6159,7.8,3,0,0,10.8,5,M,no,activo
PAC004266,25,74.4,153,31.8,85,102,125,85,77,82,4.9,171,59,137,110,0.91,73,4.3,15.7,11.6,10,14095,5.0,29,30,3,7.0,10,M,no,activo
PAC004267,80,78.9,143,38.6,84,95,168,101,84,96,5.2,248,50,131,213,0.4,105,4.1,35.9,15.3,0,3285,7.0,4,10,0,11.4,6,F,no,sedentario
PAC004268,74,81.1,205,19.3,139,102,136,85,65,128,7.8,244,33,110,194,1.06,91,4.1,31.1,12.7,3,4035,8.1,8,11,0,12.6,9,F,no,ligero
PAC004269,18,76.2,165,28.0,105,96,124,83,86,68,4.6,192,57,85,48,0.9,90,5.5,27.9,9.1,7,5923,10.0,19,34,1,14.7,10,F,si,ligero
PAC004270,48,57.9,149,26.1,93,94,133,109,77,110,5.6,218,41,124,213,0.81,87,0.1,32.8,16.0,2,5733,4.4,7,0,3,12.4,9,F,no,sedentario
PAC004271,45,71.1,176,23.0,71,100,122,74,45,60,4.5,160,76,108,114,0.82,119,1.3,27.9,16.5,10,12556,5.5,0,0,6,9.0,6,M,no,activo
PAC004272,43,53.4,175,17.4,103,105,113,63,61,106,5.8,182,89,83,40,0.78,102,0.1,41.1,15.2,4,5156,7.2,0,6,4,4.6,2,M,no,sedentario
PAC004273,38,48.9,162,18.6,80,121,121,74,63,71,6.0,201,62,109,40,1.13,98,0.2,11.8,16.3,10,15422,8.2,9,4,6,2.0,1,M,no,activo
PAC004274,65,99.0,197,25.5,87,104,150,77,95,115,6.8,241,25,172,225,1.14,56,8.2,33.5,14.6,0,5563,9.6,7,14,0,10.5,6,F,no,sedentario
PAC004275,18,64.5,172,21.8,79,93,145,62,64,85,6.2,110,56,86,119,0.99,84,0.1,31.0,14.6,9,12180,7.8,4,0,7,7.1,5,M,si,ligero
PAC004276,79,79.3,143,38.8,111,93,137,97,87,85,5.7,242,31,169,127,0.5,60,6.2,44.6,17.1,0,5793,6.9,17,0,3,11.2,6,M,si,sedentario
PAC004277,18,63.6,184,18.8,88,86,90,77,47,77,4.0,166,65,103,40,1.13,99,2.7,42.8,14.5,9,12419,7.4,8,7,6,3.0,3,F,no,sedentario
PAC004278,18,60.2,158,24.1,71,104,114,74,65,65,4.9,178,72,71,87,0.94,118,3.3,62.9,15.4,10,13598,9.3,0,0,8,5.5,2,F,no,sedentario
PAC004279,59,96.9,151,42.5,107,82,186,89,73,114,6.9,264,32,149,136,0.58,65,4.6,26.0,14.8,0,3929,6.5,2,8,1,12.0,5,M,si,sedentario
PAC004280,18,67.5,161,26.0,79,83,111,64,47,60,5.2,194,58,122,97,0.9,91,0.1,39.9,11.9,6,8637,7.5,0,0,6,3.9,3,M,no,ligero
PAC004281,25,66.1,155,27.5,103,110,127,71,87,117,4.0,178,42,118,165,1.07,105,3.9,41.7,13.3,6,8418,9.5,20,26,1,10.3,9,M,no,ligero
PAC004282,74,91.7,142,45.5,91,101,159,96,85,105,6.3,257,61,167,161,0.4,74,4.2,26.4,15.3,0,3047,3.0,12,3,1,11.4,10,M,no,ligero
PAC004283,44,53.2,154,22.4,87,118,125,86,62,83,5.6,128,69,130,73,1.12,101,6.0,49.4,14.8,11,13657,9.2,10,0,5,6.1,4,M,no,ligero
PAC004284,49,100.8,183,30.1,102,96,139,88,91,136,7.3,204,26,191,372,1.12,56,6.2,45.6,18.1,5,4070,7.7,19,11,4,7.9,8,F,si,ligero
PAC004285,41,60.5,164,22.5,75,100,115,66,71,78,4.0,153,61,52,78,0.99,120,1.2,42.0,13.4,6,20000,8.8,0,1,5,8.7,3,M,no,ligero
PAC004286,29,49.5,186,14.3,61,84,102,58,61,105,4.4,200,68,109,56,0.83,111,4.0,30.6,16.2,9,11699,8.0,3,5,6,8.6,4,M,si,ligero
PAC004287,49,64.9,140,33.1,97,86,162,86,68,116,5.0,228,41,200,283,0.4,50,2.5,27.6,15.0,1,500,6.1,12,0,0,14.4,7,M,si,activo
PAC004288,33,56.6,164,21.0,83,80,113,77,70,68,5.9,184,55,98,107,0.94,88,4.9,35.5,14.2,1,4081,5.6,26,27,4,9.7,7,M,si,activo
PAC004289,86,79.7,143,39.0,92,98,160,99,80,123,5.8,221,48,140,59,0.45,64,5.7,29.2,15.8,0,4017,5.9,16,4,3,12.5,9,F,no,ligero
PAC004290,25,60.5,177,19.3,80,96,130,76,67,74,5.2,175,69,102,183,1.0,92,0.6,30.2,11.7,6,9919,8.4,17,10,2,6.7,4,M,no,activo
PAC004291,47,93.7,194,24.9,93,93,134,88,67,112,7.7,281,25,95,220,1.2,52,6.9,44.3,16.8,0,4274,8.5,16,3,4,11.1,8,M,si,activo
PAC004292,77,80.4,144,38.8,104,80,146,104,65,108,5.4,249,59,154,253,0.54,78,9.2,31.0,15.4,2,500,6.0,6,3,3,13.4,7,F,no,sedentario
PAC004293,35,76.9,165,28.2,60,123,99,76,58,74,4.6,180,51,142,57,1.05,109,0.1,40.2,16.1,10,13334,8.2,6,0,6,6.7,2,M,si,sedentario
PAC004294,50,104.0,181,31.7,129,108,152,113,78,100,7.8,270,54,146,340,1.15,82,5.4,31.1,14.8,0,500,9.1,4,1,4,7.2,7,F,no,sedentario
PAC004295,46,83.8,193,22.5,127,99,155,107,76,119,7.7,253,46,129,369,1.48,66,6.9,40.8,14.4,0,6939,10.5,3,8,0,12.8,8,F,no,sedentario
PAC004296,51,41.9,170,14.5,88,110,122,67,58,91,5.4,172,66,127,66,1.08,104,0.1,32.6,12.1,10,8534,9.2,8,5,2,6.6,0,F,no,sedentario
PAC004297,48,78.3,143,38.3,131,94,179,91,85,64,5.2,292,50,109,245,0.8,52,4.0,30.3,14.9,4,3515,6.7,5,0,1,13.0,10,M,no,ligero
PAC004298,18,52.3,164,19.4,80,87,121,77,77,80,5.4,239,85,85,121,0.99,130,4.3,32.0,12.5,4,11004,7.1,29,13,5,11.0,8,F,si,sedentario
PAC004299,33,83.1,171,28.4,93,96,104,67,73,96,5.0,161,69,115,203,0.55,126,4.5,16.7,10.2,7,7448,6.9,29,24,0,13.4,10,M,si,ligero
PAC004300,35,61.7,172,20.9,81,78,105,69,80,80,5.0,171,82,82,160,0.8,106,3.2,28.0,15.6,10,8145,7.9,8,0,6,5.3,1,M,no,activo
PAC004301,49,70.9,204,17.0,92,89,110,91,70,134,7.5,280,42,173,120,0.97,41,7.2,33.7,16.5,0,1674,6.1,10,9,1,12.9,6,F,no,activo
PAC004302,69,90.8,158,36.4,106,102,143,90,91,87,6.4,170,25,125,205,0.4,64,4.6,31.8,15.7,0,4558,6.4,21,0,2,7.9,7,M,no,ligero
PAC004303,27,84.5,167,30.3,71,95,124,73,93,82,4.3,238,64,84,40,0.45,101,1.8,19.7,11.8,4,6599,6.6,23,31,0,7.9,6,M,no,ligero
PAC004304,19,45.7,157,18.5,86,104,124,66,65,60,6.0,199,63,108,51,1.09,98,0.7,41.6,16.5,10,14497,8.6,0,3,4,6.1,2,F,no,activo
PAC004305,21,74.2,172,25.1,78,99,127,77,65,83,4.2,150,63,134,203,0.88,89,0.1,44.9,15.3,7,10998,9.3,14,0,4,6.2,3,F,no,ligero
PAC004306,36,94.4,186,27.3,120,129,158,107,69,149,6.1,206,34,173,205,1.31,65,4.8,33.0,15.1,0,6081,11.0,14,12,1,12.9,10,F,no,sedentario
PAC004307,43,54.0,154,22.8,74,90,124,81,64,89,4.9,169,52,87,80,1.02,127,3.0,34.9,11.7,6,11210,7.4,30,26,4,11.9,9,F,no,sedentario
PAC004308,40,77.4,154,32.6,64,89,143,75,80,85,4.4,179,62,101,200,0.83,111,0.1,22.6,13.3,4,3081,6.8,20,37,4,7.4,3,M,no,ligero
PAC004309,81,84.2,197,21.7,121,91,129,88,64,160,6.9,238,26,170,245,1.27,89,6.0,32.2,15.1,0,3005,9.9,5,0,1,14.9,8,F,no,sedentario
PAC004310,90,93.1,155,38.8,132,80,156,94,87,108,6.3,246,48,147,197,0.61,64,0.1,16.0,15.0,0,4560,6.4,13,3,0,10.7,9,F,si,activo
PAC004311,29,63.7,161,24.6,69,105,121,64,55,120,4.3,188,57,92,56,1.01,89,2.0,11.9,14.7,11,10053,8.7,4,0,3,3.4,1,M,si,ligero
PAC004312,37,94.6,200,23.6,119,101,145,89,85,117,7.3,232,27,127,270,1.03,67,4.2,30.6,15.6,0,8970,9.7,11,0,1,12.2,8,F,si,sedentario
PAC004313,49,72.1,140,36.8,93,94,154,108,80,110,6.3,254,44,191,169,0.4,96,4.1,37.9,15.7,0,5613,9.2,17,11,1,11.9,2,M,si,sedentario
PAC004314,82,81.2,205,19.3,113,103,167,91,72,136,7.5,221,36,177,262,0.89,85,7.9,32.4,15.5,0,1978,8.5,15,13,0,13.5,2,M,si,activo
PAC004315,68,98.5,184,29.1,100,104,148,93,75,128,8.1,267,44,195,378,1.26,58,3.3,36.7,15.3,5,4686,7.8,10,8,3,11.1,7,F,si,ligero
PAC004316,49,108.0,201,26.7,110,107,143,83,95,137,7.3,210,25,146,306,1.18,70,7.4,52.6,17.0,0,7887,7.8,7,15,3,11.0,8,F,si,sedentario
PAC004317,84,60.2,155,25.1,96,83,143,107,85,120,6.3,240,59,100,245,0.73,105,2.2,20.0,17.7,0,5330,6.2,20,0,4,15.5,8,M,no,ligero
PAC004318,75,63.7,150,28.3,114,88,151,104,82,119,6.0,221,56,147,71,0.53,61,2.5,23.6,17.6,3,1264,5.6,0,0,2,11.6,7,F,si,sedentario
PAC004319,30,59.7,170,20.7,72,104,133,55,73,72,5.5,160,67,91,40,1.45,79,3.4,45.2,14.4,7,14024,6.5,13,16,5,2.0,0,M,no,activo
PAC004320,18,50.3,179,15.7,92,94,119,82,65,93,5.1,160,67,125,40,1.22,84,0.4,33.6,14.2,12,11980,6.3,12,0,6,6.3,2,F,si,sedentario
PAC004321,37,40.0,172,13.5,64,99,103,71,51,94,4.7,166,51,130,92,1.22,116,0.1,31.0,15.5,11,13701,9.5,6,2,7,7.3,2,M,no,sedentario
PAC004322,24,50.6,167,18.1,74,83,106,66,55,93,5.2,172,76,83,40,1.16,92,1.4,27.9,17.0,10,14513,6.9,0,0,6,2.4,3,M,si,activo
PAC004323,22,61.3,184,18.1,90,83,122,73,64,80,4.0,129,63,55,134,1.04,106,0.1,37.4,15.6,7,17353,7.9,5,0,9,4.0,1,M,si,activo
PAC004324,18,48.2,165,17.7,77,97,117,73,77,136,4.4,184,55,136,67,1.17,97,0.1,23.2,12.7,5,7990,8.6,15,21,2,13.1,7,F,no,activo
PAC004325,18,76.4,156,31.4,77,95,125,76,72,76,5.0,204,58,124,152,1.12,92,3.0,24.9,14.9,8,13435,10.7,0,3,6,5.4,6,M,no,activo
PAC004326,27,73.6,157,29.9,77,97,124,81,89,63,4.2,167,85,151,94,0.91,127,3.0,21.8,9.3,5,10504,7.6,26,20,2,10.3,7,F,no,activo
PAC004327,37,64.1,155,26.7,97,98,133,90,67,76,5.5,175,64,120,126,1.07,117,0.2,44.4,14.6,6,17213,8.4,1,14,6,3.7,3,M,no,ligero
PAC004328,82,81.9,147,37.9,120,89,148,112,72,85,7.0,179,34,192,177,0.4,51,1.8,33.3,15.1,4,7598,6.3,0,2,0,12.6,5,F,si,sedentario
PAC004329,18,61.8,158,24.8,103,99,106,92,73,88,4.4,189,61,117,120,1.31,100,0.6,15.9,11.8,10,8296,8.2,20,17,2,8.6,9,F,no,activo
PAC004330,26,61.8,153,26.4,95,86,93,92,82,76,5.1,214,47,83,58,1.0,99,2.3,26.8,10.1,1,9796,7.6,15,4,0,4.8,10,M,si,activo
PAC004331,34,66.9,174,22.1,91,105,127,81,65,60,4.5,217,55,95,75,1.15,98,0.1,58.7,14.8,13,11606,7.4,0,2,4,6.3,5,M,no,sedentario
PAC004332,90,74.7,153,31.9,128,111,164,91,65,135,5.4,231,49,114,193,0.6,59,7.7,18.9,17.4,0,2222,4.5,3,17,2,15.7,5,M,no,activo
PAC004333,21,65.5,152,28.4,81,101,120,76,78,60,5.4,200,46,111,71,1.09,84,0.5,47.8,12.7,7,15338,7.8,5,0,3,3.7,6,F,no,ligero
PAC004334,61,82.1,195,21.6,104,102,141,92,89,129,7.7,199,35,134,374,1.14,83,4.5,39.4,15.3,5,6270,8.3,11,4,1,7.9,8,M,no,ligero
PAC004335,33,74.4,168,26.4,90,98,114,78,79,91,5.9,220,72,98,40,0.83,79,1.5,11.0,8.9,0,5359,8.4,21,21,1,8.1,5,M,si,ligero
PAC004336,29,77.6,150,34.5,116,99,161,77,97,103,5.9,255,62,130,191,0.67,58,10.0,26.8,15.0,2,3417,6.4,5,10,0,11.0,10,M,no,sedentario
PAC004337,18,81.0,170,28.0,68,107,126,89,85,111,5.1,197,53,141,179,1.19,99,0.6,12.1,12.3,3,8466,7.4,21,24,1,9.9,6,M,no,sedentario
PAC004338,64,107.6,195,28.3,90,109,155,96,78,146,8.5,239,50,164,340,1.33,85,7.9,31.7,14.4,0,1957,9.3,8,0,2,7.5,4,F,si,sedentario
PAC004339,85,80.4,140,41.0,118,103,168,84,79,89,4.5,184,47,106,188,0.54,86,7.4,38.4,16.7,0,4393,4.6,1,7,4,13.8,8,M,si,sedentario
PAC004340,28,67.9,164,25.2,91,96,112,88,93,81,6.1,177,67,91,40,0.7,100,0.4,38.6,10.6,5,10908,7.5,21,23,3,4.9,10,M,si,ligero
PAC004341,22,67.0,172,22.6,82,99,104,59,52,101,4.5,192,74,108,40,1.17,64,0.1,32.7,13.3,6,15707,8.8,0,0,5,6.0,2,F,no,sedentario
PAC004342,66,89.7,205,21.3,114,96,151,87,88,127,7.6,276,25,137,218,1.35,64,4.8,49.1,17.8,0,4409,7.9,11,9,0,11.3,5,F,no,ligero
PAC004343,34,67.3,171,23.0,87,87,142,86,69,77,4.9,186,57,57,112,0.86,110,2.2,30.0,13.5,14,11871,7.5,7,10,4,4.4,4,F,si,ligero
PAC004344,90,115.1,205,27.4,113,91,132,72,70,125,8.0,310,49,178,324,1.16,85,3.5,33.7,15.2,0,5513,7.1,10,0,0,10.8,6,M,si,ligero
PAC004345,52,57.6,163,21.7,78,93,138,80,88,77,5.6,169,54,57,54,1.16,94,0.1,30.6,11.1,3,9875,7.1,27,26,2,4.8,6,F,no,ligero
PAC004346,82,102.0,179,31.8,102,98,118,99,79,122,8.4,294,25,120,248,0.8,80,5.6,40.6,14.6,0,2760,8.6,8,0,1,9.9,8,F,no,ligero
PAC004347,79,90.6,190,25.1,119,116,136,79,77,131,7.3,212,25,136,223,1.02,95,7.7,28.4,16.9,0,5391,8.8,9,7,2,9.1,10,F,si,sedentario
PAC004348,46,79.5,175,26.0,63,102,129,90,74,80,5.3,178,63,104,40,1.25,103,0.1,34.1,14.9,11,12323,9.0,17,0,7,6.1,1,M,no,ligero
PAC004349,22,71.4,165,26.2,66,106,115,60,58,80,4.2,161,64,70,123,1.3,118,0.1,30.2,16.4,10,10802,8.0,12,0,6,5.7,1,F,si,sedentario
PAC004350,18,69.2,155,28.8,97,99,107,72,59,80,4.9,188,76,101,51,1.13,128,1.7,43.4,16.2,12,9949,8.7,5,2,6,5.4,0,F,no,ligero
PAC004351,66,79.3,152,34.3,119,86,169,119,66,112,6.6,216,50,133,248,0.79,101,0.3,19.9,16.0,0,1601,6.5,6,10,3,14.6,7,M,si,ligero
PAC004352,85,88.6,183,26.5,125,110,151,78,65,171,6.6,212,51,169,246,1.17,60,6.8,45.4,13.0,2,2667,8.8,13,7,0,11.1,8,F,si,sedentario
PAC004353,40,112.5,156,46.2,115,92,181,90,66,94,5.9,255,67,153,189,0.46,73,1.4,33.9,18.0,2,6644,7.9,8,2,2,16.1,7,M,si,ligero
PAC004354,55,78.3,156,32.2,85,96,124,69,76,105,4.9,155,61,82,125,0.7,104,2.9,26.9,11.2,8,11925,8.7,6,17,0,8.6,10,F,no,sedentario
PAC004355,62,92.2,199,23.3,83,110,134,91,90,147,6.9,221,40,153,216,1.0,79,4.8,16.9,12.2,2,2926,9.7,11,25,3,6.9,10,M,no,ligero
PAC004356,39,70.5,172,23.8,91,95,138,71,69,71,4.9,189,86,87,125,1.23,112,0.4,40.4,14.2,6,8907,7.9,0,0,7,6.0,2,F,si,sedentario
PAC004357,65,86.0,144,41.5,88,88,169,95,73,131,5.3,218,66,98,167,0.4,77,3.8,20.5,16.3,0,2352,6.6,7,0,2,16.8,8,F,no,sedentario
PAC004358,49,90.9,154,38.3,68,133,119,63,57,81,4.9,146,63,67,145,1.36,115,6.5,41.6,15.8,9,7008,8.0,0,3,5,7.0,6,F,no,activo
PAC004359,28,72.0,151,31.6,79,84,132,84,84,114,4.8,144,44,127,230,0.72,92,2.6,34.1,14.7,7,10052,5.3,15,8,3,8.7,8,M,si,activo
PAC004360,32,71.4,153,30.5,93,92,121,77,68,98,6.6,163,75,158,40,1.14,104,4.8,25.2,12.5,9,5438,8.4,12,22,1,12.9,9,F,si,ligero
PAC004361,32,74.1,166,26.9,117,99,114,114,71,132,7.4,236,25,163,224,0.89,52,9.7,37.2,14.6,4,4324,9.2,22,4,0,15.2,6,F,si,sedentario
PAC004362,18,86.9,157,35.3,70,93,97,87,75,80,5.0,190,57,75,95,1.31,114,0.5,37.2,16.1,8,15152,9.0,2,7,6,7.1,2,M,no,ligero
PAC004363,72,65.5,150,29.1,126,100,182,97,76,110,5.6,173,47,123,201,0.4,80,7.1,35.4,16.7,5,3985,5.3,7,11,4,11.6,8,M,si,ligero
PAC004364,18,68.8,157,27.9,97,92,111,79,85,114,5.5,220,64,122,147,0.9,90,3.8,24.7,12.4,2,7649,8.2,28,24,1,10.3,5,M,si,ligero
PAC004365,34,60.9,165,22.4,69,106,118,77,67,70,5.8,173,67,168,40,0.96,100,0.6,33.7,15.6,12,9408,8.5,0,4,5,11.5,0,M,si,ligero
PAC004366,25,73.6,153,31.4,80,87,134,88,91,96,5.0,183,54,81,151,0.93,130,0.1,24.3,9.8,5,5873,7.7,12,20,3,6.0,7,F,si,ligero
PAC004367,40,48.5,144,23.4,86,109,110,91,47,91,5.1,202,72,62,116,1.23,104,1.4,37.1,15.7,9,10150,6.2,2,0,3,7.5,6,M,no,activo
PAC004368,62,59.3,177,18.9,72,94,124,72,66,73,5.2,239,57,93,183,1.17,110,0.1,30.6,16.2,13,11371,7.7,0,0,8,7.7,1,M,no,activo
PAC004369,18,74.0,152,32.0,91,95,150,66,86,79,7.0,182,58,91,95,1.06,73,6.4,23.7,10.7,7,14560,9.2,29,25,0,11.2,9,F,no,sedentario
PAC004370,69,83.9,196,21.8,116,107,154,93,61,132,8.0,195,32,199,276,1.19,63,8.1,44.6,15.6,1,500,11.0,18,13,0,9.6,8,F,no,sedentario
PAC004371,78,90.8,161,35.0,89,90,163,106,82,92,5.9,191,36,124,142,0.67,68,8.6,30.8,17.0,3,3817,7.5,0,3,2,13.9,6,M,si,ligero
PAC004372,48,108.6,199,27.4,118,88,116,93,79,144,7.7,224,25,155,187,1.32,58,7.4,30.0,13.6,0,7681,9.5,26,2,0,16.4,9,F,si,sedentario
PAC004373,72,75.7,141,38.1,119,109,149,91,70,109,6.8,219,28,134,126,0.4,54,6.8,31.6,17.4,0,7514,6.1,0,3,2,10.7,5,F,si,ligero
PAC004374,31,73.5,165,27.0,86,105,110,71,49,81,5.8,155,64,101,139,1.04,92,0.3,15.2,15.9,11,18172,7.0,0,0,5,9.1,4,F,no,ligero
PAC004375,18,87.3,156,35.9,68,85,119,58,80,60,5.7,180,56,118,111,0.84,113,6.3,17.9,12.3,5,5644,9.2,26,33,0,9.4,7,M,no,ligero
PAC004376,71,64.7,149,29.1,103,95,133,92,79,78,5.5,234,59,151,139,0.4,75,6.4,36.8,16.0,2,5345,6.5,0,4,3,16.8,9,M,no,sedentario
PAC004377,28,40.0,159,15.8,62,99,110,79,71,113,5.2,157,60,134,144,0.92,81,5.1,36.4,13.6,8,10923,7.9,0,0,7,2.6,3,M,no,activo
PAC004378,90,84.6,142,42.0,101,98,148,89,58,98,5.1,228,32,148,171,0.4,92,6.9,25.9,15.2,1,3846,6.3,0,0,1,12.2,5,F,no,sedentario
PAC004379,44,41.4,160,16.2,86,114,121,72,78,70,4.2,188,42,150,68,1.0,89,0.7,53.5,15.3,9,11932,7.8,2,5,5,4.7,3,F,no,activo
PAC004380,90,83.8,140,42.8,113,96,162,107,83,113,6.5,247,34,171,221,0.5,85,8.1,28.1,14.5,1,10109,6.1,8,0,3,15.4,6,M,si,sedentario
PAC004381,65,112.6,190,31.2,105,113,132,88,93,92,6.9,328,27,151,249,1.21,80,5.8,45.6,14.9,1,6557,10.3,16,3,4,9.6,5,M,no,sedentario
PAC004382,35,72.1,163,27.1,79,95,105,71,67,97,4.2,163,68,89,118,1.15,97,0.1,29.0,14.9,9,9347,6.7,5,0,5,3.1,3,M,si,ligero
PAC004383,60,86.1,147,39.8,120,98,158,101,70,92,5.8,184,60,159,187,0.43,38,4.8,45.4,17.7,0,3682,5.4,8,3,0,8.8,6,M,si,ligero
PAC004384,90,114.2,149,51.4,96,98,173,107,78,111,5.9,210,25,105,120,0.6,91,4.6,25.2,15.2,7,4207,5.4,12,7,3,11.6,6,M,si,sedentario
PAC004385,82,80.0,140,40.8,84,110,166,87,59,110,5.3,217,40,102,182,0.47,73,6.4,30.2,15.3,0,6796,4.3,11,3,6,14.1,5,M,si,sedentario
PAC004386,60,92.5,200,23.1,115,101,136,76,75,162,6.8,258,25,149,299,1.41,63,8.7,34.7,15.2,0,1221,8.7,7,11,1,10.1,7,F,si,sedentario
PAC004387,70,91.1,143,44.5,100,88,173,96,81,85,5.2,230,31,177,231,0.68,75,5.9,19.6,18.6,2,6638,8.2,2,0,4,14.2,8,M,si,sedentario
PAC004388,18,101.0,156,41.5,60,93,108,64,62,67,6.2,215,77,146,40,1.17,128,0.1,38.9,14.2,13,13337,9.3,1,0,4,12.0,5,F,no,sedentario
PAC004389,60,86.9,140,44.3,98,94,200,104,70,121,5.4,240,35,123,109,0.4,76,1.7,23.0,16.1,3,3504,6.5,24,5,3,10.3,7,M,no,activo
PAC004390,51,89.3,140,45.6,121,76,151,102,71,123,4.7,230,56,160,111,0.47,73,5.5,26.9,15.4,3,1713,6.6,3,5,2,13.1,10,F,si,sedentario
PAC004391,29,66.4,160,25.9,92,127,106,78,56,113,4.3,127,78,95,99,1.06,86,2.8,30.6,17.3,11,11831,7.0,0,0,5,6.9,4,M,no,ligero
PAC004392,18,65.2,150,29.0,85,92,120,79,94,94,4.6,174,55,110,108,0.77,82,0.1,25.0,11.4,2,15008,7.1,10,11,3,8.1,7,M,si,activo
PAC004393,67,112.3,154,47.4,122,101,161,95,87,124,5.6,241,43,125,192,0.4,99,4.1,37.1,18.3,2,6882,3.4,5,4,2,14.1,6,F,no,ligero
PAC004394,48,72.8,166,26.4,72,94,122,56,78,75,4.0,110,75,115,40,1.07,89,0.1,31.5,12.7,3,15974,7.7,0,1,4,11.1,1,M,si,ligero
PAC004395,45,69.6,180,21.5,60,99,106,82,69,74,5.2,175,58,86,95,1.19,97,0.1,28.9,14.8,12,11742,8.8,3,0,6,5.9,4,F,no,sedentario
PAC004396,38,70.8,165,26.0,91,89,135,56,76,121,5.1,122,63,132,98,0.85,102,0.1,20.5,12.5,6,9628,8.3,15,21,0,8.8,5,M,si,ligero
PAC004397,67,95.3,188,27.0,130,98,142,80,78,155,7.9,276,43,141,252,1.08,64,5.4,29.0,17.2,1,2978,8.0,5,18,1,9.8,8,F,no,activo
PAC004398,75,88.9,164,33.1,96,101,154,77,73,119,5.3,259,51,123,114,0.53,65,5.9,31.5,16.5,4,3135,5.2,11,8,1,11.9,7,M,no,activo
PAC004399,29,69.1,162,26.3,94,101,101,73,103,97,5.1,175,74,132,48,1.17,120,5.1,19.7,8.8,2,11680,10.2,12,25,3,13.3,10,F,no,ligero
PAC004400,73,57.1,143,27.9,114,96,176,97,85,106,4.3,247,69,135,226,0.6,68,4.2,21.9,14.6,0,7809,6.2,0,0,1,14.0,2,F,si,sedentario
PAC004401,65,85.4,163,32.1,133,96,145,104,80,74,6.3,214,40,105,130,0.65,91,3.7,35.9,16.1,0,7410,6.2,15,0,2,9.6,9,M,no,ligero
PAC004402,18,49.1,167,17.6,91,101,121,91,77,60,6.1,218,41,118,40,0.94,92,6.6,34.1,12.0,7,7998,10.4,5,25,3,7.5,3,F,no,ligero
PAC004403,51,67.8,154,28.6,115,84,169,105,59,110,6.1,198,37,137,286,0.4,64,4.1,27.4,15.7,6,6284,5.6,0,16,2,12.2,4,M,no,sedentario
PAC004404,44,59.0,167,21.2,88,101,123,63,68,63,5.5,225,73,86,171,1.07,124,0.1,37.4,15.1,9,12301,9.2,0,6,6,6.4,1,F,si,sedentario
PAC004405,75,87.4,143,42.7,92,102,169,102,79,87,5.0,215,45,147,168,0.74,57,8.1,21.3,15.7,3,3519,7.9,19,13,2,11.6,7,F,si,activo
PAC004406,90,80.7,149,36.3,137,82,163,115,77,72,5.8,210,46,153,113,0.71,93,0.8,29.6,18.3,0,5566,4.6,9,7,2,11.1,7,M,no,sedentario
PAC004407,55,109.3,181,33.4,105,111,128,93,78,123,6.8,270,39,116,254,1.29,86,4.8,25.8,17.1,0,5200,10.2,17,11,3,9.7,8,F,si,activo
PAC004408,90,84.3,195,22.2,118,98,166,79,79,131,6.9,185,26,110,241,1.4,69,8.0,51.6,14.6,0,500,8.9,7,5,0,13.2,6,F,si,sedentario
PAC004409,46,73.1,140,37.3,121,107,168,112,68,74,5.7,177,59,115,210,0.47,68,5.5,33.3,14.4,3,4957,4.9,15,6,4,15.9,8,F,si,ligero
PAC004410,68,90.5,140,46.2,111,88,168,108,80,102,6.0,178,57,91,220,0.44,68,2.7,22.4,18.5,2,5567,5.8,12,1,2,11.4,5,M,si,sedentario
PAC004411,75,102.5,188,29.0,106,102,134,102,88,124,6.9,205,46,161,246,0.9,57,7.4,38.9,13.9,0,4452,6.8,8,12,0,9.7,9,F,no,activo
PAC004412,41,53.9,170,18.7,80,112,121,71,94,71,5.5,141,47,135,75,0.74,127,4.8,22.8,12.2,5,10385,6.0,18,22,2,9.1,7,F,no,activo
PAC004413,41,60.5,165,22.2,82,108,121,76,78,82,4.9,169,85,155,73,0.89,113,2.4,19.2,14.9,9,10240,7.5,0,0,5,5.9,4,M,no,sedentario
PAC004414,18,81.0,158,32.4,97,94,118,82,95,80,6.0,152,66,113,85,1.07,88,1.8,12.2,10.9,4,9843,7.0,17,19,2,12.4,6,M,no,sedentario
PAC004415,46,68.7,161,26.5,90,84,122,77,59,72,4.5,176,78,100,213,0.84,102,2.5,10.8,15.5,12,14310,9.8,9,0,6,5.7,1,F,no,ligero
PAC004416,58,74.8,205,17.8,109,107,149,80,72,142,7.6,258,45,136,371,1.16,94,8.0,35.0,16.0,0,8087,7.0,5,3,4,13.0,3,M,si,sedentario
PAC004417,18,67.9,167,24.3,93,83,127,93,80,71,5.6,223,86,145,40,1.02,105,1.2,23.3,12.3,6,14219,7.5,14,18,2,9.0,8,M,no,activo
PAC004418,67,109.9,199,27.8,114,102,163,94,73,139,7.6,224,35,167,198,1.03,73,6.0,30.2,16.0,1,500,7.5,0,0,0,14.5,5,M,si,ligero
PAC004419,43,63.9,163,24.1,62,107,136,58,53,80,5.2,139,68,115,82,1.06,80,1.4,47.4,16.2,8,19159,8.7,10,0,7,6.8,4,M,no,sedentario
PAC004420,36,60.3,167,21.6,93,106,124,67,79,73,5.1,171,72,141,68,0.91,106,8.2,20.3,11.8,8,7107,6.7,28,26,1,12.6,5,M,si,ligero
PAC004421,67,91.2,187,26.1,110,100,137,103,87,89,6.6,255,25,178,200,1.05,56,7.2,35.9,14.3,0,5408,8.4,14,7,2,11.0,6,F,si,ligero
PAC004422,77,86.0,141,43.3,86,97,163,99,85,102,6.2,219,77,129,140,0.65,89,4.7,22.4,19.0,0,9359,3.7,8,3,2,19.7,7,M,si,sedentario
PAC004423,63,104.4,193,28.0,113,115,115,90,72,139,6.7,244,29,181,273,0.86,56,7.4,30.0,16.2,0,500,9.0,11,21,4,13.1,6,M,si,ligero
PAC004424,51,61.0,169,21.4,100,116,125,77,49,76,5.4,220,80,128,135,1.17,81,0.1,21.7,13.3,5,15694,8.1,16,0,3,8.7,5,M,no,ligero
PAC004425,18,69.2,172,23.4,77,90,119,77,72,93,5.4,196,55,109,86,0.65,105,3.4,8.9,10.5,7,5189,7.1,28,7,3,6.0,9,M,no,activo
PAC004426,58,95.8,205,22.8,112,107,138,99,89,148,6.8,235,25,112,224,0.7,50,6.0,46.2,15.6,0,4342,10.1,9,6,4,11.7,6,M,si,sedentario
PAC004427,65,65.8,171,22.5,114,117,123,99,70,135,6.1,220,35,140,242,1.27,85,5.5,43.6,15.1,0,1498,7.1,7,3,2,8.1,3,F,si,ligero
PAC004428,18,67.6,150,30.0,76,90,139,70,74,106,5.9,179,46,108,40,1.16,111,4.8,31.2,11.6,6,9306,6.2,14,20,2,12.2,9,M,no,activo
PAC004429,59,88.0,176,28.4,123,94,127,92,65,139,7.3,192,53,195,283,1.0,89,8.5,50.2,14.2,0,5925,7.4,17,6,0,7.6,6,F,si,ligero
PAC004430,18,74.3,166,27.0,78,96,139,86,93,105,4.2,190,57,136,141,0.88,107,4.4,17.6,11.9,1,5285,7.4,21,31,0,9.3,4,M,no,ligero
PAC004431,41,79.5,143,38.9,70,92,120,80,67,78,4.8,144,56,119,212,1.45,107,4.0,24.4,11.4,5,12726,5.9,19,29,4,7.9,7,M,no,activo
PAC004432,70,66.6,154,28.1,87,100,177,94,79,82,4.8,229,40,107,199,0.4,91,4.8,36.1,16.6,2,4284,5.6,4,0,2,17.8,9,F,si,ligero
PAC004433,28,68.9,173,23.0,78,103,119,82,68,108,4.7,204,63,110,107,1.01,109,4.6,30.8,16.2,9,13935,7.0,0,0,5,3.9,3,F,no,ligero
PAC004434,40,77.3,171,26.4,85,105,122,62,60,78,4.5,207,69,94,42,0.89,109,0.1,23.9,15.6,9,15879,6.0,0,2,7,5.9,1,F,no,sedentario
PAC004435,64,87.5,179,27.3,111,90,149,97,73,146,7.4,263,39,147,279,1.11,33,9.7,15.5,16.9,1,500,6.7,9,9,3,13.7,5,F,no,sedentario
PAC004436,41,70.6,159,27.9,70,87,122,73,69,90,5.0,204,51,90,71,0.84,69,0.1,21.2,12.7,7,12870,9.1,0,3,6,8.6,4,F,si,ligero
PAC004437,67,106.3,194,28.2,127,103,139,97,74,120,7.0,193,25,157,242,1.06,104,4.6,21.5,14.1,0,500,9.4,20,8,2,10.8,9,M,si,sedentario
PAC004438,89,63.7,150,28.3,134,108,167,117,78,98,5.4,246,47,168,93,0.4,83,1.2,44.4,16.6,2,6622,6.7,13,8,4,10.2,7,F,no,ligero
PAC004439,90,83.1,155,34.6,88,90,158,98,68,97,4.4,199,40,143,204,0.49,64,7.3,32.0,15.3,0,4727,6.1,10,3,3,11.6,6,F,no,activo
PAC004440,73,91.2,151,40.0,110,90,156,101,75,110,6.0,188,35,124,232,0.48,68,7.8,49.3,16.9,2,10048,6.0,14,7,2,15.0,4,F,si,sedentario
PAC004441,31,61.4,165,22.6,74,89,125,75,65,106,4.1,224,64,108,69,0.93,109,2.9,19.3,10.2,3,4084,8.5,13,29,4,11.4,8,F,no,ligero
PAC004442,63,77.6,154,32.7,119,100,158,114,77,91,6.0,239,25,152,184,0.76,68,4.6,45.2,14.5,2,5100,6.7,6,8,0,10.6,7,M,si,sedentario
PAC004443,85,75.0,146,35.2,100,117,152,101,78,121,6.3,253,25,105,277,0.64,79,2.8,32.5,17.4,1,5244,4.5,13,0,3,9.4,4,F,no,sedentario
PAC004444,84,95.4,193,25.6,124,98,147,77,96,155,6.5,225,43,142,413,1.06,78,8.0,27.7,14.2,0,5811,9.3,19,15,2,10.2,7,M,si,sedentario
PAC004445,26,67.7,172,22.9,67,92,138,68,50,117,4.7,163,63,96,40,0.9,120,0.1,39.6,14.6,13,10654,9.4,0,0,3,6.9,2,M,no,sedentario
PAC004446,24,54.1,146,25.4,60,95,127,66,72,72,4.0,173,73,72,40,0.87,125,4.2,26.4,8.6,7,13955,8.4,26,31,5,9.4,10,F,no,activo
PAC004447,59,102.1,163,38.4,102,89,150,107,77,114,5.8,234,52,115,142,0.44,67,6.7,42.1,16.9,5,2407,6.5,8,13,3,10.0,2,M,si,sedentario
PAC004448,60,106.3,189,29.8,115,100,135,74,69,103,7.8,283,31,202,241,0.99,99,5.5,43.0,12.8,1,3202,9.3,8,3,1,7.8,4,F,si,ligero
PAC004449,22,84.5,162,32.2,101,85,99,79,79,79,4.2,158,74,104,40,0.86,105,0.7,24.7,13.5,6,12432,6.2,26,37,3,11.5,6,M,si,sedentario
PAC004450,43,87.4,149,39.4,101,95,118,64,79,105,5.3,208,60,104,55,1.1,94,0.1,12.6,10.9,6,9669,5.9,11,35,0,10.7,9,F,no,sedentario
PAC004451,82,60.8,143,29.7,98,82,145,109,70,99,5.1,315,54,110,47,0.44,66,0.8,27.8,14.9,2,4562,6.1,6,7,2,12.4,4,M,si,ligero
PAC004452,64,83.6,166,30.3,111,89,171,106,74,66,7.3,221,41,180,130,0.81,68,4.3,35.4,15.1,0,2138,3.4,5,0,2,14.9,5,M,si,sedentario
PAC004453,18,86.3,169,30.2,66,100,117,64,45,101,6.1,221,76,102,55,1.03,80,0.7,28.4,14.1,9,13015,9.0,5,0,6,12.3,1,F,no,sedentario
PAC004454,32,41.5,173,13.9,105,104,119,67,53,77,4.7,176,70,82,40,1.02,104,2.5,43.2,14.5,7,9598,9.2,0,0,6,5.7,3,M,no,ligero
PAC004455,79,93.3,144,45.0,119,101,181,99,99,103,6.7,231,61,136,121,0.4,102,6.7,11.8,16.1,0,7242,4.7,15,10,0,14.8,8,M,si,activo
PAC004456,59,101.0,144,48.7,97,82,156,94,80,111,4.2,234,40,144,167,0.49,55,5.4,33.9,17.0,4,5407,5.8,10,9,1,12.3,4,F,no,sedentario
PAC004457,38,51.6,158,20.7,63,115,133,72,63,121,4.3,166,72,87,131,1.3,120,0.5,34.4,14.7,8,10455,7.0,9,0,4,2.6,6,M,no,sedentario
PAC004458,83,98.2,205,23.4,120,102,136,85,81,77,7.3,243,33,143,291,1.19,71,2.1,39.4,14.5,4,500,8.8,9,20,4,7.5,10,M,no,ligero
PAC004459,18,83.2,159,32.9,72,110,132,80,62,88,4.9,169,59,93,40,1.05,92,1.8,44.8,14.2,7,8482,6.9,0,5,7,6.0,5,M,si,ligero
PAC004460,18,40.0,146,18.8,90,111,120,70,45,77,4.9,163,69,55,55,0.87,85,2.0,40.5,16.0,9,15191,7.2,0,2,6,5.9,3,M,no,activo
PAC004461,66,79.9,140,40.8,94,101,172,105,71,109,5.4,267,53,133,176,0.4,76,7.4,35.9,14.8,1,2063,7.0,7,0,2,11.6,10,M,no,sedentario
PAC004462,69,100.9,175,32.9,103,110,153,79,90,136,8.1,261,41,219,202,1.22,78,2.3,40.9,14.5,2,6752,9.4,19,1,2,12.4,5,M,no,sedentario
PAC004463,90,96.8,140,49.4,103,97,174,96,89,92,6.6,287,33,96,221,0.57,93,5.0,38.5,17.1,0,7252,4.5,3,7,4,9.2,5,F,si,sedentario
PAC004464,87,99.1,155,41.2,112,92,161,109,81,103,6.6,239,62,104,264,0.48,78,2.2,21.6,16.1,5,9053,6.2,6,15,3,19.4,4,F,no,sedentario
PAC004465,29,43.8,180,13.5,84,84,93,82,70,88,6.2,128,68,103,45,1.27,119,1.4,50.8,13.6,9,14223,10.6,0,4,6,7.1,3,M,si,ligero
PAC004466,18,90.5,160,35.4,84,92,115,67,75,108,5.1,207,55,91,126,0.98,113,3.6,42.2,11.1,9,8747,7.7,16,25,2,8.2,6,F,no,sedentario
PAC004467,20,63.0,164,23.4,85,109,126,91,60,80,5.4,173,72,74,181,0.76,118,1.1,45.4,16.5,8,11626,8.9,5,11,5,8.6,1,M,no,ligero
PAC004468,18,56.4,166,20.5,83,90,134,70,86,60,5.2,195,63,95,132,0.62,96,1.3,20.7,11.8,6,8090,10.6,28,27,3,19.3,9,M,si,ligero
PAC004469,83,86.9,140,44.3,109,94,144,107,72,96,6.2,186,82,128,175,0.4,94,8.0,27.0,15.6,6,879,5.8,3,8,5,8.6,7,F,si,sedentario
PAC004470,18,56.8,163,21.4,96,88,101,61,78,131,6.6,212,38,180,188,0.95,111,0.2,24.2,9.0,6,9141,6.3,32,3,0,15.5,9,F,si,ligero
PAC004471,89,95.4,142,47.3,102,101,162,99,66,74,6.2,257,28,174,216,0.54,73,3.8,28.7,14.5,0,3263,7.3,0,4,3,11.1,8,F,si,sedentario
PAC004472,75,91.0,157,36.9,130,122,156,96,91,102,6.3,167,52,174,147,0.4,88,7.1,54.2,16.5,0,9068,6.5,2,1,4,13.0,7,F,no,ligero
PAC004473,37,63.0,163,23.7,80,121,145,71,64,95,5.9,202,67,71,196,1.36,110,0.1,23.8,14.6,15,13286,9.0,13,7,7,7.8,3,M,no,ligero
PAC004474,78,108.4,191,29.7,102,85,141,100,72,133,8.6,255,25,211,289,1.27,84,2.6,35.9,17.7,4,3485,10.5,16,0,0,14.4,6,M,no,ligero
PAC004475,70,85.1,205,20.2,127,102,150,97,80,123,6.8,285,25,140,274,1.21,47,9.0,49.2,16.4,1,5083,9.4,12,1,4,12.7,9,F,si,sedentario
PAC004476,18,68.1,162,25.9,93,93,121,68,86,94,4.3,176,49,119,134,0.92,106,3.4,31.0,10.6,3,10606,8.3,18,25,0,8.8,8,M,si,sedentario
PAC004477,53,110.8,200,27.7,119,89,120,86,69,136,7.3,261,52,155,244,1.33,67,4.7,34.0,16.5,0,3324,7.4,1,10,0,9.6,8,M,si,activo
PAC004478,85,87.3,140,44.5,98,98,163,96,84,94,7.9,210,38,133,172,0.48,58,3.9,37.4,16.5,0,2622,5.8,2,12,5,9.2,4,F,no,sedentario
PAC004479,43,71.2,178,22.5,89,75,114,64,75,99,5.6,158,49,67,68,1.29,94,2.6,39.2,14.6,14,13092,11.0,5,0,3,3.5,2,M,si,activo
PAC004480,20,40.0,171,13.7,87,96,101,90,56,60,4.1,183,59,132,49,1.08,118,0.1,45.3,14.6,9,11646,8.9,11,0,4,4.2,5,F,no,activo
PAC004481,43,93.0,187,26.6,133,112,151,70,65,105,7.4,217,44,96,327,0.98,118,1.5,40.0,16.0,0,7903,10.0,16,4,0,7.7,8,F,si,sedentario
PAC004482,18,51.0,172,17.2,80,87,97,79,54,79,5.5,202,87,72,100,1.1,114,0.3,27.3,13.5,10,13030,9.4,3,0,6,4.5,4,M,no,activo
PAC004483,25,65.2,154,27.5,81,102,128,70,74,95,4.0,138,49,113,40,1.18,109,0.1,44.7,15.3,11,8149,9.9,4,0,7,6.3,1,M,no,activo
PAC004484,24,70.1,184,20.7,77,96,96,83,77,73,4.9,171,74,112,69,1.27,118,4.1,41.5,14.7,2,18413,10.2,0,11,7,9.7,2,M,no,sedentario
PAC004485,18,54.7,152,23.7,109,95,111,82,77,95,5.2,178,55,110,92,0.98,94,4.0,31.4,9.7,7,8822,7.9,20,14,3,13.4,5,M,no,activo
PAC004486,88,77.9,143,38.1,97,100,183,94,62,111,5.7,248,59,125,252,0.6,70,6.5,11.3,15.9,3,500,5.6,0,5,3,12.0,8,F,no,ligero
PAC004487,72,74.1,148,33.8,88,87,154,116,65,88,6.3,189,44,149,277,0.89,73,2.5,20.2,18.0,6,5282,6.1,10,0,1,12.5,4,M,si,sedentario
PAC004488,81,84.3,190,23.4,134,89,136,97,79,157,7.2,242,32,156,130,1.48,73,10.3,33.2,14.4,0,3981,7.5,7,14,0,13.5,8,F,si,activo
PAC004489,68,45.7,150,20.3,108,98,180,91,82,116,4.6,235,46,173,165,0.71,82,4.3,46.9,17.8,3,2636,5.9,19,0,3,10.4,8,M,no,ligero
PAC004490,72,83.9,205,20.0,123,113,123,74,65,98,7.6,272,50,157,252,1.31,69,7.3,36.8,14.6,0,1630,7.8,3,7,2,12.3,8,F,no,ligero
PAC004491,48,81.1,161,31.3,80,94,130,71,85,81,5.8,177,64,138,54,0.95,84,5.2,7.6,13.0,5,7916,9.7,0,28,5,7.6,7,F,no,sedentario
PAC004492,34,78.9,143,38.6,74,98,161,86,87,139,5.8,247,39,106,97,0.77,60,3.2,41.6,17.5,0,500,4.3,2,0,0,15.9,7,M,si,ligero
PAC004493,23,83.7,171,28.6,83,81,104,68,90,67,5.2,208,78,117,155,0.69,90,2.5,20.8,14.7,4,9174,6.9,35,36,1,2.9,10,M,no,activo
PAC004494,18,61.3,161,23.6,85,114,126,68,87,77,5.3,236,62,119,112,1.32,107,7.3,32.6,10.0,2,7257,6.7,20,25,3,8.6,6,M,no,sedentario
PAC004495,33,40.0,167,14.3,103,103,128,76,72,72,4.0,175,83,116,85,1.0,107,0.1,35.0,15.7,5,13129,9.0,0,13,6,5.6,4,F,si,activo
PAC004496,33,72.9,153,31.1,111,112,133,73,54,89,4.3,165,59,97,128,1.26,111,0.2,18.1,16.6,7,12264,9.8,8,1,2,4.0,4,M,no,sedentario
PAC004497,31,86.9,154,36.6,75,99,119,73,58,91,5.7,144,69,111,40,0.85,106,0.1,39.2,14.4,11,8758,8.8,14,3,4,8.1,4,M,no,ligero
PAC004498,23,41.2,177,13.2,88,93,99,83,62,79,6.0,187,69,75,105,0.9,115,0.1,45.9,14.8,9,11922,9.2,7,0,5,2.0,2,F,si,ligero
PAC004499,62,102.7,198,26.2,119,95,128,92,86,138,7.3,257,36,156,253,1.09,41,5.6,30.3,14.3,5,1583,9.4,8,5,3,12.3,9,F,no,activo
PAC004500,18,58.9,163,22.2,107,95,92,77,71,89,4.0,214,71,151,230,1.12,77,1.7,17.2,11.4,3,11549,8.1,31,25,0,9.2,10,M,no,sedentario
PAC004501,45,98.6,150,43.8,102,89,91,81,82,104,5.5,173,59,110,185,0.89,115,2.9,13.6,10.4,2,9758,7.7,17,26,3,12.2,7,F,si,sedentario
PAC004502,32,60.8,163,22.9,77,99,117,52,73,60,5.0,210,64,152,78,1.18,108,2.6,43.8,16.0,8,7870,8.3,2,8,6,2.0,6,F,no,ligero
PAC004503,18,65.4,152,28.3,65,93,119,83,82,86,4.8,172,45,120,100,1.07,85,3.4,27.4,12.4,7,10993,7.7,34,27,2,8.0,9,M,si,activo
PAC004504,51,92.1,169,32.2,85,98,110,62,65,78,4.2,207,55,40,65,1.43,103,1.3,30.4,15.8,10,10505,7.8,0,0,4,3.9,4,F,no,activo
PAC004505,48,62.8,156,25.8,101,111,127,59,65,112,4.7,160,61,100,87,0.94,106,4.0,21.0,15.0,12,9684,8.1,9,5,4,5.6,1,M,no,activo
PAC004506,90,95.7,204,23.0,118,112,149,90,82,134,6.9,235,48,157,238,1.08,67,6.7,25.8,14.6,0,1927,10.1,19,18,0,9.0,5,M,si,ligero
PAC004507,79,88.8,156,36.5,89,89,151,87,82,102,5.6,248,59,124,118,0.4,94,4.1,44.7,17.2,1,2869,7.7,0,0,3,11.8,1,M,no,ligero
PAC004508,30,86.7,160,33.9,88,87,164,68,87,83,5.9,139,47,131,66,0.78,66,2.4,21.2,13.0,6,7785,8.9,22,14,0,9.9,10,M,si,ligero
PAC004509,54,130.6,187,37.3,110,109,156,89,70,123,7.6,232,45,116,242,1.01,111,6.4,23.0,14.6,1,4293,9.7,12,1,0,13.3,9,F,no,sedentario
PAC004510,30,66.9,142,33.2,86,107,120,72,53,81,4.9,162,66,87,125,1.41,97,0.8,22.5,13.5,12,14621,7.9,0,0,5,2.7,4,F,no,ligero
PAC004511,81,93.6,198,23.9,103,84,117,66,64,125,7.1,255,26,182,265,1.24,76,5.1,25.6,14.9,2,4030,8.8,13,0,1,12.6,7,M,si,sedentario
PAC004512,19,59.8,170,20.7,78,78,91,78,63,111,5.1,164,47,80,40,0.89,102,0.1,24.6,15.8,6,11539,7.7,5,0,7,6.0,4,M,no,sedentario
PAC004513,71,76.5,140,39.0,89,107,156,109,63,113,5.7,264,49,166,197,0.4,64,8.2,26.9,15.5,0,6183,6.9,22,1,4,14.7,5,F,si,sedentario
PAC004514,56,89.1,140,45.5,103,95,180,102,69,88,7.2,168,37,105,183,0.4,84,9.9,19.5,15.0,0,2952,4.1,8,0,2,9.6,7,F,no,sedentario
PAC004515,52,90.5,140,46.2,101,98,141,87,79,79,5.1,248,51,170,173,0.5,90,6.6,54.7,14.0,3,2158,7.1,15,7,3,13.5,4,M,si,ligero
PAC004516,29,73.1,174,24.1,92,91,105,70,59,86,4.2,252,80,67,40,1.28,95,0.6,32.2,13.4,5,7341,9.1,0,1,9,5.6,4,F,no,activo
PAC004517,19,72.9,165,26.8,100,96,139,66,78,83,5.8,221,54,110,122,0.54,130,1.3,38.3,11.4,1,7439,7.7,25,25,3,6.6,7,M,si,sedentario
PAC004518,59,89.6,197,23.1,115,75,140,96,78,164,7.7,267,25,159,318,1.24,66,6.1,30.7,14.2,0,5990,9.2,11,1,0,13.8,8,M,si,sedentario
PAC004519,18,85.4,149,38.5,97,93,97,84,91,104,6.2,204,55,94,62,1.08,80,4.1,20.1,11.6,6,9789,8.2,24,26,0,10.5,7,M,no,sedentario
PAC004520,90,104.5,152,45.2,111,77,157,93,78,103,6.8,246,60,123,157,0.4,97,5.9,34.2,16.4,0,4634,5.3,8,0,2,12.1,5,M,no,activo
PAC004521,43,66.7,173,22.3,75,94,101,73,72,87,4.9,205,43,87,103,1.24,103,0.3,34.5,14.3,6,15543,8.2,10,8,5,6.3,0,M,si,sedentario
PAC004522,38,62.4,167,22.4,75,104,115,79,72,107,5.8,157,70,130,66,1.07,86,3.8,30.8,14.8,10,12553,8.6,7,4,4,5.0,9,F,si,ligero
PAC004523,89,103.6,145,49.3,125,83,158,93,73,108,6.0,268,52,156,160,0.5,113,5.3,31.9,18.4,7,2116,6.8,20,4,0,13.0,6,M,si,sedentario
PAC004524,73,94.7,140,48.3,102,101,157,104,74,78,6.6,258,44,163,241,0.4,73,6.4,20.9,16.8,2,5228,6.7,4,2,5,13.6,6,F,no,sedentario
PAC004525,70,91.3,194,24.3,117,124,154,80,71,130,6.5,249,25,180,385,0.95,106,7.4,36.4,14.4,2,2330,9.8,16,18,4,9.5,8,F,no,activo
PAC004526,67,106.7,141,53.7,91,98,181,99,68,93,6.4,165,70,139,159,0.48,56,0.8,35.3,17.3,1,5044,5.2,6,7,3,12.9,8,F,no,sedentario
PAC004527,18,58.5,174,19.3,73,109,115,89,69,114,5.8,186,55,117,40,0.87,108,0.7,25.6,14.1,7,8470,8.5,8,16,4,5.2,3,F,si,ligero
PAC004528,56,103.8,205,24.7,113,104,134,89,74,119,7.5,256,39,134,206,1.04,97,5.8,52.9,16.8,0,3827,9.7,13,8,3,8.2,4,M,si,activo
PAC004529,77,80.4,155,33.5,125,85,177,96,66,117,5.0,229,37,109,267,0.59,87,0.1,32.8,14.0,2,5096,7.3,8,6,3,12.7,8,F,si,activo
PAC004530,50,65.9,167,23.6,68,95,120,68,86,100,4.1,214,76,90,84,1.12,106,5.5,21.5,13.5,3,6901,7.5,27,18,2,9.4,10,F,no,ligero
PAC004531,83,77.4,140,39.5,101,104,173,106,80,116,5.1,208,30,143,176,0.5,66,4.9,30.1,16.0,2,1115,6.4,11,0,2,15.3,9,F,no,sedentario
PAC004532,60,89.7,205,21.3,131,97,118,72,68,117,6.8,215,25,111,290,1.07,72,13.6,24.9,14.6,0,3019,8.5,5,5,2,11.9,10,M,si,activo
PAC004533,18,55.5,165,20.4,76,113,106,87,61,73,5.1,234,61,57,212,1.25,96,2.9,24.9,15.1,12,10311,6.2,10,0,7,4.1,1,M,no,ligero
PAC004534,21,77.9,160,30.4,89,79,122,56,76,95,5.9,131,54,102,126,0.99,130,3.5,18.2,12.5,2,9050,6.6,16,19,2,6.7,7,F,no,ligero
PAC004535,78,75.3,150,33.5,128,90,166,96,73,101,4.7,216,34,111,191,0.57,53,6.4,49.4,19.0,6,500,6.2,15,7,3,12.8,8,M,si,ligero
PAC004536,66,102.6,196,26.7,121,111,155,80,72,134,7.7,207,40,149,310,1.18,80,4.4,41.2,19.0,0,3198,8.7,17,0,0,9.4,8,F,si,ligero
PAC004537,71,64.6,204,15.5,131,95,129,82,69,106,7.6,214,47,224,282,0.9,61,4.6,45.9,14.3,0,500,7.3,13,1,1,15.0,7,M,no,sedentario
PAC004538,31,76.6,165,28.1,72,99,118,70,80,95,4.0,196,73,135,40,0.88,126,2.5,39.0,15.2,11,15043,8.1,0,1,4,3.3,0,F,si,ligero
PAC004539,18,63.4,156,26.1,124,89,131,72,86,94,5.2,144,77,105,70,1.02,85,2.5,5.0,12.7,7,9038,7.9,6,40,1,9.6,8,F,no,ligero
PAC004540,47,60.3,168,21.4,60,98,98,70,74,102,4.9,201,62,55,133,1.06,93,0.1,50.2,16.9,11,12380,8.0,0,5,3,9.8,3,M,si,sedentario
PAC004541,18,104.2,181,31.8,72,102,132,92,56,99,5.2,200,52,91,146,0.9,109,0.1,46.3,16.7,7,14874,10.0,4,4,6,9.6,0,F,no,activo
PAC004542,64,85.1,140,43.4,128,83,142,92,66,89,5.1,240,28,112,157,0.69,82,1.7,19.4,16.6,0,2299,7.3,11,10,4,12.8,5,F,si,sedentario
PAC004543,75,70.4,195,18.5,116,118,171,86,72,114,8.2,251,25,143,248,1.22,126,8.7,24.4,13.2,0,500,7.6,16,12,0,12.8,6,F,si,sedentario
PAC004544,74,106.9,192,29.0,98,108,115,81,82,127,6.5,279,50,176,163,1.07,53,2.7,27.1,15.8,0,500,6.9,6,9,0,8.1,3,M,no,sedentario
PAC004545,64,80.7,160,31.5,99,104,178,111,70,100,5.7,197,63,66,137,0.52,53,2.5,18.6,16.7,6,4884,4.8,16,0,1,10.3,6,M,si,sedentario
PAC004546,38,77.9,154,32.8,86,95,108,62,67,63,4.4,155,54,138,63,1.01,84,7.6,13.3,12.0,5,7015,10.8,19,32,4,6.8,9,M,si,sedentario
PAC004547,90,69.7,149,31.4,120,98,162,108,76,130,5.6,195,54,155,138,0.4,68,1.7,27.2,14.4,3,3919,6.8,17,0,3,14.9,4,M,no,ligero
PAC004548,45,77.3,160,30.2,84,92,119,87,70,60,5.8,161,51,69,40,1.33,108,4.4,35.8,13.9,8,11363,8.7,4,0,5,6.3,3,M,no,activo
PAC004549,23,61.8,171,21.1,88,99,101,59,81,85,5.2,154,42,126,40,0.83,82,0.1,28.9,13.3,5,7738,7.7,31,27,2,9.4,6,F,si,ligero
PAC004550,33,49.1,155,20.4,94,93,117,67,49,74,6.1,143,61,78,70,1.42,111,3.4,31.0,13.2,7,14123,8.7,3,0,9,9.3,0,M,si,ligero
PAC004551,25,64.0,171,21.9,66,85,90,71,65,69,4.3,227,65,115,80,1.29,116,1.6,26.2,15.9,12,11569,7.8,0,0,7,5.4,6,M,no,ligero
PAC004552,18,70.4,166,25.5,68,108,99,67,69,118,4.3,180,91,86,40,0.99,117,0.1,33.1,15.7,9,17245,8.8,0,0,5,5.9,5,F,no,sedentario
PAC004553,42,84.3,148,38.5,85,100,125,62,72,70,5.1,183,60,99,120,1.27,117,5.6,32.3,15.2,9,14010,7.9,3,2,5,9.4,5,F,no,activo
PAC004554,73,111.1,148,50.7,129,102,174,94,81,91,5.3,251,27,159,146,0.93,61,5.9,44.6,15.6,0,4070,7.8,0,1,0,14.9,4,F,no,activo
PAC004555,18,62.3,165,22.9,66,103,111,78,63,87,4.7,169,40,125,51,1.58,100,0.1,43.6,13.4,11,13093,7.2,1,9,5,8.1,4,M,si,activo
PAC004556,90,70.1,154,29.6,122,95,142,102,73,75,4.8,249,48,97,194,0.62,65,3.3,35.2,16.7,2,6622,5.5,19,5,2,12.4,6,F,si,ligero
PAC004557,23,47.5,175,15.5,90,87,101,75,95,89,5.7,201,76,72,87,0.87,82,1.2,16.5,13.6,9,13271,8.0,21,22,1,10.4,9,F,no,sedentario
PAC004558,58,105.3,205,25.1,110,99,155,87,87,117,6.7,278,48,174,187,1.16,63,4.4,24.9,14.7,0,4193,9.8,3,0,0,14.9,9,F,si,ligero
PAC004559,18,83.1,170,28.8,80,101,110,80,56,88,4.5,211,70,96,121,1.14,80,0.1,26.2,14.2,12,13477,7.3,0,8,9,6.8,1,M,no,ligero
PAC004560,18,54.0,158,21.6,113,99,118,80,57,103,6.3,121,71,73,46,1.05,110,2.2,40.7,14.1,8,12894,9.2,2,0,7,7.1,3,F,no,ligero
PAC004561,66,88.6,145,42.1,95,121,175,92,75,120,4.9,195,66,179,229,0.42,96,1.3,28.7,16.6,0,6183,6.2,15,6,3,13.7,7,F,si,ligero
PAC004562,59,99.2,196,25.8,108,101,145,79,74,143,8.1,225,31,177,276,0.73,62,6.0,32.3,15.2,0,6751,9.1,15,12,1,10.8,6,F,si,sedentario
PAC004563,52,97.7,150,43.4,123,94,167,100,78,129,6.1,228,54,82,225,0.61,92,7.4,41.6,15.1,3,5044,8.1,4,0,1,11.9,7,F,no,ligero
PAC004564,67,71.4,165,26.2,112,98,161,91,72,99,5.7,249,68,133,133,0.64,87,2.0,29.2,14.7,0,500,6.3,18,10,3,13.9,10,M,si,ligero
PAC004565,40,73.7,166,26.7,82,104,120,75,83,124,5.1,157,50,115,113,0.83,125,6.8,25.5,11.6,12,5095,9.7,20,29,1,8.9,3,F,no,ligero
PAC004566,45,60.0,163,22.6,90,87,106,85,60,112,5.4,184,53,94,92,0.92,99,1.6,25.4,12.6,8,11556,9.9,0,0,4,2.8,1,M,no,ligero
PAC004567,18,51.3,155,21.4,68,86,119,65,68,97,5.2,199,72,115,78,0.91,94,3.1,35.7,12.2,7,13098,8.9,2,11,4,3.8,5,F,no,ligero
PAC004568,68,89.0,192,24.1,111,109,142,100,98,120,7.0,245,25,150,295,1.43,113,2.7,27.7,15.1,0,723,8.7,0,11,0,10.5,7,F,si,activo
PAC004569,18,78.0,152,33.8,98,90,136,79,87,102,4.3,156,75,116,157,0.79,95,3.4,18.5,9.5,9,8068,6.4,11,31,2,11.6,6,F,si,sedentario
PAC004570,24,50.2,149,22.6,88,107,99,84,82,103,5.3,234,49,144,152,0.57,93,6.1,22.5,11.9,9,9960,7.3,17,14,0,6.8,0,F,si,activo
PAC004571,67,110.5,202,27.1,124,100,159,75,80,150,7.1,285,42,119,160,1.26,89,8.4,51.2,12.9,3,5539,8.1,3,7,2,11.2,5,M,si,sedentario
PAC004572,18,40.0,174,13.2,87,75,114,65,84,60,4.9,128,73,135,225,1.05,129,2.7,17.6,13.0,4,9526,9.7,25,26,4,12.0,9,M,si,sedentario
PAC004573,18,76.7,163,28.9,89,95,132,70,64,78,4.8,166,52,185,70,0.75,113,1.7,25.0,11.3,10,7892,7.0,13,22,0,12.3,8,F,no,sedentario
PAC004574,31,72.7,174,24.0,82,99,100,74,75,95,5.1,152,39,122,91,1.07,100,4.4,18.1,11.2,2,8158,9.7,24,17,0,15.5,8,F,si,activo
PAC004575,18,52.5,155,21.9,66,90,120,80,78,95,4.6,216,60,106,56,0.88,90,0.1,38.6,15.5,10,17949,7.2,12,5,5,5.2,2,M,si,sedentario
PAC004576,19,59.2,160,23.1,76,97,107,55,79,90,6.1,184,65,131,139,0.84,97,1.4,33.6,14.3,4,13678,8.9,0,14,6,6.0,0,M,no,activo
PAC004577,23,62.7,164,23.3,78,113,114,82,58,118,4.6,183,76,55,160,0.96,129,1.0,41.4,13.6,9,14643,7.5,0,0,6,8.9,0,F,no,sedentario
PAC004578,34,78.8,154,33.2,90,115,103,73,60,110,5.0,167,75,96,71,1.19,95,0.1,33.2,16.9,7,13645,7.2,4,8,5,5.0,1,F,si,sedentario
PAC004579,65,99.4,142,49.3,92,97,177,100,90,114,5.6,264,36,162,99,0.46,51,3.7,30.0,15.4,0,4491,3.8,4,0,0,15.6,9,M,si,activo
PAC004580,68,108.9,183,32.5,127,110,154,75,69,114,8.1,246,40,173,273,1.26,68,6.7,43.0,17.3,0,5296,8.8,23,3,1,12.0,10,F,si,sedentario
PAC004581,34,81.7,179,25.5,80,91,104,77,62,113,5.4,211,84,97,147,1.32,121,0.1,40.0,15.9,12,13993,9.9,0,1,5,6.5,3,F,no,sedentario
PAC004582,21,63.7,170,22.0,60,95,102,79,57,105,4.3,149,70,129,88,1.06,108,3.9,32.9,12.7,10,13450,8.8,2,0,4,5.1,5,F,no,sedentario
PAC004583,46,97.6,146,45.8,102,87,158,101,78,85,5.4,209,55,166,152,0.4,89,1.7,32.2,16.6,4,2939,6.6,4,0,3,12.1,9,F,no,sedentario
PAC004584,22,79.3,158,31.8,106,98,120,84,71,68,5.9,132,65,140,46,1.14,130,0.1,48.3,13.3,8,14512,9.3,15,7,5,9.6,5,F,no,ligero
PAC004585,20,61.2,165,22.5,83,77,152,82,72,99,5.1,184,45,98,58,0.77,93,4.1,25.9,12.2,4,6767,6.0,21,28,3,9.9,8,M,no,sedentario
PAC004586,18,70.1,150,31.2,91,91,118,84,61,78,5.0,117,56,83,125,1.02,121,0.1,35.7,15.9,8,12616,9.1,7,0,5,6.7,2,M,no,sedentario
PAC004587,18,70.2,174,23.2,81,91,122,83,58,102,4.0,183,63,123,101,1.1,88,2.0,37.7,13.9,6,8507,7.7,0,0,8,8.0,1,M,no,activo
PAC004588,18,85.0,162,32.4,87,106,137,64,74,101,6.2,193,39,114,95,1.03,81,0.1,34.2,16.4,11,12971,8.8,12,10,7,8.9,2,F,no,activo
PAC004589,49,50.7,163,19.1,67,88,119,62,51,82,4.9,173,66,126,95,1.11,121,3.3,32.4,16.1,9,7084,4.5,8,0,3,8.0,2,F,si,ligero
PAC004590,50,83.1,197,21.4,127,94,128,97,78,118,5.6,252,59,189,237,0.99,72,6.8,30.5,13.8,0,2520,6.8,15,0,3,12.2,9,F,si,ligero
PAC004591,53,51.5,169,18.0,97,92,102,52,62,84,4.9,177,73,106,47,1.19,78,0.1,38.0,14.2,9,9739,9.1,1,12,6,5.6,0,M,no,sedentario
PAC004592,36,66.9,160,26.1,77,80,90,70,75,81,5.7,157,74,89,122,0.98,100,2.9,32.7,11.2,3,7291,7.7,21,40,2,11.3,7,M,no,sedentario
PAC004593,55,70.1,168,24.8,68,98,137,78,81,96,5.1,200,58,103,103,0.94,68,4.0,27.1,9.1,3,6555,9.1,8,20,2,9.8,7,F,no,sedentario
PAC004594,39,59.8,158,24.0,81,86,113,86,78,79,5.7,274,58,155,164,1.14,81,5.2,28.3,14.4,8,9860,7.5,20,34,2,7.9,7,M,no,activo
PAC004595,90,75.0,195,19.7,139,99,133,87,81,121,6.2,206,25,157,321,1.05,81,5.4,36.9,16.8,2,6543,8.1,12,6,0,12.8,9,F,si,ligero
PAC004596,19,70.4,166,25.5,85,97,134,79,94,108,5.2,203,42,137,40,1.26,82,4.8,27.2,12.4,0,6283,7.1,28,30,0,11.8,7,F,si,sedentario
PAC004597,65,112.4,140,57.3,100,101,161,90,68,76,5.0,293,56,177,217,0.55,65,5.0,23.9,18.1,7,4622,5.2,0,0,2,9.5,3,F,no,sedentario
PAC004598,90,60.0,145,28.5,82,96,160,84,74,87,5.7,258,29,162,148,0.55,54,2.7,7.8,13.6,5,3592,5.2,0,0,4,8.8,8,M,si,sedentario
PAC004599,18,99.9,173,33.4,99,100,90,81,83,88,4.9,212,52,77,134,0.99,125,6.4,30.8,13.4,5,7840,6.8,6,0,9,5.4,1,F,no,ligero
PAC004600,65,102.8,194,27.3,118,94,144,93,68,130,7.3,246,44,120,295,1.3,86,3.5,53.0,15.4,0,4625,8.0,15,13,2,12.8,10,M,no,sedentario
PAC004601,88,80.9,157,32.8,114,94,159,96,59,78,5.6,227,48,146,203,0.52,91,4.8,32.2,18.4,1,9782,5.7,4,0,0,8.9,5,F,si,ligero
PAC004602,82,77.4,148,35.3,108,100,135,94,75,122,6.1,218,53,99,190,0.47,86,6.5,19.4,14.6,0,5667,6.1,7,0,3,10.1,8,F,no,ligero
PAC004603,29,45.6,155,19.0,77,107,110,68,68,125,5.2,191,74,170,88,0.81,100,3.9,5.0,11.9,8,8320,7.0,20,30,4,12.5,9,F,no,sedentario
PAC004604,18,76.9,168,27.2,75,98,128,85,79,63,5.0,187,59,128,68,0.82,77,0.7,22.4,9.9,5,8596,7.3,15,27,0,8.5,7,M,no,ligero
PAC004605,67,86.6,198,22.1,117,103,141,98,78,139,8.7,248,44,108,279,0.99,60,6.5,37.5,13.4,0,4574,10.1,8,8,1,11.3,7,F,no,ligero
PAC004606,66,103.4,188,29.3,102,90,149,81,84,128,8.7,292,25,178,256,1.28,56,5.2,34.4,15.8,0,3525,8.0,13,0,0,8.5,7,M,no,ligero
PAC004607,33,69.1,165,25.4,94,96,103,50,59,77,4.8,172,65,53,59,1.15,110,2.5,42.5,14.7,7,15783,7.8,5,6,4,7.1,2,F,si,ligero
PAC004608,18,78.8,160,30.8,89,82,109,69,75,88,4.8,162,54,116,127,1.11,96,0.9,24.3,11.8,7,5361,9.4,21,29,4,11.2,7,M,no,sedentario
PAC004609,59,98.7,203,24.0,113,109,120,76,69,127,6.4,229,25,182,223,1.12,57,4.1,27.3,14.5,2,5085,9.0,10,0,2,8.1,10,F,no,sedentario
PAC004610,62,105.8,192,28.7,98,97,154,120,77,144,7.0,260,45,180,195,1.47,83,7.1,19.1,15.3,3,500,9.8,0,9,4,8.6,5,F,si,sedentario
PAC004611,51,71.4,171,24.4,91,84,144,72,91,98,5.4,161,52,125,113,0.89,94,6.2,16.8,13.6,2,6898,8.9,25,30,2,6.5,5,F,no,ligero
PAC004612,45,72.0,162,27.4,71,94,94,67,63,72,4.5,208,71,142,40,0.94,112,1.2,42.7,14.1,9,15910,8.7,1,0,3,5.3,1,M,si,activo
PAC004613,65,98.1,183,29.3,115,115,129,82,76,128,7.1,231,29,115,304,1.2,73,5.4,54.5,15.3,0,6586,10.5,6,16,0,11.0,6,F,si,sedentario
PAC004614,83,87.2,148,39.8,103,99,176,90,82,89,5.5,275,37,131,201,0.49,47,10.5,29.7,17.3,0,567,6.6,6,13,0,11.0,10,F,no,sedentario
PAC004615,54,108.8,185,31.8,104,88,136,102,90,165,5.7,269,26,180,261,1.27,30,6.3,41.0,13.5,0,4396,8.5,11,10,1,16.7,6,F,no,sedentario
PAC004616,51,84.7,140,43.2,116,95,181,105,89,104,7.2,196,35,190,199,0.74,59,6.7,30.4,15.2,3,2402,5.9,4,7,1,12.6,3,F,si,sedentario
PAC004617,24,81.9,165,30.1,111,85,108,63,90,89,4.7,137,72,140,130,1.19,93,0.9,5.0,12.1,8,8986,7.5,15,23,0,6.9,4,F,no,ligero
PAC004618,42,57.2,152,24.8,81,97,123,79,71,90,5.2,189,72,59,40,1.19,65,2.8,42.4,14.7,8,13647,6.5,0,6,7,3.3,1,M,no,ligero
PAC004619,88,80.3,146,37.7,127,78,172,97,58,89,5.4,207,48,155,124,0.95,72,5.0,33.3,16.8,1,2049,5.6,11,7,3,12.3,7,M,no,sedentario
PAC004620,18,89.2,157,36.2,87,97,90,70,59,96,5.7,199,59,139,65,1.14,126,0.9,22.3,10.1,6,12708,7.8,32,24,0,7.4,7,M,no,ligero
PAC004621,23,58.2,161,22.5,71,115,110,66,47,127,4.8,217,84,170,40,1.04,130,2.8,43.3,14.4,12,10498,9.4,3,0,6,6.6,1,M,no,ligero
PAC004622,18,56.4,169,19.7,84,89,90,86,59,79,5.4,138,60,70,40,1.19,82,0.1,39.0,16.0,6,11890,6.0,8,0,5,7.9,4,F,no,ligero
PAC004623,76,76.0,153,32.5,126,114,156,89,69,97,5.1,250,37,96,169,0.56,68,5.6,22.1,15.6,4,2057,4.8,17,3,4,9.3,7,M,si,sedentario
PAC004624,27,57.5,159,22.7,80,99,104,78,61,75,6.3,145,67,99,108,1.24,103,1.6,38.6,14.7,7,14674,8.8,9,3,10,9.4,3,F,si,sedentario
PAC004625,47,74.1,157,30.1,70,95,92,57,71,91,5.4,167,88,56,118,1.26,130,1.1,31.9,13.2,6,13679,9.4,0,0,5,7.7,1,F,no,activo
PAC004626,58,58.8,171,20.1,106,119,104,66,52,112,5.2,216,72,123,194,1.21,122,1.5,35.4,13.8,7,8863,6.0,1,2,6,2.1,3,F,no,activo
PAC004627,77,100.4,204,24.1,106,100,150,107,80,147,7.1,269,36,126,298,1.38,71,7.5,43.4,15.2,0,3740,9.1,19,11,2,11.0,6,F,si,sedentario
PAC004628,33,47.4,161,18.3,89,96,120,83,76,68,5.8,153,53,119,181,0.97,90,3.5,32.9,12.3,4,11063,7.5,38,20,2,6.3,5,F,no,ligero
PAC004629,18,81.4,161,31.4,79,107,134,64,85,90,4.6,194,56,99,137,0.9,116,2.3,20.5,12.2,9,3574,7.4,35,16,0,12.8,9,M,no,activo
PAC004630,77,116.4,151,51.1,90,92,158,101,74,100,6.2,231,70,146,249,0.4,76,4.7,18.8,15.2,0,4578,5.9,6,13,3,8.3,2,M,no,sedentario
PAC004631,70,63.8,199,16.1,115,94,170,90,77,125,8.6,259,60,139,240,1.27,61,8.7,27.0,13.9,1,8156,9.8,6,8,2,9.3,7,M,si,sedentario
PAC004632,67,95.2,142,47.2,101,94,163,101,84,69,6.1,196,59,101,253,0.4,64,7.2,33.4,17.4,0,4963,5.3,4,0,1,10.5,8,M,no,sedentario
PAC004633,62,88.3,149,39.8,103,97,166,95,51,87,5.9,216,31,159,170,0.59,84,5.0,38.4,17.8,4,4753,5.8,11,0,0,14.1,8,F,no,sedentario
PAC004634,54,75.6,164,28.1,85,86,127,80,71,98,5.4,235,60,95,40,0.68,95,0.1,24.6,12.2,12,12059,9.6,2,12,7,2.2,1,M,no,activo
PAC004635,36,85.9,163,32.3,66,112,122,67,45,83,4.4,197,69,100,76,0.82,120,0.1,55.1,12.9,4,10131,7.7,0,1,4,4.7,3,F,si,activo
PAC004636,65,62.3,146,29.2,82,94,183,99,85,83,5.4,256,42,78,186,0.56,98,3.0,19.5,17.4,5,7126,6.3,20,6,2,14.8,7,M,no,ligero
PAC004637,59,86.5,140,44.1,104,95,190,109,68,78,4.9,229,48,138,218,0.52,44,6.1,33.7,15.9,2,7655,4.4,14,9,2,6.5,9,F,si,sedentario
PAC004638,90,81.1,140,41.4,86,98,152,96,87,114,6.3,220,41,106,231,0.49,58,4.0,24.9,17.4,6,1292,7.3,18,2,0,15.0,6,F,si,ligero
PAC004639,54,52.5,163,19.8,89,97,118,77,74,86,4.7,193,93,136,81,1.08,88,0.6,20.6,12.1,5,7578,9.4,18,32,0,11.5,9,M,no,activo
PAC004640,74,86.2,140,44.0,109,94,151,97,60,107,6.2,178,42,119,191,0.65,51,5.5,34.9,16.7,3,2793,5.9,22,0,3,13.8,7,M,si,ligero
PAC004641,71,86.0,204,20.7,93,106,132,98,77,145,6.2,218,45,121,293,1.26,62,10.1,47.3,14.5,0,3812,9.8,21,0,0,8.1,8,M,si,sedentario
PAC004642,43,82.2,156,33.8,86,98,120,70,72,78,4.2,166,60,74,121,1.17,106,5.6,7.3,10.3,9,4714,7.2,21,25,1,15.6,6,M,no,ligero
PAC004643,24,53.3,155,22.2,94,92,140,82,95,76,6.2,152,56,44,202,0.81,119,2.2,25.4,12.7,6,13391,9.3,25,22,0,8.8,6,F,no,sedentario
PAC004644,24,79.3,157,32.2,60,82,108,70,61,96,5.9,186,50,124,55,1.1,100,1.4,45.4,15.2,11,14072,8.0,9,0,8,4.1,3,M,no,activo
PAC004645,64,87.7,192,23.8,92,101,151,93,86,110,7.2,315,33,156,185,1.02,68,10.6,21.4,12.6,0,2255,7.3,26,12,3,15.4,8,F,si,sedentario
PAC004646,72,78.2,198,19.9,110,110,129,91,81,130,7.0,277,28,157,254,1.19,91,5.5,39.1,14.3,0,2035,7.4,17,0,0,12.4,6,M,si,sedentario
PAC004647,71,96.7,161,37.3,90,105,178,108,81,88,5.6,204,55,156,90,0.42,108,3.9,44.6,16.8,0,2259,5.9,0,3,3,10.3,9,F,si,ligero
PAC004648,18,62.6,143,30.6,85,93,142,87,81,89,4.3,183,36,194,105,1.01,102,2.1,32.7,14.7,7,7752,8.7,19,10,3,14.2,7,F,no,ligero
PAC004649,21,65.8,179,20.5,75,103,90,57,71,82,6.2,147,60,85,176,1.11,112,5.4,42.9,14.5,11,10030,8.7,0,0,5,11.6,1,M,no,sedentario
PAC004650,31,90.9,201,22.5,122,116,151,81,74,143,6.9,214,46,113,256,1.38,98,4.3,30.1,18.4,2,4258,9.1,0,17,0,12.1,8,M,si,sedentario
PAC004651,64,101.9,144,49.1,106,91,145,93,77,85,5.2,228,41,147,163,0.76,80,5.1,34.2,14.2,3,3528,4.6,6,5,0,11.4,8,M,si,activo
PAC004652,38,82.2,154,34.7,76,93,119,84,79,81,4.9,206,58,128,84,1.11,77,3.5,24.7,13.2,7,8295,7.3,18,22,1,5.9,3,M,no,sedentario
PAC004653,84,72.2,150,32.1,84,89,156,112,78,120,5.0,264,50,143,116,0.46,63,6.6,25.2,16.9,2,4591,7.7,10,4,1,11.6,6,M,si,ligero
PAC004654,35,77.3,173,25.8,102,100,115,87,70,92,5.7,144,63,124,40,1.14,101,3.0,35.8,14.6,4,10740,7.0,1,0,6,8.8,0,M,no,activo
PAC004655,85,68.3,140,34.8,111,90,153,98,97,92,5.6,232,27,82,211,0.59,72,3.2,30.6,15.0,0,4231,5.8,14,0,1,12.3,6,F,si,sedentario
PAC004656,22,74.2,159,29.4,97,110,90,81,59,75,5.3,234,43,126,76,1.22,103,1.7,18.5,15.9,5,14746,9.7,0,4,5,3.5,0,F,si,ligero
PAC004657,20,58.5,148,26.7,76,112,98,69,98,102,5.8,209,58,83,90,0.97,120,4.8,18.8,11.9,3,3392,8.5,19,21,2,7.8,6,M,si,sedentario
PAC004658,72,75.6,151,33.2,97,105,165,97,83,95,6.3,210,39,134,178,0.4,69,4.0,37.9,15.5,7,4131,5.5,6,6,1,12.3,8,M,no,ligero
PAC004659,18,40.0,168,14.2,103,94,90,77,58,68,5.2,165,62,85,93,0.85,104,4.6,48.4,12.5,7,11257,8.9,0,9,6,4.0,3,F,no,ligero
PAC004660,18,54.6,165,20.1,64,118,113,69,57,84,5.0,158,64,134,81,1.11,105,0.1,45.1,13.6,7,12530,6.9,9,0,5,3.5,1,F,no,sedentario
PAC004661,32,63.9,147,29.6,99,104,126,69,81,70,5.4,206,64,142,115,0.65,99,2.4,24.1,10.1,6,9213,10.1,29,25,1,12.5,10,M,si,sedentario
PAC004662,48,72.1,163,27.1,111,95,120,74,91,88,4.9,180,68,121,142,1.13,103,4.9,38.8,12.8,6,7924,8.1,8,23,0,7.5,8,M,si,sedentario
PAC004663,64,77.1,149,34.7,102,85,196,97,64,92,6.3,210,46,116,216,0.4,76,5.8,37.8,16.8,0,500,6.4,13,6,3,10.6,10,M,si,ligero
PAC004664,18,63.4,148,28.9,64,88,137,73,82,74,5.2,192,63,103,185,0.87,80,1.5,28.4,13.2,4,6752,9.5,8,15,3,8.5,6,M,no,sedentario
PAC004665,67,86.4,143,42.3,114,98,153,107,71,132,5.6,210,59,80,182,0.61,66,6.5,37.2,15.4,7,4430,6.2,10,0,1,10.4,8,M,no,sedentario
PAC004666,18,81.5,175,26.6,71,99,130,72,54,117,5.3,148,58,52,70,1.03,88,0.1,38.6,14.9,8,11630,8.4,3,6,2,7.8,5,F,no,ligero
PAC004667,83,81.2,150,36.1,114,97,174,100,77,103,4.9,176,37,147,193,0.4,69,7.5,50.5,14.9,1,6798,5.1,20,0,3,12.9,8,M,si,sedentario
PAC004668,34,98.6,195,25.9,104,112,158,66,69,126,6.9,236,25,173,286,1.27,86,9.8,29.8,15.9,0,500,7.1,14,6,1,11.8,6,F,si,sedentario
PAC004669,59,79.5,200,19.9,112,92,151,78,78,156,8.0,230,51,156,329,1.29,82,6.7,25.3,14.5,0,3152,7.6,11,10,0,14.3,7,M,si,ligero
PAC004670,42,56.0,140,28.6,105,107,118,83,86,91,4.8,228,64,105,125,1.21,103,0.1,6.4,11.3,4,9532,7.6,20,20,1,16.1,7,F,no,sedentario
PAC004671,52,103.2,194,27.4,105,106,152,75,82,163,8.3,261,57,106,218,1.11,82,5.4,24.0,14.3,0,5562,8.7,2,6,1,11.0,10,F,si,ligero
PAC004672,81,123.5,185,36.1,106,117,157,83,79,150,7.5,219,52,156,261,0.92,84,9.0,29.5,16.3,4,5694,10.1,10,1,2,14.5,4,M,si,activo
PAC004673,21,67.1,174,22.2,80,92,135,57,86,110,5.7,172,50,72,205,0.97,83,4.1,26.1,11.8,9,10117,7.7,15,36,1,6.8,6,M,si,ligero
PAC004674,44,67.8,170,23.5,91,98,90,72,73,122,5.5,201,74,121,134,0.85,124,0.1,39.2,14.9,11,11424,8.5,10,8,5,6.1,4,M,no,activo
PAC004675,36,60.0,182,18.1,79,105,104,53,67,87,4.0,179,61,136,76,0.82,80,1.2,43.3,12.5,8,7936,8.0,5,1,5,6.2,3,F,no,activo
PAC004676,90,40.7,144,19.6,99,100,151,105,73,97,5.0,218,64,126,146,0.67,49,2.7,23.2,14.6,1,503,5.4,6,8,0,12.0,6,F,no,sedentario
PAC004677,29,61.7,170,21.3,82,98,116,60,82,98,4.2,167,45,142,46,1.06,97,0.1,28.1,15.0,9,12977,8.0,14,6,8,10.8,4,M,no,sedentario
PAC004678,90,69.3,156,28.5,97,113,141,107,72,105,6.6,233,44,108,172,0.71,76,10.7,23.0,16.8,0,2697,7.0,0,9,3,11.5,5,M,no,sedentario
PAC004679,23,44.1,152,19.1,75,96,116,80,65,72,5.5,169,64,97,197,1.34,101,0.1,47.5,17.0,5,10809,7.9,1,3,5,2.0,0,M,si,sedentario
PAC004680,60,83.0,187,23.7,108,92,114,81,73,139,7.6,254,58,179,143,1.25,62,8.7,35.8,15.9,3,4425,10.2,7,2,2,7.4,7,M,no,sedentario
PAC004681,47,69.7,149,31.4,82,84,120,80,71,92,5.8,209,74,143,107,0.67,77,2.1,33.1,11.7,7,8146,8.9,4,36,1,8.6,5,M,si,activo
PAC004682,48,90.4,152,39.1,120,82,146,115,71,101,6.3,221,48,175,178,0.51,44,4.0,20.4,16.1,0,2937,7.1,24,5,4,14.0,5,F,no,ligero
PAC004683,32,74.0,166,26.9,91,109,118,58,71,82,4.0,134,67,100,120,0.71,89,0.5,25.3,14.4,12,14461,7.4,0,11,6,4.9,3,F,si,ligero
PAC004684,90,95.2,140,48.6,82,85,154,110,77,119,5.7,229,33,157,226,0.58,56,6.2,30.3,14.1,3,3934,6.5,15,1,3,9.5,6,F,no,ligero
PAC004685,85,87.4,199,22.1,122,122,136,87,84,143,7.0,205,56,129,318,1.53,94,11.1,41.7,12.1,2,636,10.0,20,11,4,17.9,8,F,si,sedentario
PAC004686,18,81.0,154,34.2,94,112,135,67,60,82,5.3,170,48,164,149,1.23,85,0.1,25.1,15.3,8,10397,5.4,0,0,5,2.5,1,M,no,ligero
PAC004687,34,93.1,205,22.2,128,103,136,69,91,127,5.8,286,49,141,121,1.17,73,8.2,40.9,14.2,0,2850,8.1,15,0,1,11.2,7,F,si,ligero
PAC004688,21,50.4,195,13.3,70,119,116,68,67,82,4.1,173,56,47,123,0.94,85,0.3,35.0,14.1,8,6810,7.0,10,11,6,4.8,0,M,si,ligero
PAC004689,30,95.0,203,23.1,107,96,123,77,77,135,8.0,239,25,151,208,1.38,76,7.0,32.0,18.8,0,6446,9.8,13,17,1,9.9,8,F,si,sedentario
PAC004690,50,86.3,140,44.0,97,107,162,96,69,96,5.1,261,55,162,288,0.69,54,1.9,30.5,15.4,0,7202,5.4,8,0,4,11.7,5,F,si,ligero
PAC004691,28,61.2,158,24.5,66,102,114,81,64,69,4.3,143,89,116,117,0.72,93,3.2,45.9,15.4,9,8089,8.9,3,0,4,3.5,0,M,no,activo
PAC004692,65,94.7,150,42.1,105,90,152,95,72,86,5.9,219,50,135,185,0.4,86,3.7,40.0,16.2,0,2802,6.1,13,0,1,13.7,10,F,si,sedentario
PAC004693,28,56.7,173,18.9,101,98,101,73,84,74,5.4,177,56,53,107,0.83,48,4.4,33.5,10.6,0,14171,7.1,12,33,3,9.4,6,F,no,ligero
PAC004694,27,75.3,154,31.8,75,94,114,62,87,107,5.6,207,42,72,195,0.8,79,3.6,22.7,12.6,6,5367,6.4,19,14,4,8.0,7,M,si,activo
PAC004695,22,82.3,155,34.3,79,108,133,76,56,86,4.5,177,81,58,86,0.96,112,2.9,25.3,15.1,10,12914,8.4,5,2,5,2.9,1,F,no,activo
PAC004696,24,54.3,166,19.7,101,114,119,74,70,95,4.0,155,48,165,223,0.78,65,5.8,22.0,10.8,6,5634,6.8,33,17,0,9.3,10,M,si,sedentario
PAC004697,50,67.1,172,22.7,79,95,109,78,66,87,5.5,158,73,90,58,1.25,79,0.1,44.1,12.4,14,13491,8.2,0,3,4,11.1,2,M,no,activo
PAC004698,18,76.2,152,33.0,69,90,112,67,75,96,5.9,174,54,145,95,1.01,123,0.9,23.9,13.0,4,10897,6.3,9,23,1,9.5,6,F,si,sedentario
PAC004699,31,83.7,160,32.7,85,98,108,82,72,63,4.9,154,50,127,118,0.91,121,0.9,20.2,9.2,2,11544,6.3,18,8,3,10.4,7,F,no,ligero
PAC004700,18,81.3,164,30.2,85,75,128,62,101,89,6.2,174,73,121,95,0.82,121,1.6,33.5,12.9,2,12637,7.9,21,26,1,10.5,7,M,no,sedentario
PAC004701,63,86.8,205,20.7,124,101,133,86,84,99,6.9,250,33,115,255,1.19,76,11.1,48.9,15.5,0,3622,9.6,10,22,1,7.5,8,M,si,sedentario
PAC004702,24,55.8,145,26.5,96,98,125,67,93,107,4.4,182,39,118,132,1.06,93,5.0,35.4,11.8,4,10430,7.9,20,23,0,9.2,4,M,si,ligero
PAC004703,25,65.6,147,30.4,84,103,100,84,77,120,5.5,195,44,97,157,0.71,84,7.8,17.4,13.7,5,10398,8.4,27,29,3,11.0,9,F,si,ligero
PAC004704,60,68.7,143,33.6,101,99,166,106,80,110,6.3,246,60,129,183,0.55,75,3.7,8.6,14.3,1,8441,7.5,8,3,2,16.9,8,F,si,sedentario
PAC004705,58,113.3,183,33.8,111,97,122,75,88,149,5.8,237,25,149,233,0.99,77,9.0,30.1,14.7,0,4750,7.6,5,0,3,9.2,10,M,no,ligero
PAC004706,70,73.8,141,37.1,97,97,168,102,56,112,5.9,265,51,94,172,0.64,93,3.6,35.6,14.4,3,1682,6.8,0,9,2,9.2,5,M,si,sedentario
PAC004707,26,68.7,159,27.2,99,93,107,70,88,77,5.1,178,57,124,76,0.76,82,4.8,25.5,12.8,0,9045,9.9,11,25,1,11.6,7,F,si,ligero
PAC004708,31,40.0,160,15.6,96,87,136,84,81,81,5.1,233,45,108,53,0.97,86,4.5,26.1,9.5,7,9093,8.3,14,16,3,8.5,9,F,no,sedentario
PAC004709,26,67.4,175,22.0,73,92,124,69,67,73,5.3,188,63,122,91,1.13,95,2.5,34.3,13.5,6,15586,9.2,0,4,7,8.9,3,F,no,ligero
PAC004710,42,67.4,155,28.1,101,77,126,75,90,86,6.0,202,69,97,77,0.94,130,0.1,9.8,11.5,1,7285,8.0,9,22,1,14.3,5,M,no,activo
PAC004711,40,48.7,165,17.9,93,98,120,91,77,99,6.1,162,56,110,119,0.56,112,1.8,10.9,11.2,6,7582,7.5,8,20,4,6.8,10,F,no,ligero
PAC004712,27,88.2,177,28.2,94,101,165,55,80,79,5.0,193,52,129,48,1.02,114,1.4,29.2,10.2,5,8193,9.7,11,15,3,11.9,8,M,no,sedentario
PAC004713,72,72.4,146,34.0,102,86,145,116,82,80,4.8,215,46,133,174,0.46,67,4.4,24.9,15.6,0,3917,5.2,6,5,3,15.0,9,M,no,sedentario
PAC004714,29,63.0,174,20.8,64,106,113,66,45,81,5.9,186,51,104,196,1.29,93,1.0,27.5,15.9,12,16488,9.0,0,3,5,5.9,4,F,si,sedentario
PAC004715,64,91.3,196,23.8,100,107,127,104,82,143,6.2,275,44,144,274,1.3,72,4.8,30.6,12.9,0,3357,10.9,15,2,2,15.1,6,F,si,ligero
PAC004716,30,70.0,164,26.0,85,91,121,75,80,78,5.4,167,52,132,159,1.05,98,1.9,23.9,13.1,10,10966,8.0,23,28,0,7.5,7,F,no,sedentario
PAC004717,40,54.8,176,17.7,74,109,131,76,68,81,4.8,187,60,114,40,1.01,99,1.7,45.6,16.8,1,16042,9.8,9,9,7,4.3,3,M,si,sedentario
PAC004718,60,98.5,193,26.4,126,118,123,89,83,127,6.2,217,27,133,323,0.98,59,4.7,46.5,14.9,0,3086,8.8,3,0,3,14.8,9,F,si,activo
PAC004719,27,66.7,152,28.9,104,92,112,72,77,82,5.5,192,51,153,121,1.08,101,1.8,24.8,14.4,4,8815,7.8,20,35,0,11.0,6,M,no,ligero
PAC004720,67,104.4,145,49.7,108,104,151,100,74,111,5.4,183,47,146,176,0.58,53,3.7,43.9,15.4,1,7852,5.8,12,2,0,14.0,7,F,no,sedentario
PAC004721,40,77.5,148,35.4,89,87,112,66,84,76,4.8,240,69,98,172,0.72,130,3.4,38.6,11.8,4,8140,8.3,8,18,0,8.9,7,M,si,sedentario
PAC004722,22,58.5,149,26.4,96,88,117,72,86,112,4.4,151,54,89,173,1.23,92,4.3,20.7,10.7,6,8482,9.3,17,24,0,7.6,10,F,no,sedentario
PAC004723,73,93.4,201,23.1,82,107,141,83,87,122,7.2,266,42,158,194,1.1,79,4.1,41.8,15.1,0,2689,8.9,12,1,0,10.0,9,M,no,ligero
PAC004724,71,80.9,205,19.3,124,93,149,91,89,122,6.9,275,36,125,220,0.76,74,4.3,36.8,14.5,0,3256,9.3,4,7,2,9.3,9,M,si,sedentario
PAC004725,80,91.7,196,23.9,115,112,141,86,83,139,8.0,207,25,180,358,1.13,95,5.3,37.0,14.8,0,3773,7.1,9,0,4,14.1,6,M,no,sedentario
PAC004726,18,77.9,173,26.0,94,99,117,58,83,76,5.2,185,60,107,73,1.0,103,3.2,20.8,13.2,5,13666,7.9,13,36,1,8.4,7,M,no,ligero
PAC004727,82,101.5,195,26.7,123,99,135,74,73,152,8.8,259,58,161,270,1.43,72,5.6,30.1,15.5,0,5559,10.3,13,4,0,12.5,7,F,no,sedentario
PAC004728,69,87.2,205,20.7,117,103,157,91,74,110,5.5,219,25,189,274,1.4,66,8.1,39.4,16.9,1,2847,7.8,0,6,1,9.9,6,M,si,sedentario
PAC004729,76,106.6,199,26.9,107,117,145,87,83,136,7.3,249,45,173,225,1.26,89,6.1,46.7,15.4,0,3606,7.1,5,5,4,14.0,10,M,no,sedentario
PAC004730,71,72.4,140,36.9,96,99,173,83,64,116,5.8,253,49,189,254,0.4,82,5.0,37.8,16.3,0,500,7.8,14,2,3,15.8,9,M,no,sedentario
PAC004731,78,80.5,154,33.9,105,100,181,88,80,128,5.7,192,46,166,80,0.4,75,3.8,30.1,17.1,1,836,4.7,6,13,2,12.7,4,F,no,ligero
PAC004732,74,82.6,203,20.0,120,97,144,88,89,116,5.5,226,44,191,226,1.17,63,7.3,45.0,14.7,0,9333,7.3,10,7,0,10.3,9,M,si,ligero
PAC004733,86,101.9,205,24.2,114,102,135,73,78,119,7.0,265,25,203,299,0.93,86,6.2,45.0,14.5,0,6144,11.0,13,5,3,15.0,9,F,si,ligero
PAC004734,72,60.4,189,16.9,101,95,151,92,62,145,6.9,259,25,152,281,1.1,86,8.8,40.9,14.2,3,1667,9.3,13,12,2,8.0,10,F,si,sedentario
PAC004735,79,115.7,190,32.0,114,105,141,72,79,128,7.1,223,30,238,171,1.05,69,10.0,33.1,13.8,6,626,10.2,7,6,2,9.3,7,M,no,ligero
PAC004736,88,70.1,140,35.8,110,89,142,104,76,104,6.0,257,39,125,155,0.4,50,3.2,30.1,16.4,0,2802,7.6,2,0,1,10.2,10,M,no,ligero
PAC004737,72,97.2,201,24.1,117,107,154,90,78,161,7.1,210,25,159,263,1.27,63,9.5,41.6,15.7,0,4363,7.3,6,9,1,12.8,7,M,si,sedentario
PAC004738,52,93.2,192,25.3,129,100,152,87,75,127,6.9,234,47,195,254,1.13,77,5.7,24.7,11.8,1,5172,8.4,5,10,2,9.9,5,F,si,sedentario
PAC004739,64,88.5,205,21.1,122,97,162,100,67,124,6.7,291,25,143,234,1.12,59,8.9,47.7,17.8,3,1018,9.2,15,0,2,11.3,7,F,si,sedentario
PAC004740,60,112.5,190,31.2,104,94,129,94,83,113,6.7,240,44,148,196,1.18,80,8.8,34.3,13.8,1,3367,7.6,13,0,3,12.0,10,F,si,sedentario
PAC004741,18,83.7,152,36.2,74,111,117,62,76,69,5.3,174,44,115,87,1.09,96,4.3,23.7,12.4,3,9931,10.1,20,25,3,6.9,7,M,si,ligero
PAC004742,77,91.7,194,24.4,108,103,150,82,83,118,7.8,292,46,120,319,1.38,66,6.5,38.0,16.1,1,6050,10.0,8,4,0,12.2,8,F,no,sedentario
PAC004743,28,60.2,163,22.7,66,85,107,89,62,61,4.5,164,70,124,70,1.25,127,0.1,36.3,15.9,11,14895,7.5,0,3,5,6.3,3,F,no,ligero
PAC004744,18,82.5,160,32.2,82,121,104,74,65,67,5.1,239,47,117,99,1.21,111,0.7,44.0,15.5,11,13063,10.1,8,8,5,8.4,3,M,no,ligero
PAC004745,28,77.0,167,27.6,65,112,129,62,68,88,4.0,214,65,149,81,1.27,91,0.9,42.0,15.1,6,11189,6.9,14,5,5,3.3,8,F,no,activo
PAC004746,43,65.0,165,23.9,75,93,137,75,98,85,5.8,207,44,83,92,0.75,114,2.1,17.5,10.5,10,6120,7.5,17,26,2,12.0,6,M,no,ligero
PAC004747,81,84.9,144,40.9,113,97,133,108,77,108,5.4,247,43,126,64,0.64,72,6.4,29.4,18.1,1,4262,5.8,10,0,2,13.2,8,M,no,sedentario
PAC004748,34,43.2,165,15.9,86,95,90,60,51,74,4.7,169,65,77,145,1.27,99,0.1,38.7,15.1,15,9534,6.4,0,0,5,3.9,5,M,no,ligero
PAC004749,45,72.0,178,22.7,76,96,135,81,75,108,5.1,176,54,104,40,0.97,128,1.6,22.2,14.7,5,12946,8.4,8,3,3,5.4,3,M,no,ligero
PAC004750,42,92.4,187,26.4,99,104,125,94,95,143,6.9,263,50,205,277,1.34,68,7.1,42.9,16.7,0,500,8.9,29,5,2,11.7,9,M,no,activo
PAC004751,87,76.5,140,39.0,88,101,161,90,96,86,7.2,177,46,135,168,0.49,68,7.7,33.7,14.8,3,6034,5.4,7,4,2,10.8,5,M,si,sedentario
PAC004752,64,96.8,205,23.0,96,93,154,99,84,114,7.0,183,36,218,208,1.49,70,8.4,39.7,17.5,1,500,9.5,9,13,0,11.2,10,F,si,sedentario
PAC004753,90,84.0,152,36.4,115,95,156,106,92,62,6.1,243,37,150,197,0.74,93,4.8,30.8,15.9,2,8327,5.9,0,7,2,12.5,5,M,no,sedentario
PAC004754,18,68.5,179,21.4,88,101,113,62,62,111,5.1,157,57,108,127,1.37,130,4.5,35.5,15.0,7,13077,9.3,7,0,5,2.0,2,M,si,ligero
PAC004755,69,99.6,150,44.3,100,108,171,103,79,101,6.1,233,48,134,186,0.4,70,6.1,47.9,13.1,4,6995,6.7,11,2,0,14.3,9,F,si,activo
PAC004756,52,93.6,205,22.3,106,106,135,78,83,121,8.2,269,39,102,240,0.87,48,6.8,40.5,13.2,0,7946,8.5,0,13,4,11.6,7,F,si,sedentario
PAC004757,81,104.1,197,26.8,93,113,153,96,100,133,7.3,274,26,116,295,1.31,84,8.5,25.7,15.5,1,522,9.1,0,15,4,11.9,5,M,si,sedentario
PAC004758,24,69.8,167,25.0,77,109,104,72,59,94,4.5,183,67,49,49,1.08,107,2.6,25.2,15.1,7,16353,6.6,0,0,3,7.1,5,M,no,activo
PAC004759,51,46.9,170,16.2,87,99,137,74,56,95,4.6,118,63,113,54,1.7,103,2.5,34.2,15.5,10,9270,7.4,0,0,5,5.4,2,F,no,ligero
PAC004760,50,88.3,155,36.8,105,90,180,111,79,94,6.7,213,63,163,164,0.56,84,2.7,34.0,16.9,3,1880,7.7,0,14,1,11.8,7,M,no,activo
PAC004761,27,66.0,157,26.8,75,103,122,70,75,91,5.5,212,50,93,80,0.97,108,3.5,10.2,10.6,7,6949,8.5,14,14,2,7.8,9,M,si,ligero
PAC004762,35,73.5,152,31.8,71,89,117,67,67,90,4.9,228,68,70,60,1.07,102,0.2,33.0,16.7,10,10093,8.1,0,0,3,7.0,3,M,no,ligero
PAC004763,51,65.2,152,28.2,91,80,143,86,82,116,5.7,245,25,116,182,0.56,60,5.6,29.1,13.1,0,2744,3.9,8,0,0,14.7,6,F,no,sedentario
PAC004764,35,100.2,189,28.1,121,97,133,92,86,141,6.5,220,25,190,246,1.01,91,5.4,41.2,16.1,0,500,8.5,0,15,4,11.8,4,F,no,sedentario
PAC004765,38,54.4,173,18.2,98,75,121,72,86,90,5.8,194,66,114,75,1.05,95,1.0,25.7,12.9,5,7606,8.7,25,22,3,8.4,10,F,si,activo
PAC004766,61,92.9,140,47.4,113,96,180,102,75,102,6.4,285,37,141,238,0.4,73,8.3,26.1,16.8,5,2017,6.6,11,13,3,10.7,7,M,si,sedentario
PAC004767,73,67.7,194,18.0,103,76,147,87,78,144,7.8,207,32,129,288,1.35,89,8.5,61.6,16.2,1,1699,9.5,7,2,1,9.6,3,M,si,ligero
PAC004768,18,81.2,160,31.7,79,80,125,77,69,103,5.8,193,65,142,94,1.22,110,2.0,19.4,12.9,1,15372,8.1,27,23,1,10.5,7,F,si,sedentario
PAC004769,65,97.7,182,29.5,125,108,162,75,78,121,6.8,249,43,144,281,1.02,81,8.3,36.4,13.8,0,1049,8.4,12,8,0,6.9,7,F,si,sedentario
PAC004770,22,61.5,173,20.5,64,91,107,73,81,60,5.0,177,83,71,104,1.23,118,4.1,26.2,17.7,5,12797,8.8,0,0,6,2.0,4,F,si,activo
PAC004771,70,103.1,189,28.9,124,115,123,90,87,143,7.1,222,42,131,229,1.38,91,8.4,19.4,15.6,0,3115,8.0,7,17,2,9.3,4,F,si,sedentario
PAC004772,18,82.1,161,31.7,88,89,131,91,95,73,5.3,202,46,103,40,1.2,104,3.4,11.2,10.6,8,8428,9.1,21,34,2,10.6,7,F,si,ligero
PAC004773,70,112.3,185,32.8,120,102,136,101,81,154,6.9,215,32,188,224,1.17,73,4.6,26.1,14.0,2,5683,8.5,24,5,0,13.2,10,F,no,ligero
PAC004774,21,69.2,151,30.3,80,102,100,72,74,76,4.7,148,59,122,40,0.89,77,3.9,19.6,12.2,6,8713,9.2,22,24,0,8.4,9,F,no,sedentario
PAC004775,28,68.4,156,28.1,92,97,108,59,71,102,5.4,140,86,63,86,0.8,112,2.7,31.3,15.2,1,12424,5.6,0,0,7,8.4,0,F,no,ligero
PAC004776,49,73.9,159,29.2,89,75,112,71,72,122,4.8,187,60,103,95,0.92,94,0.1,29.5,10.6,4,12502,8.9,25,24,3,4.2,8,F,no,activo
PAC004777,18,56.3,161,21.7,64,92,107,66,57,72,4.0,190,58,114,162,1.03,95,0.7,24.0,15.2,8,11457,7.7,10,6,4,3.7,0,F,si,ligero
PAC004778,57,105.0,193,28.2,103,97,129,98,80,108,7.3,240,25,183,292,1.38,80,4.0,29.6,14.6,0,5328,8.2,9,0,1,16.2,7,F,no,ligero
PAC004779,90,95.1,182,28.7,113,112,164,96,69,103,7.2,232,43,183,215,1.24,101,3.6,35.5,14.4,2,6670,11.0,8,0,2,10.2,9,M,si,sedentario
PAC004780,26,56.9,162,21.7,72,108,128,64,62,96,4.5,213,100,109,79,1.12,104,1.4,40.8,14.6,11,15196,8.6,13,0,3,6.6,2,M,si,sedentario
PAC004781,74,97.1,140,49.5,87,118,158,93,92,98,5.9,273,56,168,236,0.4,83,7.4,36.4,15.0,2,3066,5.5,12,4,4,14.9,7,F,si,sedentario
PAC004782,68,64.6,153,27.6,107,95,173,92,92,109,5.0,221,65,136,211,0.49,89,3.3,17.2,15.5,6,4679,7.1,12,0,2,11.8,6,M,si,activo
PAC004783,18,53.9,157,21.9,88,117,131,70,72,101,5.7,197,83,114,67,1.06,88,4.6,38.0,15.5,7,13547,8.0,5,0,5,5.7,0,F,no,sedentario
PAC004784,69,55.2,140,28.2,93,86,154,101,80,95,6.2,245,56,125,57,0.58,60,8.7,35.9,17.3,2,1577,3.6,18,0,2,14.1,6,M,no,sedentario
PAC004785,55,71.7,140,36.6,118,80,153,94,72,96,4.7,272,62,86,51,0.49,89,3.4,40.4,15.7,3,6303,7.2,6,12,4,10.3,6,F,no,sedentario
PAC004786,28,97.8,203,23.7,111,95,119,89,87,126,7.3,260,31,117,259,1.23,89,4.1,41.0,15.2,1,3753,11.0,4,18,2,11.2,7,F,no,sedentario
PAC004787,23,64.7,149,29.1,79,82,124,69,80,99,5.3,198,42,121,141,1.05,92,3.8,10.6,11.2,7,9297,9.4,16,11,1,11.5,6,M,no,sedentario
PAC004788,56,49.5,153,21.1,111,88,176,86,90,107,6.5,256,38,156,105,0.74,66,5.4,25.0,16.6,3,3559,7.7,4,7,2,9.6,8,F,no,sedentario
PAC004789,74,84.7,190,23.5,117,109,127,81,69,170,7.7,238,39,177,254,1.13,74,8.0,33.2,14.0,2,3683,8.2,21,12,0,15.7,7,M,no,sedentario
PAC004790,18,73.4,175,24.0,79,101,90,79,65,61,4.9,147,57,56,40,0.96,94,0.1,31.1,16.0,8,17559,8.8,5,0,5,2.0,4,F,no,activo
PAC004791,21,58.8,159,23.3,88,110,95,94,45,60,5.4,209,69,133,156,1.1,64,2.3,33.7,16.2,6,8306,7.2,0,7,7,8.8,0,M,no,ligero
PAC004792,58,65.5,151,28.7,82,110,166,101,81,97,6.5,170,42,138,152,0.59,80,2.5,41.2,15.4,0,2832,8.6,12,0,4,13.7,8,F,no,ligero
PAC004793,66,76.4,199,19.3,115,101,137,90,61,124,8.2,200,58,119,232,1.53,41,5.2,36.5,15.1,4,2082,6.6,0,7,2,11.8,9,F,si,sedentario
PAC004794,31,62.7,140,32.0,76,86,134,82,90,83,5.3,148,64,115,115,0.76,99,6.5,16.4,11.9,8,11337,8.7,20,14,3,10.8,9,M,no,ligero
PAC004795,19,81.7,164,30.4,69,95,100,70,72,103,5.1,186,70,95,245,1.52,100,7.3,24.4,14.2,8,15450,8.6,4,3,4,8.7,1,M,no,sedentario
PAC004796,18,91.2,142,45.2,64,82,118,70,97,87,5.1,188,44,81,194,1.06,83,3.6,5.9,11.3,3,9714,9.9,22,21,3,13.7,8,M,si,ligero
PAC004797,29,52.2,159,20.6,83,92,133,80,93,111,6.4,148,40,94,96,0.78,111,2.8,27.0,12.3,9,7494,6.0,21,24,2,11.9,7,F,no,sedentario
PAC004798,74,110.4,140,56.3,99,99,148,94,69,108,5.7,234,56,149,146,0.91,49,4.0,40.7,16.8,6,4239,7.0,3,0,3,15.7,10,F,no,activo
PAC004799,61,87.6,199,22.1,133,113,133,90,76,121,7.0,232,36,181,296,1.01,82,4.8,25.8,14.9,0,5888,7.4,13,1,3,4.4,10,F,no,activo
PAC004800,45,63.3,157,25.7,63,98,134,78,71,110,5.6,183,64,118,40,0.95,113,1.4,36.2,14.1,10,12247,8.0,5,0,6,2.4,2,F,no,activo
PAC004801,55,70.1,187,20.0,114,90,148,95,83,113,6.5,206,30,144,236,1.27,55,10.3,42.2,15.9,0,5893,7.9,6,15,1,8.4,4,M,no,sedentario
PAC004802,77,88.4,192,24.0,122,89,131,85,85,123,7.8,243,54,174,209,1.19,93,9.1,39.8,16.6,0,3047,8.7,0,5,1,11.8,4,M,no,sedentario
PAC004803,54,91.7,149,41.3,76,109,147,59,88,125,4.8,166,43,111,70,0.75,85,1.3,32.4,14.1,5,5103,8.5,18,22,2,8.7,10,M,si,sedentario
PAC004804,83,87.4,145,41.6,102,103,152,95,71,77,5.3,237,47,159,220,0.51,66,1.6,27.8,17.0,2,5141,5.6,8,0,2,9.5,7,F,si,ligero
PAC004805,70,77.3,191,21.2,118,92,110,86,70,140,6.6,250,42,161,271,1.06,106,8.8,25.1,16.2,0,500,9.0,19,0,1,10.0,4,F,no,ligero
PAC004806,27,80.7,177,25.8,89,111,90,68,57,81,4.0,173,56,98,98,1.01,118,0.2,37.2,14.3,8,10247,8.1,2,0,6,8.9,2,M,no,activo
PAC004807,84,109.9,150,48.8,91,94,176,89,78,109,6.6,212,57,154,208,0.69,67,5.0,39.1,15.3,4,7074,7.7,14,6,2,10.6,7,M,si,activo
PAC004808,22,60.2,164,22.4,89,100,127,73,63,83,4.2,163,53,102,77,1.06,94,0.6,22.4,13.2,7,11528,7.8,5,2,9,6.4,0,M,no,ligero
PAC004809,84,67.2,150,29.9,96,83,169,105,83,92,4.7,211,55,158,146,0.66,58,1.5,34.9,16.4,4,1147,6.5,5,2,3,15.0,4,M,si,activo
PAC004810,28,63.4,168,22.5,89,100,119,76,69,76,4.8,207,76,154,60,0.98,120,0.1,51.7,14.4,8,11877,8.2,0,0,6,5.0,0,F,si,activo
PAC004811,72,85.4,196,22.2,135,91,117,68,84,147,7.4,253,47,151,190,1.09,84,8.4,46.2,14.4,0,3055,9.5,3,0,0,8.1,7,F,si,sedentario
PAC004812,90,86.3,143,42.2,111,86,164,93,78,75,5.6,213,26,170,177,0.4,83,4.8,31.9,15.5,5,6932,5.3,0,0,1,14.9,8,F,si,ligero
PAC004813,18,56.8,160,22.2,87,86,107,68,75,60,5.4,180,43,113,66,1.14,99,2.2,23.8,9.4,7,14657,7.0,20,19,0,10.0,5,F,si,activo
PAC004814,90,81.2,147,37.6,131,88,157,80,81,111,5.5,227,37,109,46,0.4,89,5.9,21.0,18.0,3,3741,6.2,2,4,2,18.1,5,F,si,sedentario
PAC004815,37,93.2,179,29.1,87,89,134,53,71,98,4.0,154,65,74,41,1.21,94,0.1,24.3,14.4,8,7781,9.1,0,0,4,7.1,3,M,no,ligero
PAC004816,80,78.3,144,37.8,119,88,162,88,76,78,5.2,243,52,117,204,0.43,56,5.6,26.4,17.0,1,4507,6.6,7,1,2,12.9,6,M,no,ligero
PAC004817,41,63.6,191,17.4,128,106,130,84,76,139,8.1,210,28,164,325,1.23,78,7.8,24.6,17.0,0,3967,9.2,13,12,1,11.7,9,F,si,sedentario
PAC004818,56,83.4,201,20.6,104,118,133,75,57,117,8.1,271,38,178,268,1.18,55,7.2,39.9,14.0,0,1860,9.0,17,0,3,11.2,10,M,no,sedentario
PAC004819,49,90.0,192,24.4,109,109,124,96,82,165,5.8,204,28,173,239,1.22,68,6.9,36.8,16.9,0,500,8.2,12,15,2,10.9,8,F,si,ligero
PAC004820,56,91.4,140,46.6,104,105,158,94,79,105,6.4,255,42,168,209,0.63,87,2.9,24.5,16.8,0,500,4.3,10,1,2,13.5,4,M,no,activo
PAC004821,31,63.2,152,27.4,77,101,111,73,71,94,4.6,138,93,94,245,1.09,114,0.1,36.2,13.7,7,14876,7.6,4,4,5,11.5,0,M,no,ligero
PAC004822,81,116.2,191,31.9,108,108,139,58,86,153,7.2,181,34,213,183,1.09,45,9.7,41.4,16.6,4,2255,9.7,5,8,4,11.2,8,M,no,sedentario
PAC004823,27,75.3,157,30.5,76,99,113,76,45,101,5.9,173,83,103,111,1.36,111,1.2,30.2,14.0,6,10578,7.4,0,0,8,5.7,0,M,si,ligero
PAC004824,23,61.3,157,24.9,98,114,130,67,74,82,5.3,176,54,122,85,0.72,72,2.8,31.5,12.8,6,5652,9.0,17,22,1,10.0,10,M,si,ligero
PAC004825,63,92.0,191,25.2,114,97,138,87,81,150,7.8,233,37,206,354,1.22,79,5.3,31.3,14.3,0,1264,8.4,9,0,1,7.7,10,M,si,sedentario
PAC004826,61,84.9,155,35.3,97,104,170,94,79,130,7.8,227,54,97,249,0.78,44,0.1,38.3,15.3,2,8476,8.5,17,3,1,15.9,7,M,no,ligero
PAC004827,90,96.2,197,24.8,118,91,151,86,86,107,6.8,188,43,139,248,1.18,65,3.8,53.0,15.8,0,4440,8.0,8,4,1,16.0,7,F,no,ligero
PAC004828,59,80.6,153,34.4,84,100,149,102,65,76,6.9,203,35,195,259,0.6,85,0.6,21.9,13.5,5,3292,6.8,4,2,2,12.8,9,M,si,sedentario
PAC004829,90,120.9,199,30.5,128,100,127,95,94,144,7.6,230,41,179,267,1.16,77,6.8,31.2,13.1,5,5302,9.6,5,2,4,10.2,5,M,si,activo
PAC004830,19,69.1,162,26.3,75,91,131,68,86,86,5.2,205,57,128,90,0.67,117,1.3,14.6,13.1,6,13013,10.8,20,28,0,5.2,10,F,si,sedentario
PAC004831,75,112.2,187,32.1,117,115,133,91,71,130,7.9,243,50,169,371,1.27,98,7.7,43.7,15.4,0,2418,8.4,18,2,2,14.2,4,F,si,ligero
PAC004832,90,67.3,205,16.0,111,109,150,79,76,132,7.0,253,26,149,342,1.29,67,8.5,50.6,13.8,0,3974,10.0,8,0,1,4.3,7,M,no,sedentario
PAC004833,67,114.1,140,58.2,101,89,137,100,80,97,6.7,198,53,174,87,0.47,51,3.1,28.9,16.2,0,4736,6.6,19,5,4,17.6,6,F,si,sedentario
PAC004834,26,69.8,154,29.4,97,89,96,76,67,94,5.5,179,71,135,101,0.89,97,4.0,48.3,13.9,8,16297,7.9,8,0,5,10.5,3,M,no,ligero
PAC004835,18,79.9,158,32.0,78,104,129,87,80,95,6.0,139,64,75,81,0.81,115,3.2,20.4,13.2,5,9700,6.9,26,28,0,14.2,8,F,no,ligero
PAC004836,71,66.1,146,31.0,114,107,147,91,86,99,6.3,215,46,110,279,0.47,92,3.6,34.9,18.3,0,5344,4.6,12,0,0,10.8,7,F,si,ligero
PAC004837,31,84.1,156,34.6,84,91,97,79,75,92,5.4,198,64,89,94,0.82,88,5.3,5.0,9.3,6,5107,8.3,25,28,1,8.6,5,F,no,sedentario
PAC004838,76,100.7,180,31.1,117,117,132,96,85,144,8.0,246,39,230,295,1.15,87,5.5,37.3,13.1,0,4117,9.0,14,24,0,12.1,5,F,no,sedentario
PAC004839,35,76.9,166,27.9,60,98,120,68,52,86,5.0,193,54,44,85,1.09,102,5.2,25.3,15.7,12,11224,7.9,6,0,6,3.9,4,M,si,ligero
PAC004840,62,71.7,193,19.2,114,113,137,97,67,142,7.9,221,25,189,295,1.2,89,8.2,32.3,13.2,2,5032,7.6,21,7,0,11.6,7,M,no,sedentario
PAC004841,18,63.6,160,24.8,82,84,106,72,95,76,4.1,176,64,108,58,0.88,97,1.5,29.0,14.4,7,6222,8.0,9,19,1,8.1,8,F,si,ligero
PAC004842,18,62.9,173,21.0,85,96,126,60,76,80,5.0,176,66,91,176,0.76,91,1.8,20.3,14.4,8,8383,7.4,0,6,5,5.9,4,F,no,ligero
PAC004843,46,99.5,198,25.4,107,108,145,82,77,135,6.6,241,39,156,132,0.89,65,5.1,38.9,17.0,0,1410,8.5,22,7,4,10.1,4,M,si,sedentario
PAC004844,34,60.2,170,20.8,91,89,127,66,87,60,5.6,207,68,90,222,0.84,87,0.1,38.6,11.2,8,5853,8.2,14,25,4,7.6,7,F,si,activo
PAC004845,60,93.1,191,25.5,117,103,172,90,86,137,5.8,236,49,209,307,0.89,77,5.8,23.5,15.9,0,2773,9.0,5,9,0,9.5,8,M,si,sedentario
PAC004846,43,106.2,192,28.8,114,124,121,76,71,144,8.2,226,42,173,269,1.24,95,7.1,38.9,15.3,0,4236,8.8,17,1,2,10.7,7,F,si,sedentario
PAC004847,66,86.8,205,20.7,95,104,151,76,74,117,7.5,232,25,212,181,0.94,93,7.4,24.1,15.8,3,6940,9.7,7,4,3,11.8,8,M,si,ligero
PAC004848,49,40.0,171,13.7,67,95,137,84,56,85,5.7,147,77,43,68,0.66,101,0.1,40.3,14.3,6,9095,8.2,0,0,6,8.1,4,F,no,ligero
PAC004849,55,78.5,180,24.2,120,111,122,71,66,122,6.9,266,67,165,234,0.98,82,3.4,41.8,15.8,2,6732,8.1,5,0,3,14.4,9,F,no,sedentario
PAC004850,19,58.1,174,19.2,75,101,131,74,55,70,4.4,146,66,109,176,1.33,109,0.1,35.2,15.0,4,13385,8.5,3,2,5,5.3,3,F,si,sedentario
PAC004851,31,82.8,176,26.7,98,100,128,82,63,95,5.5,204,57,118,130,1.22,100,1.6,39.3,14.5,12,14905,7.8,9,0,5,8.1,2,M,no,sedentario
PAC004852,76,89.3,142,44.3,126,77,190,109,92,117,6.7,202,57,169,116,0.4,26,4.5,28.0,13.6,0,2900,5.1,11,4,4,15.9,6,F,no,sedentario
PAC004853,74,91.0,195,23.9,131,107,130,82,80,155,6.5,238,57,143,215,1.67,96,6.5,48.5,16.6,0,3215,7.0,18,2,1,8.1,7,M,si,sedentario
PAC004854,58,82.0,143,40.1,94,107,145,96,61,86,6.0,244,41,151,209,0.73,82,8.3,19.2,17.5,0,7148,4.6,1,4,1,12.0,7,M,no,ligero
PAC004855,45,88.3,204,21.2,135,91,157,93,86,125,8.2,250,43,170,188,1.1,64,6.4,35.8,16.7,0,5403,9.0,7,8,0,12.8,9,M,si,ligero
PAC004856,90,85.4,153,36.5,104,100,155,100,86,124,5.4,195,50,115,156,0.4,84,3.7,10.8,15.0,1,4803,5.5,9,6,2,12.1,7,F,si,sedentario
PAC004857,68,98.3,202,24.1,129,105,141,104,78,157,7.0,253,25,158,319,1.34,101,11.4,45.2,13.6,0,3397,8.4,4,8,2,13.2,3,M,no,ligero
PAC004858,71,109.0,205,25.9,133,103,133,85,59,148,8.1,209,26,165,240,1.18,90,7.6,43.6,16.0,0,500,10.3,12,4,0,11.0,10,M,si,sedentario
PAC004859,43,100.7,200,25.2,113,110,123,95,59,140,7.9,228,33,157,110,1.14,58,9.9,31.4,16.1,2,3280,8.2,3,5,0,13.0,5,M,no,ligero
PAC004860,74,93.3,154,39.3,109,81,139,103,78,92,5.9,182,60,125,160,0.68,77,3.7,27.2,17.6,3,5140,4.4,1,0,4,16.2,9,F,no,sedentario
PAC004861,36,84.0,180,25.9,63,108,113,67,66,81,5.5,151,50,98,148,1.05,77,1.1,17.3,14.9,12,7835,7.1,0,5,9,5.9,0,M,no,sedentario
PAC004862,75,95.0,203,23.1,104,116,138,75,88,121,8.1,295,25,142,147,1.38,62,8.5,39.9,15.2,0,8832,10.2,13,13,0,8.0,7,M,si,sedentario
PAC004863,70,78.1,146,36.6,104,85,172,95,68,113,7.1,257,46,121,150,0.45,97,5.0,44.0,16.5,3,826,6.4,5,7,3,11.9,6,M,no,ligero
PAC004864,75,74.1,143,36.2,113,106,139,100,68,72,5.7,175,54,110,289,0.74,93,4.2,41.6,15.4,3,4858,5.5,6,5,2,11.9,5,M,no,activo
PAC004865,37,68.4,158,27.4,88,93,90,60,72,85,4.6,210,64,89,174,1.14,111,0.1,15.5,11.0,0,4772,8.3,10,14,0,8.8,10,F,si,ligero
PAC004866,34,80.8,195,21.2,132,99,130,87,75,160,8.3,193,59,157,295,1.51,46,7.5,52.3,14.8,0,3729,6.6,18,4,0,11.8,7,M,no,sedentario
PAC004867,66,75.0,142,37.2,96,110,153,99,74,102,6.3,212,53,141,194,0.4,76,4.4,48.1,17.4,7,6767,7.2,12,0,1,9.4,9,M,no,ligero
PAC004868,81,89.4,149,40.3,112,99,163,101,69,88,6.3,237,52,114,167,0.53,72,6.4,12.7,13.1,0,2007,6.4,4,2,3,13.9,5,M,no,sedentario
PAC004869,37,49.1,168,17.4,81,102,106,65,76,73,4.9,152,50,68,81,0.87,100,0.1,34.9,15.6,9,15145,8.4,5,0,7,4.5,5,M,no,ligero
PAC004870,18,54.0,167,19.4,90,94,129,71,62,70,5.1,167,62,125,67,1.26,102,4.3,40.9,14.4,7,14784,6.8,8,3,9,10.3,2,F,no,ligero
PAC004871,23,50.9,168,18.0,89,92,116,76,80,92,4.6,186,50,173,57,1.27,78,1.3,20.0,11.7,4,9867,8.4,21,21,0,3.0,6,M,no,sedentario
PAC004872,56,107.8,205,25.7,121,110,143,95,71,114,8.0,232,32,190,239,0.91,70,5.3,46.0,15.9,0,3192,8.6,14,3,4,9.9,8,F,si,sedentario
PAC004873,75,85.2,205,20.3,125,107,130,79,84,152,6.2,254,46,147,230,1.32,84,5.5,27.4,15.8,0,3653,9.2,26,6,1,11.5,5,M,si,sedentario
PAC004874,22,67.3,163,25.3,95,109,123,86,57,85,4.9,226,71,114,182,0.86,130,0.1,23.2,15.9,9,12817,6.9,8,0,5,2.9,2,F,no,activo
PAC004875,58,49.9,166,18.1,87,95,121,67,52,102,6.0,193,44,107,64,0.69,120,2.3,28.1,15.8,6,7654,7.5,13,0,4,3.1,5,F,no,sedentario
PAC004876,43,54.4,174,18.0,66,78,103,68,61,95,4.6,193,64,105,109,1.0,107,3.7,38.4,15.7,7,11988,10.0,9,5,5,2.7,2,M,no,ligero
PAC004877,66,82.2,199,20.8,108,121,128,96,72,135,6.9,297,48,131,244,1.07,58,11.7,50.4,13.2,0,1486,10.1,17,16,1,10.4,9,F,si,sedentario
PAC004878,18,65.2,154,27.5,76,105,126,58,83,86,4.9,238,63,125,164,0.8,67,5.1,36.6,10.7,3,12342,6.8,2,24,3,6.8,8,F,no,ligero
PAC004879,62,91.5,183,27.3,115,112,157,99,79,149,6.6,241,25,178,246,1.18,80,4.6,32.1,14.7,0,3789,8.3,11,5,2,10.5,6,F,si,sedentario
PAC004880,90,76.6,146,35.9,108,81,159,111,90,101,6.5,208,39,176,178,0.66,65,7.0,47.2,14.6,5,5275,7.0,18,5,1,13.5,4,F,no,sedentario
PAC004881,53,64.5,179,20.1,125,115,117,88,68,103,6.9,236,35,90,242,1.57,88,6.5,37.0,16.0,0,4147,8.8,15,14,2,15.2,5,F,si,activo
PAC004882,69,71.1,161,27.4,112,97,135,108,83,94,5.2,275,46,117,104,0.48,70,2.8,34.8,16.0,5,2556,5.8,9,11,2,17.0,6,M,si,sedentario
PAC004883,27,67.8,174,22.4,78,98,118,88,61,69,6.8,170,49,101,139,1.18,76,5.8,22.1,13.6,15,14448,8.5,4,12,8,9.8,5,F,si,ligero
PAC004884,68,99.8,194,26.5,109,105,159,84,74,133,6.3,223,33,245,156,1.46,78,8.0,36.2,15.4,0,1399,7.0,24,10,3,12.9,5,M,no,sedentario
PAC004885,57,88.7,204,21.3,125,105,135,90,74,117,7.5,249,31,168,247,1.04,76,11.6,17.4,16.3,0,500,9.8,21,8,1,5.3,4,M,no,sedentario
PAC004886,58,65.1,195,17.1,103,115,146,91,82,143,6.7,211,42,156,343,0.8,68,4.4,38.6,16.7,0,4394,8.2,9,7,1,10.0,10,M,no,ligero
PAC004887,32,51.9,143,25.4,85,78,119,85,73,85,5.5,205,55,158,100,0.51,102,2.7,28.2,12.9,4,12808,6.6,19,28,2,11.5,7,F,si,sedentario
PAC004888,64,84.1,146,39.5,89,78,157,107,62,78,5.9,216,44,131,164,0.4,65,4.7,14.1,18.1,0,5494,4.4,7,0,2,12.9,7,F,no,sedentario
PAC004889,75,86.0,141,43.3,86,96,161,106,81,104,6.3,209,52,191,67,0.58,101,4.0,20.3,16.6,0,4684,6.0,11,12,0,14.1,4,M,no,ligero
PAC004890,48,85.0,175,27.8,74,102,101,55,55,60,4.2,147,56,121,40,1.11,60,2.2,23.4,15.2,11,12442,10.8,3,9,8,7.6,2,M,no,activo
PAC004891,90,86.9,157,35.3,119,82,192,108,86,115,5.8,202,52,151,254,0.58,116,4.5,32.1,14.2,1,7321,5.4,4,2,2,10.3,5,F,no,activo
PAC004892,34,65.0,152,28.1,92,108,102,75,59,65,4.7,164,73,138,101,0.7,91,2.6,21.1,13.1,12,9246,10.0,0,0,6,9.4,3,F,no,activo
PAC004893,43,44.9,163,16.9,104,98,121,76,61,75,4.6,185,55,113,40,1.11,92,3.6,33.4,14.7,8,11224,7.7,7,0,3,10.4,4,M,si,sedentario
PAC004894,23,71.1,159,28.1,106,96,115,63,79,112,4.5,214,43,92,100,0.72,114,0.6,22.8,12.3,3,5074,6.5,23,26,0,8.6,8,M,no,sedentario
PAC004895,89,100.7,140,51.4,96,98,160,85,83,114,6.1,261,77,148,161,0.47,69,4.5,30.4,16.1,2,3796,4.5,1,0,0,15.3,4,M,no,sedentario
PAC004896,74,101.4,205,24.1,108,108,130,85,87,112,7.5,237,25,136,331,1.3,76,3.7,50.0,16.1,0,3214,9.8,11,18,0,8.3,6,F,no,activo
PAC004897,36,78.2,166,28.4,61,92,130,64,60,68,5.2,161,71,126,145,1.08,126,0.1,39.5,14.1,6,14450,8.1,2,0,4,3.1,0,M,no,activo
PAC004898,43,67.1,170,23.2,70,95,114,79,54,86,4.4,152,49,108,156,0.91,112,1.4,20.3,15.5,9,8289,8.4,2,0,5,6.1,1,M,no,activo
PAC004899,40,46.0,161,17.7,87,98,133,62,104,82,5.7,184,56,106,117,1.03,74,1.7,33.3,11.5,6,8476,8.4,21,33,1,8.2,6,F,no,activo
PAC004900,18,54.3,169,19.0,86,91,110,72,68,71,5.4,205,70,107,57,1.11,86,2.6,37.1,14.4,10,8331,9.1,1,6,6,9.4,2,M,no,ligero
PAC004901,75,87.1,151,38.2,83,91,147,110,84,102,7.6,250,53,173,277,0.8,86,9.0,28.8,15.6,0,1284,6.3,15,0,0,9.9,6,M,no,sedentario
PAC004902,30,82.8,161,31.9,64,109,111,54,46,92,5.5,153,94,94,40,0.89,130,0.5,41.1,15.8,9,13189,8.6,0,0,7,6.7,2,M,no,ligero
PAC004903,89,87.5,144,42.2,100,96,161,86,81,107,7.0,229,53,158,101,0.56,69,6.4,24.6,17.2,0,4852,5.4,10,8,2,17.6,7,M,si,ligero
PAC004904,59,95.4,205,22.7,125,102,120,93,84,107,7.7,200,25,148,288,1.07,58,7.1,45.1,14.0,0,7697,9.5,11,0,1,12.6,7,M,no,sedentario
PAC004905,18,74.2,152,32.1,86,112,123,73,85,60,5.4,215,66,126,164,0.91,90,1.1,31.0,11.6,7,6564,9.0,25,23,2,7.5,10,M,no,activo
PAC004906,18,55.5,177,17.7,70,104,131,72,52,105,5.0,159,66,97,123,0.91,103,0.6,43.6,16.6,8,10456,8.7,1,0,6,7.0,3,M,no,sedentario
PAC004907,49,51.3,170,17.8,68,84,124,77,83,93,6.7,242,66,117,118,0.94,52,0.1,20.6,13.2,9,9428,8.0,28,28,3,10.2,10,F,no,activo
PAC004908,90,93.0,149,41.9,118,107,140,95,74,93,6.4,214,48,128,241,0.44,66,9.9,47.3,15.2,1,3971,5.1,10,0,1,7.6,3,M,no,sedentario
PAC004909,40,67.4,148,30.8,87,96,136,80,93,82,5.3,210,75,74,161,1.19,110,2.9,15.8,12.5,12,9814,9.5,22,20,0,4.7,6,M,no,sedentario
PAC004910,18,65.3,140,33.3,71,92,102,72,87,90,5.5,149,71,137,173,0.95,72,3.8,26.1,12.9,6,2609,8.9,30,39,4,8.8,9,M,si,ligero
PAC004911,75,85.8,152,37.1,109,92,115,112,75,101,5.4,230,42,188,221,0.88,51,0.2,24.8,16.1,4,5565,4.9,0,11,2,10.9,10,F,no,sedentario
PAC004912,18,70.9,171,24.2,110,95,107,73,93,99,4.0,179,82,114,128,1.06,114,4.5,30.1,13.1,3,4997,6.3,28,25,1,10.5,1,M,no,activo
PAC004913,46,80.3,186,23.2,105,99,131,97,95,131,6.2,289,39,148,223,1.18,59,5.6,46.0,15.0,0,3403,9.1,23,11,3,13.0,7,F,si,activo
PAC004914,80,81.5,144,39.3,105,99,165,109,65,114,6.2,242,30,82,185,0.59,72,2.4,46.0,18.3,5,3002,4.3,14,0,0,15.7,6,M,si,sedentario
PAC004915,18,88.0,152,38.1,70,78,105,74,62,67,5.5,172,76,105,154,1.0,87,0.1,38.9,15.1,9,9051,9.0,1,15,5,8.7,2,M,no,sedentario
PAC004916,49,97.9,199,24.7,110,95,150,94,87,156,7.3,198,29,148,217,1.36,85,7.0,32.5,14.3,0,4270,8.6,5,2,0,8.8,6,F,si,activo
PAC004917,55,87.7,156,36.0,100,84,166,98,75,124,5.7,229,68,168,186,0.56,116,4.5,32.3,17.9,2,500,6.7,8,6,5,8.8,9,F,no,sedentario
PAC004918,68,65.7,157,26.7,100,75,150,95,84,77,5.2,172,45,184,231,0.68,70,5.8,42.9,16.3,3,4970,5.7,5,0,0,10.6,5,F,no,sedentario
PAC004919,40,100.3,190,27.8,109,115,160,83,91,112,6.9,241,34,108,271,0.97,77,3.1,21.4,14.9,3,1325,9.5,12,11,1,9.1,6,F,si,ligero
PAC004920,18,64.5,167,23.1,91,114,113,68,58,60,4.2,233,56,93,82,0.95,84,1.1,45.4,16.6,7,11656,8.9,0,0,5,7.3,3,F,si,sedentario
PAC004921,50,68.9,155,28.7,97,98,90,76,89,65,5.2,203,49,105,197,1.1,95,2.8,37.0,12.6,5,7870,7.8,16,19,1,5.2,8,M,si,ligero
PAC004922,38,48.4,177,15.4,60,109,97,67,65,60,5.4,156,59,106,44,1.11,88,0.8,31.6,14.7,9,14336,8.2,0,0,5,7.6,2,F,no,ligero
PAC004923,38,62.4,147,28.9,96,75,168,100,86,86,5.6,188,62,150,219,0.4,48,4.6,34.9,15.5,6,4494,5.1,17,4,3,12.5,7,M,no,ligero
PAC004924,18,71.3,175,23.3,79,103,120,72,54,102,5.7,187,74,59,63,1.12,122,0.5,30.7,13.3,12,8380,11.0,0,0,6,4.6,3,M,no,sedentario
PAC004925,83,96.4,201,23.9,138,93,107,99,76,125,6.1,275,41,212,325,1.4,98,8.9,33.8,16.0,0,500,8.1,8,26,0,12.9,6,F,no,sedentario
PAC004926,74,108.7,149,49.0,109,93,168,85,96,104,4.9,222,57,134,227,0.52,53,5.3,21.4,15.1,1,500,5.0,17,15,2,14.1,8,F,si,ligero
PAC004927,72,99.7,151,43.7,125,113,181,101,70,107,5.9,238,41,114,206,0.4,107,7.9,14.0,15.6,0,5510,7.0,18,0,4,11.3,5,M,no,sedentario
PAC004928,45,58.4,166,21.2,102,116,116,80,61,67,6.5,190,75,98,114,0.82,77,2.0,37.7,16.8,8,10649,8.0,0,0,7,5.9,2,F,no,activo
PAC004929,18,68.6,169,24.0,87,97,120,62,68,86,5.7,174,53,125,40,1.03,81,3.5,14.6,11.3,3,8135,4.9,22,16,1,10.1,8,M,no,sedentario
PAC004930,88,76.2,205,18.1,113,117,149,99,66,133,8.2,220,33,132,355,0.87,82,10.2,46.7,15.2,0,2694,8.5,13,9,2,11.0,7,M,si,sedentario
PAC004931,43,88.6,146,41.6,97,104,152,113,62,91,5.9,270,55,109,113,0.63,91,6.7,38.2,16.7,1,3058,5.3,1,6,6,14.1,8,F,si,activo
PAC004932,18,72.6,162,27.7,71,99,134,88,77,79,5.2,152,69,153,136,0.71,94,3.7,36.1,9.8,7,7343,7.0,25,23,3,8.5,10,F,no,activo
PAC004933,36,69.4,168,24.6,88,94,116,81,50,87,5.5,110,67,109,64,0.63,130,1.7,33.8,13.7,9,10393,8.7,0,1,7,3.2,7,F,no,activo
PAC004934,29,64.4,162,24.5,89,85,112,73,69,89,5.0,171,37,89,176,1.34,124,1.7,28.6,16.2,10,9990,9.9,6,0,6,11.3,0,M,si,activo
PAC004935,25,59.0,143,28.9,105,99,97,58,80,89,4.6,117,58,107,81,0.88,118,0.1,37.9,10.1,11,12262,7.7,9,18,1,4.5,10,F,no,activo
PAC004936,18,54.8,173,18.3,79,104,96,74,68,91,5.4,217,72,79,40,1.03,119,0.1,41.6,12.6,10,13800,8.5,2,4,9,2.0,2,M,no,ligero
PAC004937,53,51.6,155,21.5,94,108,127,72,66,109,5.6,219,37,132,178,0.9,96,4.2,28.6,9.8,9,12373,5.7,12,25,2,8.4,6,F,no,ligero
PAC004938,32,66.0,153,28.2,78,96,118,75,76,104,4.5,172,65,139,106,1.24,112,0.1,38.6,14.3,6,9335,9.4,7,4,5,8.6,3,F,si,ligero
PAC004939,37,72.2,172,24.4,84,96,131,73,81,74,5.6,234,59,105,57,0.78,118,0.6,21.1,13.6,6,12466,7.5,13,30,2,9.4,4,F,no,activo
PAC004940,68,90.0,159,35.6,110,97,165,109,71,94,4.4,262,41,139,184,0.97,55,7.4,46.2,16.9,3,5853,4.8,6,0,2,16.7,9,F,no,ligero
PAC004941,82,67.9,142,33.7,104,99,156,104,87,102,7.3,157,49,146,187,0.56,65,6.5,27.0,12.7,0,3658,7.0,12,2,3,13.5,10,F,si,sedentario
PAC004942,67,89.6,191,24.6,110,94,141,96,86,161,7.5,222,28,196,280,1.14,96,5.4,22.6,13.8,0,1785,7.7,9,13,2,11.1,7,M,no,sedentario
PAC004943,60,83.1,140,42.4,98,111,173,94,95,102,5.9,253,40,124,197,0.86,49,3.7,14.9,16.2,1,5025,6.7,7,5,0,10.9,8,M,no,sedentario
PAC004944,18,52.5,163,19.8,76,103,149,79,67,95,5.5,216,56,129,52,1.38,92,4.9,21.2,14.6,9,14204,7.0,0,2,3,7.0,0,M,no,ligero
PAC004945,63,112.7,196,29.3,108,108,122,77,85,127,7.1,275,28,122,233,0.7,110,10.9,18.2,14.7,1,6589,8.5,15,5,2,10.9,6,M,no,sedentario
PAC004946,22,68.4,152,29.6,90,99,128,79,94,96,6.2,175,53,143,136,0.7,87,3.6,27.1,11.4,7,500,9.0,24,29,1,11.0,6,F,no,activo
PAC004947,18,64.7,160,25.3,88,103,105,68,76,81,5.5,159,73,59,162,0.69,93,3.6,20.7,14.8,3,6812,9.6,9,26,1,5.6,8,M,no,sedentario
PAC004948,39,81.7,165,30.0,94,76,107,70,80,84,5.3,200,62,100,122,1.02,108,5.2,16.6,11.7,8,500,6.1,25,21,3,13.6,4,F,no,sedentario
PAC004949,18,52.7,150,23.4,88,91,111,76,59,74,4.6,141,55,134,154,1.04,104,1.1,40.8,12.7,7,13924,8.6,0,0,6,11.8,3,M,no,activo
PAC004950,66,95.1,164,35.4,91,118,135,100,78,94,5.6,253,47,161,236,0.53,99,2.0,26.8,16.7,3,6460,5.6,13,17,3,9.7,6,F,no,sedentario
PAC004951,18,66.1,173,22.1,89,89,126,69,57,108,4.0,212,77,172,125,1.02,109,1.3,35.5,14.4,6,10684,8.5,0,0,3,6.4,1,M,no,ligero
PAC004952,53,97.4,203,23.6,103,94,124,81,77,117,7.7,265,25,128,324,1.15,64,10.6,29.2,16.2,0,8090,8.0,15,10,1,11.6,10,F,si,sedentario
PAC004953,73,53.9,155,22.4,87,109,156,103,75,119,5.1,191,55,126,191,0.56,63,5.5,37.9,14.6,0,3445,5.2,14,0,1,10.5,7,F,no,ligero
PAC004954,74,81.6,143,39.9,106,89,161,93,70,102,5.1,221,35,122,196,0.4,79,2.6,29.8,14.9,3,5621,6.7,13,16,5,14.5,6,F,si,sedentario
PAC004955,90,87.6,149,39.5,95,106,167,99,87,81,4.3,242,25,191,175,0.76,45,2.7,29.6,13.7,0,5039,5.7,8,0,1,10.7,7,M,no,sedentario
PAC004956,47,76.0,170,26.3,101,94,122,72,100,90,4.3,183,75,150,74,0.69,95,3.1,33.0,13.3,8,4219,10.0,11,22,0,6.5,8,F,si,activo
PAC004957,79,107.2,197,27.6,121,110,130,86,65,107,7.8,259,33,143,350,1.36,88,5.8,38.2,15.8,3,2359,8.6,14,0,1,8.4,9,F,no,sedentario
PAC004958,23,87.5,156,36.0,64,91,113,70,95,110,4.8,196,60,113,135,0.7,116,3.7,19.7,13.7,3,7562,6.6,27,38,3,12.0,7,M,no,activo
PAC004959,64,75.4,151,33.1,111,84,153,88,69,91,6.5,238,54,132,147,0.82,88,4.4,22.3,15.4,1,7449,5.9,10,0,3,12.4,9,F,no,ligero
PAC004960,36,70.6,162,26.9,78,107,123,71,65,65,5.5,232,59,120,135,1.05,109,0.1,39.4,15.5,5,11540,9.4,3,8,10,8.2,2,M,si,activo
PAC004961,21,84.3,154,35.5,81,97,117,71,48,95,4.8,173,70,118,133,1.08,86,1.5,32.0,15.8,6,13900,6.0,11,0,6,5.8,5,M,no,activo
PAC004962,85,77.1,204,18.5,98,115,134,95,81,127,7.4,229,27,142,302,0.84,86,7.1,40.6,16.3,0,2814,10.0,11,11,4,11.2,7,M,si,sedentario
PAC004963,78,92.7,144,44.7,89,106,171,90,84,62,5.9,252,47,167,134,0.63,53,4.3,18.8,16.4,2,3675,7.3,24,0,2,15.3,3,F,si,sedentario
PAC004964,83,118.5,147,54.8,87,89,161,97,78,106,5.5,187,51,118,227,0.5,56,6.0,16.8,13.0,0,2888,5.5,10,7,2,15.5,6,M,no,sedentario
PAC004965,51,71.0,141,35.7,78,109,125,59,75,119,4.3,192,42,167,144,1.08,90,1.1,16.0,12.8,3,6683,7.9,12,19,0,10.7,7,M,no,sedentario
PAC004966,18,75.2,166,27.3,75,96,155,96,61,100,5.2,201,51,70,174,1.18,64,2.5,29.1,14.6,13,13841,7.9,0,8,4,6.9,0,M,si,sedentario
PAC004967,70,114.9,205,27.3,113,101,135,88,75,164,8.3,251,25,131,302,1.05,83,5.7,33.9,15.0,0,6881,9.8,26,0,1,14.0,6,F,no,sedentario
PAC004968,50,92.1,195,24.2,124,102,144,100,73,168,7.2,203,25,241,239,1.03,67,6.5,42.2,13.4,1,7524,8.9,17,15,1,12.4,8,F,no,sedentario
PAC004969,52,45.9,150,20.4,60,82,115,78,63,111,5.4,183,57,160,67,1.08,130,0.5,37.7,14.2,9,10370,9.2,0,0,8,2.0,1,F,si,ligero
PAC004970,26,44.7,159,17.7,68,110,134,78,87,87,4.9,211,59,52,101,0.52,101,3.9,17.9,9.6,7,6816,7.7,14,27,2,7.7,8,F,no,ligero
PAC004971,75,84.1,151,36.9,87,105,131,104,84,79,5.8,231,48,134,147,0.52,83,5.3,33.3,18.1,2,7301,6.1,4,10,3,8.4,5,F,no,ligero
PAC004972,68,57.9,155,24.1,116,102,160,94,75,122,6.1,262,38,147,149,0.47,95,3.5,26.1,14.8,1,3152,7.0,16,6,3,19.3,4,F,si,sedentario
PAC004973,18,58.3,160,22.8,60,85,124,85,57,79,4.9,219,64,88,40,1.16,130,0.1,36.0,14.6,10,9858,8.1,9,0,5,2.5,1,F,no,sedentario
PAC004974,66,94.8,198,24.2,116,102,121,86,53,148,7.3,266,63,195,298,1.15,85,10.3,52.7,15.8,0,2909,10.1,27,12,2,15.4,3,M,si,ligero
PAC004975,26,44.1,157,17.9,73,98,110,65,60,60,4.5,223,61,86,58,0.92,96,0.1,38.2,15.3,10,11498,9.2,10,0,9,5.9,2,M,si,ligero
PAC004976,33,61.4,146,28.8,69,88,115,60,61,65,4.7,148,45,62,113,0.91,130,2.2,28.5,15.1,8,15011,7.9,6,13,3,7.0,0,M,no,ligero
PAC004977,18,75.2,152,32.5,90,105,112,76,83,99,5.4,241,62,102,102,1.0,102,2.2,22.1,10.7,5,7167,8.7,13,18,3,11.4,8,F,no,ligero
PAC004978,52,84.6,195,22.2,97,107,157,97,76,141,7.7,295,46,174,233,0.99,94,7.4,45.2,17.3,2,500,10.2,12,0,5,10.5,6,F,no,ligero
PAC004979,47,64.0,192,17.4,65,101,114,80,61,82,4.0,173,60,89,83,1.02,89,0.5,37.9,14.0,10,10668,8.1,1,7,7,4.4,3,F,no,ligero
PAC004980,75,69.7,182,21.0,128,85,173,100,73,140,6.9,189,42,192,277,1.09,71,3.8,42.4,18.2,1,2867,9.7,19,10,1,10.7,7,M,no,ligero
PAC004981,30,66.3,148,30.3,79,105,129,71,81,67,4.6,226,40,106,83,1.02,77,3.2,28.6,11.3,7,8370,6.9,23,24,2,10.5,7,M,si,ligero
PAC004982,18,78.8,157,32.0,85,88,124,65,81,92,4.5,159,60,129,91,0.94,97,1.8,14.3,12.9,6,6324,9.0,24,34,3,5.1,8,M,si,sedentario
PAC004983,40,102.4,187,29.3,111,121,153,85,74,116,7.1,297,25,171,227,1.18,91,9.3,38.2,16.2,0,6418,8.6,7,7,3,13.8,5,F,no,ligero
PAC004984,38,68.1,175,22.2,65,109,103,73,55,106,4.9,143,76,108,48,1.06,120,0.1,41.9,14.0,11,14249,9.9,12,0,5,5.0,0,F,no,activo
PAC004985,37,81.4,191,22.3,89,105,129,79,75,148,7.5,204,25,121,254,1.24,72,4.9,21.7,15.8,0,6224,8.5,10,5,1,8.8,6,M,no,activo
PAC004986,32,92.2,205,21.9,124,96,119,90,84,136,6.0,217,43,156,296,1.38,44,10.7,27.8,14.7,0,897,8.2,18,8,1,13.7,10,M,no,ligero
PAC004987,40,107.3,158,43.0,132,109,167,112,71,125,5.7,261,33,153,148,0.74,68,1.5,31.5,15.3,0,2311,6.8,2,6,2,14.2,7,F,no,sedentario
PAC004988,18,75.7,154,31.9,89,86,111,65,83,60,6.2,174,28,108,169,1.14,69,0.1,14.0,13.3,5,6884,6.8,16,28,3,6.7,8,M,no,ligero
PAC004989,71,87.3,143,42.7,118,91,170,100,77,108,5.5,211,27,181,107,0.4,70,4.9,35.8,13.6,0,6431,4.9,12,2,3,8.0,5,M,no,sedentario
PAC004990,36,58.3,157,23.7,80,113,116,79,57,101,4.2,197,71,86,40,0.88,47,0.1,44.7,16.1,8,10660,7.2,5,2,5,5.0,4,F,no,ligero
PAC004991,18,54.8,172,18.5,77,95,127,69,74,60,4.0,151,73,61,45,1.17,100,0.1,17.0,15.9,6,11348,6.3,7,0,7,9.2,7,M,si,sedentario
PAC004992,47,75.0,147,34.7,111,96,154,96,77,113,5.6,214,48,127,137,0.44,68,4.6,48.6,15.2,5,5470,4.6,8,9,2,11.8,7,M,si,activo
PAC004993,86,119.0,205,28.3,124,102,118,93,71,138,8.2,241,43,194,176,1.39,75,8.7,33.2,15.8,0,3242,10.6,6,0,3,7.5,7,F,si,sedentario
PAC004994,18,65.1,156,26.8,105,88,126,72,77,95,6.5,246,54,186,40,1.05,106,0.8,24.6,12.8,4,8826,9.9,20,24,1,9.8,7,F,no,sedentario
PAC004995,26,64.0,152,27.7,76,94,112,78,86,103,5.9,201,60,139,49,0.82,111,7.1,21.2,8.9,7,7701,9.7,32,29,4,10.5,9,M,no,ligero
PAC004996,33,67.2,165,24.7,90,75,115,75,54,71,4.8,189,51,92,148,0.95,82,4.1,31.8,15.0,8,16925,7.9,0,10,5,4.9,2,M,si,sedentario
PAC004997,59,45.0,164,16.7,77,91,106,74,75,67,4.4,160,52,110,40,1.12,77,0.3,50.8,12.4,8,12001,8.7,13,0,6,6.2,3,M,si,ligero
PAC004998,18,68.6,168,24.3,97,79,110,87,63,116,6.1,169,47,120,99,0.99,130,5.3,8.5,14.0,5,7317,7.7,18,15,2,7.3,8,F,si,sedentario
PAC004999,70,72.9,148,33.3,112,100,161,112,92,79,5.2,292,43,123,149,0.4,78,6.9,24.3,17.8,0,4441,5.5,14,11,2,16.2,9,M,si,sedentario
PAC005000,50,51.5,159,20.4,72,83,115,57,49,81,4.0,129,58,58,43,0.97,108,1.2,37.8,15.3,9,10857,9.8,2,0,5,4.8,1,M,no,activo
PAC005001,70,88.0,154,37.1,91,92,159,96,100,105,6.0,297,54,145,157,0.59,52,4.4,32.9,17.5,0,8846,6.1,12,11,2,10.6,7,M,si,sedentario
PAC005002,59,91.6,148,41.8,118,92,143,91,61,114,5.7,248,30,118,173,0.4,83,2.4,42.3,16.1,0,4864,5.6,20,0,3,12.9,8,M,no,ligero
PAC005003,28,76.9,148,35.1,76,126,111,84,58,83,4.3,157,69,117,135,0.84,116,0.1,31.3,14.5,11,10582,7.5,0,0,7,5.2,1,M,no,activo
PAC005004,62,120.2,172,40.6,120,79,151,92,79,122,7.2,210,28,165,287,1.38,70,4.2,45.2,14.6,0,4043,8.3,17,0,0,8.6,9,M,si,sedentario
PAC005005,77,66.4,150,29.5,114,110,133,105,70,91,6.0,225,53,151,238,0.4,87,1.1,25.0,17.4,0,3526,6.8,24,3,2,14.2,10,M,no,ligero
PAC005006,36,59.4,159,23.5,85,101,126,61,59,111,4.8,143,56,75,106,1.17,100,1.6,36.3,14.2,5,16090,7.3,8,3,5,4.8,4,M,no,activo
PAC005007,75,95.3,204,22.9,114,108,137,101,79,122,7.9,211,33,123,272,1.18,73,7.7,35.1,13.1,0,3434,9.4,15,9,1,11.4,6,F,si,sedentario
PAC005008,51,66.5,180,20.5,86,110,122,71,72,86,4.0,183,60,81,72,0.89,106,4.3,39.7,13.7,7,9487,8.6,0,7,6,4.7,3,F,no,sedentario
PAC005009,67,78.8,155,32.8,103,93,142,120,81,99,5.2,236,71,154,93,0.52,80,4.7,57.2,16.2,0,4110,6.5,29,0,3,12.4,8,M,si,sedentario
PAC005010,37,65.3,167,23.4,81,109,144,70,62,85,5.2,189,68,116,68,0.87,117,3.9,29.1,15.0,0,9506,8.5,0,0,6,8.4,6,M,no,ligero
PAC005011,40,64.2,161,24.8,79,75,123,85,96,86,4.4,229,34,70,197,0.85,104,7.8,24.5,8.4,4,9374,8.8,17,26,0,7.5,10,F,no,sedentario
PAC005012,80,107.5,191,29.5,124,117,158,87,74,143,6.9,233,34,166,226,1.44,64,9.1,43.3,16.2,0,1859,8.5,8,8,2,9.3,6,M,si,ligero
PAC005013,74,94.3,140,48.1,125,88,171,110,74,111,5.8,194,47,167,147,0.4,86,5.1,37.5,16.6,5,3548,6.0,12,2,2,13.6,4,M,si,sedentario
PAC005014,88,90.2,196,23.5,127,97,133,88,70,105,6.3,247,28,186,255,1.22,86,7.4,42.1,11.9,0,6511,8.1,0,8,0,8.9,9,M,no,sedentario
PAC005015,83,81.1,149,36.5,107,101,173,80,80,122,5.2,219,60,130,207,0.68,72,1.1,25.9,16.3,3,4161,7.1,18,0,3,11.9,7,M,no,sedentario
PAC005016,87,81.9,140,41.8,101,90,159,113,86,104,7.0,231,75,122,139,0.55,61,5.3,48.3,17.4,7,1614,7.1,11,1,3,13.2,10,F,si,sedentario
PAC005017,70,108.1,183,32.3,131,103,148,84,74,121,8.1,238,25,122,269,1.21,68,12.1,36.3,13.9,0,4634,8.9,5,12,2,15.0,7,F,no,sedentario
PAC005018,74,92.1,148,42.0,86,75,149,112,77,108,4.9,229,42,131,46,0.54,85,8.8,30.5,16.7,0,3835,6.4,18,14,4,9.1,7,M,si,sedentario
PAC005019,46,52.0,156,21.4,60,110,127,74,63,79,4.9,175,67,135,84,1.16,114,0.1,29.4,16.8,10,6285,8.9,8,0,3,6.0,0,F,no,sedentario
PAC005020,18,79.2,173,26.5,85,94,131,73,79,89,5.3,190,64,77,84,1.09,105,0.7,27.7,10.7,8,9774,7.9,21,26,2,5.5,7,F,no,sedentario
PAC005021,24,46.7,169,16.4,60,110,126,73,53,79,4.9,166,94,111,40,0.95,75,1.2,36.3,15.7,6,9106,9.0,15,0,2,4.2,3,F,si,activo
PAC005022,65,91.1,186,26.3,131,99,113,90,78,132,7.1,211,27,190,272,0.92,70,5.6,22.0,14.5,0,500,8.3,24,0,2,8.3,7,F,si,sedentario
PAC005023,25,67.2,160,26.2,71,95,108,63,64,90,4.6,163,64,138,102,1.07,105,3.2,37.2,14.0,5,14506,7.3,11,0,4,4.7,2,M,no,sedentario
PAC005024,18,61.9,146,29.0,85,99,149,69,63,78,5.6,168,59,103,40,1.04,126,1.5,39.0,14.2,5,11181,8.5,13,2,7,3.7,4,F,no,activo
PAC005025,25,57.4,172,19.4,92,94,124,73,61,112,5.8,157,74,64,159,1.2,100,5.0,51.6,16.3,6,13404,7.0,0,3,6,6.2,1,F,no,ligero
PAC005026,61,86.8,151,38.1,107,100,146,106,83,125,6.0,249,65,103,190,0.4,70,7.2,28.9,16.4,0,5257,6.9,12,0,5,9.5,7,F,si,sedentario
PAC005027,90,73.9,157,30.0,110,99,152,83,63,88,5.5,219,66,160,214,0.5,91,4.5,35.0,18.4,0,4314,7.7,6,3,3,6.2,4,F,no,ligero
PAC005028,40,60.0,170,20.8,73,104,90,54,66,77,4.9,215,61,99,162,0.83,110,1.0,30.0,15.2,11,16220,8.9,2,2,7,8.7,3,M,si,activo
PAC005029,58,110.2,151,48.3,80,91,153,94,68,85,5.4,224,51,97,149,0.42,110,4.9,24.3,18.0,1,1097,5.2,6,5,1,13.9,6,M,si,sedentario
PAC005030,58,50.0,155,20.8,71,94,119,78,54,85,5.2,193,57,98,176,1.12,108,0.1,35.6,15.3,7,11358,8.3,12,0,5,7.2,2,M,no,activo
PAC005031,19,80.5,166,29.2,66,99,107,71,68,93,5.0,157,72,89,40,1.04,107,0.1,57.8,15.8,10,11347,8.3,4,0,5,3.1,2,M,no,activo
PAC005032,69,98.0,189,27.4,116,106,136,98,86,148,7.8,239,25,169,220,1.14,87,6.6,32.9,13.4,0,6935,9.1,12,1,3,8.4,9,F,si,ligero
PAC005033,77,99.6,202,24.4,117,113,141,83,84,131,6.4,253,45,180,265,1.13,51,7.0,41.3,15.5,0,500,10.4,27,13,2,8.2,8,F,no,ligero
PAC005034,21,76.6,183,22.9,66,104,118,59,62,71,4.8,177,74,97,68,1.28,130,0.1,27.5,18.0,10,15627,10.3,0,6,3,5.7,3,M,no,ligero
PAC005035,35,61.9,175,20.2,77,95,107,76,61,81,5.0,144,73,82,174,1.21,104,0.1,36.0,16.1,7,12566,10.6,0,0,5,4.2,5,M,no,sedentario
PAC005036,26,40.0,147,18.5,77,113,124,81,72,92,4.6,166,61,75,112,1.1,96,1.7,46.5,13.7,2,12069,9.1,0,0,3,5.0,3,M,no,sedentario
PAC005037,67,90.7,156,37.3,98,91,129,88,88,88,5.7,230,35,134,242,0.69,55,5.1,30.5,18.7,0,2445,5.8,16,8,1,8.2,2,M,si,ligero
PAC005038,29,56.2,174,18.6,91,84,133,86,75,88,5.0,179,46,132,40,0.75,121,1.4,19.0,8.2,6,10228,6.7,20,16,5,10.6,7,F,si,sedentario
PAC005039,55,87.4,167,31.3,86,96,128,88,75,76,6.1,172,76,109,40,1.04,92,3.7,37.3,16.2,7,8790,7.3,0,0,5,6.0,2,F,no,activo
PAC005040,47,66.1,205,15.7,115,96,151,82,74,148,7.5,249,25,132,268,1.34,67,7.1,32.9,13.0,1,1879,8.6,18,12,0,11.2,7,M,no,sedentario
PAC005041,48,69.0,185,20.2,60,104,137,88,76,109,4.9,150,83,95,94,1.29,130,4.0,21.9,16.9,12,15265,6.4,8,0,7,8.1,2,F,no,sedentario
PAC005042,37,53.7,157,21.8,95,99,110,74,86,60,4.7,184,58,128,183,0.79,101,0.1,19.7,10.9,1,7578,8.8,19,9,1,7.4,7,F,no,sedentario
PAC005043,22,55.8,140,28.5,60,101,124,76,62,84,4.2,164,44,84,40,0.66,77,4.1,19.6,10.5,6,10307,6.9,25,3,3,12.6,10,F,si,ligero
PAC005044,43,51.7,173,17.3,82,119,109,73,50,80,4.0,194,63,118,52,0.89,92,1.4,23.4,14.4,14,12105,7.6,3,21,6,5.7,2,M,no,ligero
PAC005045,18,81.2,159,32.1,69,109,135,75,92,63,4.4,174,62,43,122,0.62,108,1.9,11.1,13.5,9,5723,7.5,24,22,3,10.7,10,M,no,sedentario
PAC005046,74,81.8,140,41.7,89,87,180,102,88,98,5.5,214,30,184,93,0.52,56,4.4,27.3,14.7,3,4602,4.6,9,5,0,14.1,7,F,no,sedentario
PAC005047,18,58.0,167,20.8,74,112,145,66,62,94,4.3,130,55,85,40,0.85,105,0.1,41.5,17.6,10,11775,8.5,0,13,7,7.9,1,M,no,ligero
PAC005048,58,91.8,140,46.8,119,92,154,101,75,111,6.0,232,53,151,187,0.44,82,3.8,43.6,17.0,0,2759,6.1,1,10,2,15.4,10,F,si,activo
PAC005049,18,41.6,169,14.6,89,121,117,69,73,79,5.4,139,56,143,116,1.08,102,1.8,30.4,14.1,7,10654,8.2,0,11,7,5.7,2,F,no,sedentario
PAC005050,75,103.2,191,28.3,95,116,129,72,90,140,7.0,223,26,151,188,1.13,67,6.8,33.3,14.3,0,500,10.2,9,0,1,13.6,3,M,si,ligero
PAC005051,64,115.5,205,27.5,111,90,137,101,67,156,6.5,225,46,180,259,1.12,41,7.4,31.3,15.0,0,2280,9.5,18,0,1,10.1,7,F,si,sedentario
PAC005052,18,51.4,154,21.7,81,103,108,71,84,98,6.4,190,47,160,130,1.19,87,4.5,26.7,11.0,2,8512,8.9,17,29,0,9.2,5,F,no,sedentario
PAC005053,54,97.2,201,24.1,106,94,126,92,104,132,8.9,306,35,145,252,0.88,59,7.2,39.5,11.4,1,3366,8.6,13,0,0,12.2,9,F,si,sedentario
PAC005054,68,85.1,140,43.4,119,104,173,96,83,90,5.4,266,51,147,187,0.74,63,6.8,8.0,15.4,1,3590,4.5,0,7,1,9.9,9,F,si,ligero
PAC005055,53,95.7,147,44.3,77,85,135,94,69,105,5.9,241,47,137,312,0.55,73,5.2,46.7,17.4,3,2830,7.3,12,0,1,12.1,4,M,si,sedentario
PAC005056,45,93.3,205,22.2,116,99,164,78,52,117,7.9,258,25,159,266,1.12,78,7.9,39.2,15.4,0,667,7.9,6,19,2,7.2,5,F,si,sedentario
PAC005057,66,83.9,150,37.3,107,98,142,105,90,114,6.4,227,59,163,163,0.66,57,2.3,39.3,13.8,0,6421,8.6,0,0,0,8.7,7,M,si,ligero
PAC005058,19,53.9,150,24.0,78,102,156,73,80,84,5.3,154,63,155,185,1.01,99,1.1,28.3,11.8,6,9174,8.0,10,33,1,12.2,5,F,no,sedentario
PAC005059,36,46.0,163,17.3,86,82,120,79,47,81,5.1,202,58,87,168,1.3,108,3.5,33.3,12.6,12,13464,9.6,7,4,4,5.1,5,M,no,sedentario
PAC005060,34,97.7,197,25.2,127,106,134,85,70,137,7.6,186,52,162,246,1.36,84,8.5,35.0,16.9,0,1802,8.0,14,15,2,11.8,8,F,si,sedentario
PAC005061,69,75.0,153,32.0,120,99,150,90,59,85,5.8,224,48,105,170,0.56,88,4.3,17.5,14.2,1,5195,5.3,10,2,1,16.7,5,F,si,sedentario
PAC005062,24,46.5,164,17.3,85,102,105,69,52,91,4.1,183,55,56,185,1.07,106,0.1,39.4,17.5,8,14644,8.6,21,0,3,8.7,1,M,no,activo
PAC005063,64,89.2,180,27.5,101,105,128,83,64,120,7.5,229,25,157,206,1.4,96,4.9,39.5,14.6,0,2532,9.1,20,11,1,10.1,7,M,si,sedentario
PAC005064,18,44.6,153,19.1,70,92,107,65,52,94,5.4,169,73,155,131,0.91,87,2.5,38.6,12.9,14,13060,8.7,7,4,6,7.6,1,M,no,activo
PAC005065,90,96.3,205,22.9,105,107,145,81,82,108,7.5,273,51,153,215,1.43,92,6.3,42.9,14.6,2,7146,9.6,9,8,0,10.1,4,F,no,ligero
PAC005066,49,87.7,154,37.0,116,114,149,101,84,100,5.7,235,57,183,218,0.47,80,4.3,42.8,18.4,1,8991,4.3,2,10,3,13.3,5,F,si,sedentario
PAC005067,59,79.0,197,20.4,104,99,147,91,55,155,7.1,222,57,153,231,1.09,104,9.3,35.6,16.5,3,1024,9.2,14,3,0,8.8,9,F,si,ligero
PAC005068,79,94.1,140,48.0,119,90,128,108,63,103,4.6,253,46,125,208,0.4,41,6.5,30.0,16.2,2,1372,5.3,8,2,3,14.3,9,F,no,ligero
PAC005069,18,69.1,175,22.6,78,88,132,79,45,75,5.0,110,67,92,183,0.97,86,4.0,49.2,14.2,6,18634,9.9,0,0,5,4.8,3,M,no,ligero
PAC005070,69,87.4,160,34.1,86,107,164,107,77,116,6.2,237,73,144,153,0.42,76,2.9,35.0,18.5,0,5254,7.1,4,0,2,14.3,7,F,si,sedentario
PAC005071,59,93.7,144,45.2,109,90,159,96,68,82,6.6,288,25,102,78,0.44,59,5.0,30.3,17.6,1,2251,5.6,17,0,0,12.4,6,M,no,sedentario
PAC005072,48,105.4,142,52.3,99,95,155,90,83,84,6.3,175,31,101,146,0.4,95,4.4,41.7,16.4,1,2869,5.5,0,10,3,16.1,6,F,si,ligero
PAC005073,76,86.5,188,24.5,116,85,156,97,89,145,7.2,259,40,200,235,1.27,81,8.3,50.2,14.1,0,1027,10.0,5,7,1,10.2,7,F,si,sedentario
PAC005074,45,66.8,170,23.1,77,124,135,74,71,71,4.6,202,45,119,184,1.25,99,0.1,32.3,16.0,7,14548,6.5,4,0,6,3.8,1,F,si,sedentario
PAC005075,86,98.9,147,45.8,105,78,147,98,76,81,6.0,227,44,144,143,0.46,69,3.6,27.1,17.1,3,6788,7.7,22,0,1,17.9,8,M,si,ligero
PAC005076,67,87.6,192,23.8,109,105,158,83,93,136,6.2,227,63,140,361,1.12,90,11.6,19.1,13.7,0,5315,7.5,0,10,0,10.3,8,F,si,ligero
PAC005077,43,87.0,145,41.4,68,92,111,80,51,108,4.0,164,77,52,172,1.49,101,2.3,34.8,15.7,8,10680,7.7,4,0,7,5.0,3,M,si,activo
PAC005078,18,65.4,158,26.2,81,78,138,67,77,97,5.5,219,53,94,62,0.86,106,5.1,32.8,12.3,4,8456,7.4,27,8,4,4.3,9,M,no,ligero
PAC005079,18,49.5,142,24.5,87,77,123,73,83,70,5.7,177,50,108,123,0.86,121,2.3,31.1,14.1,10,7892,8.4,19,14,3,7.8,4,M,si,sedentario
PAC005080,33,61.6,164,22.9,92,115,123,62,55,100,5.8,221,74,79,134,1.22,93,0.6,28.6,16.3,10,12940,8.3,2,0,7,5.2,4,M,no,activo
PAC005081,28,67.5,148,30.8,90,97,120,76,51,73,4.8,205,53,123,40,1.37,104,1.8,36.2,16.3,7,12296,7.9,3,8,5,12.1,3,M,no,sedentario
PAC005082,68,60.1,140,30.7,95,109,153,93,99,76,5.4,253,46,155,98,0.55,43,2.4,22.5,12.4,2,2018,6.0,5,0,2,14.4,3,M,no,sedentario
PAC005083,25,69.3,169,24.3,85,93,136,65,78,133,5.5,163,49,109,40,0.96,99,0.1,12.1,13.5,6,8527,8.8,17,25,0,7.0,7,M,no,sedentario
PAC005084,18,84.1,169,29.4,73,94,99,82,74,91,6.0,176,70,143,110,0.76,106,2.1,41.8,8.6,5,2586,8.5,12,28,0,11.3,6,F,no,sedentario
PAC005085,76,101.0,187,28.9,125,112,131,88,81,120,5.9,214,26,139,226,1.39,126,6.1,39.4,14.2,0,500,7.7,11,0,1,10.5,9,M,si,activo
PAC005086,74,95.6,189,26.8,114,110,142,94,64,127,6.9,273,43,178,249,0.93,85,9.8,19.5,13.2,0,8251,9.4,11,6,3,16.3,10,F,no,ligero
PAC005087,22,54.0,166,19.6,87,104,127,78,73,86,5.2,203,60,160,129,0.87,130,4.4,25.6,11.8,5,10855,7.8,21,27,1,5.2,4,F,no,ligero
PAC005088,90,70.8,148,32.3,100,111,157,111,77,95,6.0,204,40,153,154,0.4,62,5.1,28.4,17.0,0,500,5.5,14,0,3,6.4,6,F,si,ligero
PAC005089,18,69.8,173,23.3,60,96,108,78,62,75,4.9,210,57,120,98,0.96,102,0.1,43.9,15.3,10,11428,9.2,16,2,7,2.0,0,F,no,sedentario
PAC005090,61,88.0,194,23.4,96,109,120,82,82,107,7.0,237,25,158,247,0.91,91,9.3,26.2,13.7,1,6530,9.3,4,4,0,10.3,4,M,si,ligero
PAC005091,77,85.2,145,40.5,96,104,162,93,89,129,5.9,237,53,163,204,0.69,44,3.4,29.8,17.1,0,3584,5.9,2,2,3,16.2,5,M,si,ligero
PAC005092,69,94.0,189,26.3,124,110,115,95,79,144,7.9,262,34,199,322,1.21,65,7.9,45.9,13.0,0,5861,8.9,6,7,0,8.4,6,F,no,sedentario
PAC005093,67,78.8,185,23.0,105,106,120,91,73,147,6.6,213,35,206,273,1.2,52,9.5,29.8,14.5,0,500,8.1,8,15,2,10.3,10,M,no,ligero
PAC005094,53,90.8,152,39.3,110,89,149,101,75,82,6.6,207,61,122,174,0.59,55,3.9,42.1,15.3,0,2811,5.5,1,0,2,14.2,10,M,si,sedentario
PAC005095,74,99.7,200,24.9,106,104,120,83,79,138,7.3,251,27,145,236,1.47,76,7.2,51.2,15.2,0,500,9.8,11,1,0,10.0,3,F,no,ligero
PAC005096,52,95.6,164,35.5,68,94,97,71,64,110,4.7,217,57,103,44,1.16,103,2.7,48.1,13.6,6,11950,6.2,0,0,7,7.0,0,M,si,ligero
PAC005097,43,67.5,166,24.5,64,95,106,61,45,88,5.6,110,85,119,131,1.14,80,0.1,32.2,16.3,11,14507,8.0,6,0,5,2.9,6,M,no,activo
PAC005098,39,43.9,172,14.8,86,110,128,85,65,74,4.4,187,67,86,100,0.91,82,0.1,15.6,13.1,7,13780,9.8,8,11,5,7.9,5,F,no,ligero
PAC005099,55,80.2,187,22.9,97,120,143,80,74,125,8.2,268,29,154,190,1.03,66,5.2,57.4,16.7,0,4681,8.3,12,0,0,9.1,4,M,si,activo
PAC005100,21,89.9,164,33.4,77,106,124,88,51,110,4.4,200,72,175,40,1.33,121,3.5,28.7,14.3,7,20000,9.1,3,7,5,4.9,5,F,no,sedentario
PAC005101,28,60.8,159,24.0,81,99,138,58,96,75,5.0,165,61,98,40,1.23,82,2.3,24.9,10.7,9,7214,7.6,20,31,2,6.1,9,M,si,ligero
PAC005102,18,63.6,168,22.5,97,78,135,68,88,85,5.0,174,61,134,62,0.99,77,2.8,26.3,13.1,0,6471,8.8,14,31,3,6.7,9,M,si,sedentario
PAC005103,52,100.3,191,27.5,117,111,154,97,85,112,7.8,238,40,147,219,1.31,53,7.6,41.4,15.3,0,4823,11.0,18,0,3,9.6,9,M,no,ligero
PAC005104,63,85.3,198,21.8,100,104,153,87,85,159,6.8,237,33,170,259,0.75,53,7.7,36.7,15.0,4,4275,8.7,0,5,0,11.7,9,M,si,activo
PAC005105,75,81.4,151,35.7,103,104,172,101,71,106,5.2,248,34,146,176,0.73,61,3.1,29.2,15.9,0,7237,6.8,5,5,3,10.9,6,F,si,sedentario
PAC005106,87,93.3,152,40.4,116,83,149,108,66,84,6.7,216,62,119,208,0.4,66,6.8,32.1,16.3,0,4406,7.8,16,5,0,8.9,8,M,no,ligero
PAC005107,28,62.4,156,25.6,72,104,112,71,53,105,5.2,169,81,76,91,1.12,99,0.1,35.6,16.2,6,9818,8.0,2,14,6,9.6,3,F,no,activo
PAC005108,25,45.2,155,18.8,82,96,134,62,56,101,5.4,200,61,87,58,1.3,107,1.9,46.1,14.6,9,10022,7.9,2,0,8,6.4,1,F,no,activo
PAC005109,18,49.0,162,18.7,73,94,135,70,87,112,5.9,200,49,151,63,0.86,119,1.4,33.8,11.4,7,8910,8.8,37,18,0,4.6,5,F,no,activo
PAC005110,90,102.0,176,32.9,126,101,135,77,82,105,6.6,283,38,195,186,0.99,43,8.0,45.0,14.6,2,4523,9.2,12,4,3,13.6,5,F,no,ligero
PAC005111,66,46.5,148,21.2,62,75,157,63,69,67,4.3,241,63,86,86,1.46,86,0.1,32.1,13.7,8,12114,6.1,8,7,3,5.8,2,F,si,activo
PAC005112,74,81.5,140,41.6,94,88,147,107,74,101,6.8,237,46,127,139,0.55,69,5.5,34.7,15.3,2,2751,4.7,16,0,3,17.4,6,M,si,sedentario
PAC005113,42,78.4,145,37.3,95,90,143,109,94,101,6.9,226,33,100,237,0.4,63,3.9,39.5,13.9,1,4396,6.7,3,20,3,11.2,7,F,si,sedentario
PAC005114,90,88.1,140,44.9,87,96,139,82,81,93,6.6,227,44,164,211,0.67,66,3.1,35.6,15.9,0,2348,4.7,6,5,2,12.8,9,M,no,sedentario
PAC005115,37,84.9,171,29.0,102,84,108,94,68,101,4.6,200,70,149,164,1.4,106,3.2,38.1,16.4,9,14501,7.0,0,7,4,8.9,3,F,si,ligero
PAC005116,48,69.4,140,35.4,90,92,164,93,65,124,6.6,232,55,136,196,0.48,69,3.3,40.3,17.9,0,500,7.2,0,6,0,14.5,7,F,no,sedentario
PAC005117,70,102.9,201,25.5,116,102,137,94,63,145,8.1,243,44,169,209,1.12,91,9.7,34.9,15.0,0,500,8.1,0,8,0,6.5,2,M,no,ligero
PAC005118,28,68.6,161,26.5,74,116,118,66,55,90,4.7,201,64,81,44,1.24,105,0.9,42.9,15.6,10,12980,8.0,3,3,3,4.1,3,F,no,activo
PAC005119,90,87.3,155,36.3,140,101,151,117,81,83,5.0,230,55,152,235,0.61,105,4.6,20.0,16.5,1,3659,7.6,8,0,1,10.5,3,F,no,sedentario
PAC005120,28,46.1,152,20.0,73,108,127,72,60,72,5.4,164,55,54,102,0.99,122,3.3,24.2,16.7,10,10264,8.4,0,5,6,7.5,0,F,no,ligero
PAC005121,36,112.3,194,29.8,118,96,137,81,80,127,6.6,222,55,128,218,0.78,89,5.6,29.2,15.7,0,5505,10.2,20,21,2,9.3,8,M,si,ligero
PAC005122,74,81.8,156,33.6,110,116,141,105,71,93,5.5,241,45,110,171,0.63,84,4.2,16.3,14.9,3,500,5.8,17,18,1,15.2,8,M,no,sedentario
PAC005123,67,107.7,201,26.7,97,96,119,85,73,147,7.9,186,37,121,275,1.08,54,5.0,51.8,16.4,3,2571,9.7,18,9,1,7.9,8,F,no,ligero
PAC005124,36,52.0,160,20.3,81,101,126,82,77,86,5.4,155,66,81,40,1.08,106,6.5,50.1,15.2,11,13085,7.4,0,0,4,3.4,3,M,no,ligero
PAC005125,40,68.1,140,34.7,89,99,90,53,78,110,5.0,162,59,101,71,0.84,106,3.8,30.1,8.5,5,6582,7.7,17,22,1,9.2,9,F,no,sedentario
PAC005126,37,113.0,192,30.7,125,122,157,75,83,123,6.2,276,42,177,233,1.4,60,7.9,36.4,14.2,0,1215,9.4,8,2,2,9.5,8,F,si,ligero
PAC005127,34,70.0,161,27.0,75,111,125,79,73,101,5.0,179,59,140,140,0.89,93,0.8,38.5,15.7,8,10774,9.1,3,11,4,4.8,5,F,no,sedentario
PAC005128,70,90.2,142,44.7,118,88,178,95,74,107,5.9,203,56,165,192,0.4,70,2.1,28.7,16.6,4,4247,6.5,13,0,4,12.5,7,M,si,activo
PAC005129,59,83.7,152,36.2,100,89,137,82,77,100,6.7,241,37,150,135,0.88,96,1.3,39.6,17.0,0,3530,5.0,4,7,2,16.6,7,F,no,ligero
PAC005130,64,68.8,157,27.9,84,96,141,109,81,97,5.5,235,60,111,177,0.88,70,6.8,31.0,15.5,0,6616,5.9,14,0,2,14.4,9,F,si,sedentario
PAC005131,56,60.3,162,23.0,60,99,110,67,64,60,6.5,170,85,78,120,1.21,85,3.2,41.3,15.3,12,15404,8.5,0,10,6,9.6,3,F,no,ligero
PAC005132,63,75.5,141,38.0,103,104,177,116,67,101,5.4,208,33,119,208,0.69,77,3.4,29.1,16.3,3,705,6.3,9,5,2,17.7,4,M,no,ligero
PAC005133,66,85.0,145,40.4,96,108,134,88,79,88,6.5,216,44,111,136,0.4,75,2.3,42.7,15.9,1,885,5.9,10,3,1,13.4,8,F,no,ligero
PAC005134,60,79.4,193,21.3,117,111,145,88,70,137,7.9,236,59,177,355,1.13,73,4.4,40.9,13.6,0,2422,7.0,17,15,8,7.2,9,F,no,sedentario
PAC005135,39,79.8,152,34.5,108,102,115,69,93,88,4.5,187,61,125,48,0.98,72,5.2,21.0,12.7,4,7708,7.0,20,33,0,6.8,10,M,no,ligero
PAC005136,18,50.5,150,22.4,91,108,108,75,58,143,5.2,158,70,135,50,0.93,87,1.2,58.9,13.1,10,9819,7.9,5,0,5,8.1,6,F,no,activo
PAC005137,84,72.4,146,34.0,105,96,169,87,71,117,4.7,240,56,116,172,0.69,52,5.8,30.9,17.8,3,6503,7.9,4,0,2,15.9,4,M,si,ligero
PAC005138,80,107.6,140,54.9,126,100,161,97,69,126,5.0,246,45,110,159,0.58,39,6.4,26.1,18.0,0,4659,6.3,5,0,4,11.6,2,M,no,sedentario
PAC005139,23,70.2,170,24.3,73,105,99,81,76,101,4.9,189,45,90,96,0.74,55,5.0,13.6,14.0,7,11266,10.0,15,28,0,8.2,7,F,no,activo
PAC005140,22,62.6,166,22.7,100,115,119,62,48,77,6.6,186,74,66,178,1.17,111,3.4,43.6,13.5,7,11473,7.4,9,0,5,5.6,7,F,no,activo
PAC005141,49,65.9,155,27.4,80,75,124,72,49,103,4.9,184,67,138,40,0.88,81,0.1,38.2,16.2,4,11903,11.0,0,0,4,3.3,1,M,no,activo
PAC005142,73,109.5,205,26.1,96,93,145,96,84,103,7.2,221,33,139,342,1.19,77,7.6,30.6,15.0,0,3080,10.3,11,0,2,9.4,8,M,no,sedentario
PAC005143,48,75.9,152,32.9,106,112,150,104,83,77,6.3,198,25,132,193,0.57,73,4.2,36.5,15.3,5,7126,6.8,3,16,1,17.2,4,M,si,sedentario
PAC005144,68,44.6,163,16.8,75,101,134,86,72,70,4.0,201,45,131,40,0.87,115,1.9,34.9,15.3,7,9576,9.4,0,6,9,2.0,3,M,no,sedentario
PAC005145,81,94.4,163,35.5,104,81,177,103,58,95,5.6,227,40,99,171,0.53,58,6.5,51.0,15.7,4,3318,5.2,6,7,4,9.9,6,M,si,sedentario
PAC005146,89,86.4,140,44.1,82,107,139,100,97,119,5.2,220,58,158,220,0.61,46,4.5,30.0,17.2,2,7468,6.7,14,10,3,15.3,5,M,si,ligero
PAC005147,75,81.8,140,41.7,115,116,172,120,72,118,5.5,245,50,112,178,0.4,77,3.7,32.5,16.7,2,4736,5.0,11,7,1,15.9,7,F,no,ligero
PAC005148,44,59.4,162,22.6,61,97,116,82,45,61,4.1,175,76,71,165,1.03,106,0.1,51.9,11.3,8,8917,10.4,13,8,6,9.6,4,M,no,activo
PAC005149,41,69.5,172,23.5,85,112,109,77,96,96,5.3,234,55,82,177,0.62,130,4.8,33.8,12.8,7,4683,8.3,23,29,1,7.9,10,M,no,activo
PAC005150,63,80.4,198,20.5,125,105,122,92,82,141,7.9,216,38,114,324,0.91,57,7.7,36.2,15.1,0,2393,9.5,15,0,3,8.9,5,M,si,sedentario
PAC005151,75,99.3,140,50.7,115,103,169,106,69,105,6.1,215,69,162,176,0.4,77,5.6,17.6,14.9,3,4947,6.9,5,12,3,13.9,7,M,si,sedentario
PAC005152,34,84.5,173,28.2,85,95,131,66,57,105,4.8,158,56,88,40,0.99,82,7.7,28.6,12.3,9,8945,8.0,17,25,1,9.8,10,F,no,ligero
PAC005153,39,63.1,157,25.6,95,107,129,54,55,105,4.9,180,67,80,61,1.13,127,2.2,32.0,14.1,7,10373,7.0,3,2,3,8.8,5,M,no,ligero
PAC005154,60,84.0,185,24.5,130,117,127,88,70,138,7.2,305,41,142,183,1.46,81,6.5,39.4,13.0,0,6861,8.4,9,3,2,7.1,6,F,si,ligero
PAC005155,62,74.2,184,21.9,133,96,143,87,87,152,7.4,231,40,178,249,1.36,103,9.2,40.2,15.6,1,4449,9.7,9,0,4,9.1,5,F,no,sedentario
PAC005156,18,90.4,160,35.3,82,112,111,71,77,94,4.0,171,45,56,196,1.2,102,2.1,22.3,10.5,7,5273,6.8,22,29,1,8.3,9,M,si,activo
PAC005157,20,76.6,157,31.1,90,115,106,62,62,133,5.0,154,61,82,40,1.0,86,0.1,30.6,15.6,10,12434,7.6,6,0,7,2.0,4,M,si,sedentario
PAC005158,55,50.4,160,19.7,60,114,90,54,72,92,4.6,193,76,93,40,1.17,86,0.1,46.6,13.3,10,15005,6.3,10,1,6,4.1,2,F,si,activo
PAC005159,60,99.4,140,50.7,108,92,167,98,85,67,6.3,202,58,155,227,0.51,79,7.5,26.8,15.3,4,4750,7.1,11,1,0,11.7,7,M,no,sedentario
PAC005160,47,64.5,154,27.2,82,75,140,82,90,115,4.8,174,76,118,47,0.59,100,2.9,17.6,12.9,3,10898,9.3,16,16,2,6.9,10,M,no,sedentario
PAC005161,63,82.8,179,25.8,125,89,124,86,86,121,7.7,214,25,166,178,1.15,74,10.3,37.0,16.0,4,8521,10.0,14,3,5,8.5,8,F,si,activo
PAC005162,22,51.9,171,17.7,62,106,98,81,67,94,6.2,230,57,73,106,1.14,102,0.6,37.3,14.5,10,10765,9.8,0,16,3,5.7,3,F,si,activo
PAC005163,39,58.3,152,25.2,92,106,105,73,76,102,4.6,192,50,117,155,1.04,101,0.1,27.1,12.2,4,6860,6.9,12,25,3,15.2,7,F,no,ligero
PAC005164,50,93.7,159,37.1,101,85,155,103,79,94,4.8,206,26,131,185,0.41,70,7.5,20.6,16.8,0,500,7.3,0,4,0,11.2,5,F,si,sedentario
PAC005165,45,63.9,170,22.1,95,82,130,73,61,63,4.7,166,65,131,40,1.3,108,3.7,37.1,12.6,11,16203,8.0,6,8,8,7.0,0,F,no,ligero
PAC005166,29,57.9,167,20.8,79,100,108,51,64,72,5.0,195,61,46,86,1.11,119,3.6,30.9,13.0,8,12028,9.5,0,0,5,6.6,0,F,no,ligero
PAC005167,18,69.2,172,23.4,60,104,132,84,67,85,4.9,184,56,89,63,1.08,101,1.5,61.0,16.5,10,14538,8.5,0,8,8,9.8,0,F,no,ligero
PAC005168,27,49.9,162,19.0,72,99,114,77,98,104,4.5,150,48,139,133,0.97,92,3.3,32.8,14.3,2,5479,7.2,20,19,4,8.7,9,M,si,ligero
PAC005169,18,86.4,152,37.4,82,90,112,86,56,91,4.4,163,77,97,40,1.3,104,0.1,29.3,16.5,4,14753,6.4,0,3,6,10.7,2,M,si,activo
PAC005170,18,59.6,164,22.2,100,91,128,69,70,80,4.8,204,63,128,212,1.05,104,5.2,34.4,11.2,5,8093,7.5,22,9,2,14.2,8,F,si,sedentario
PAC005171,46,65.2,159,25.8,84,97,123,65,87,80,5.0,220,50,117,126,0.68,78,4.2,28.9,13.6,8,7596,7.4,22,22,3,6.8,6,M,si,sedentario
PAC005172,79,113.8,187,32.5,124,97,147,89,84,132,7.0,196,36,133,283,0.93,60,2.8,27.7,16.8,0,864,9.5,13,0,2,6.2,9,M,no,sedentario
PAC005173,68,75.3,195,19.8,106,114,139,73,97,117,7.1,238,25,209,252,1.19,68,4.9,42.0,16.2,0,5474,7.7,21,11,4,9.8,6,F,no,sedentario
PAC005174,86,94.9,140,48.4,103,87,169,88,75,104,5.9,243,50,124,214,0.43,64,6.2,11.0,17.1,1,7554,8.1,3,1,2,10.9,10,M,si,sedentario
PAC005175,58,96.0,155,40.0,117,103,166,102,55,89,5.5,273,70,110,102,0.65,86,5.3,29.3,19.0,0,1256,5.8,6,15,1,12.7,6,F,no,activo
PAC005176,24,50.9,164,18.9,80,94,121,69,84,101,5.3,175,62,130,40,0.66,90,4.0,34.6,13.6,2,10655,7.9,14,21,3,10.2,10,F,si,ligero
PAC005177,36,90.7,195,23.9,115,97,130,86,82,136,6.8,231,33,109,342,1.25,81,2.9,42.8,15.3,0,500,8.7,1,1,0,11.6,6,M,si,sedentario
PAC005178,18,56.2,149,25.3,76,97,130,73,97,74,4.3,162,67,101,158,0.89,76,1.0,12.2,11.1,8,10427,9.0,14,22,0,8.6,9,M,no,sedentario
PAC005179,71,118.4,200,29.6,113,102,130,82,84,115,7.2,212,41,171,245,1.17,76,7.8,30.4,15.8,0,3589,10.5,8,0,1,11.6,6,M,no,ligero
PAC005180,72,88.6,201,21.9,121,109,173,89,76,115,7.7,259,25,141,238,1.32,62,7.6,49.9,14.1,5,6522,8.4,10,0,0,11.9,9,F,si,sedentario
PAC005181,20,70.3,159,27.8,83,113,109,80,50,73,4.0,187,68,82,124,1.36,107,3.0,14.7,14.0,11,4628,7.5,0,0,6,7.7,0,M,no,ligero
PAC005182,84,73.2,152,31.7,134,115,164,109,70,102,5.4,217,54,185,287,0.4,101,5.0,27.5,16.7,2,1469,5.3,5,10,3,7.2,6,M,no,sedentario
PAC005183,18,62.5,165,23.0,63,127,112,74,67,72,4.4,194,69,139,43,0.81,124,4.9,34.0,14.7,7,14440,9.5,0,9,5,4.6,1,M,si,ligero
PAC005184,70,99.8,140,50.9,108,94,141,108,82,108,5.5,210,40,201,149,0.76,92,6.9,49.5,17.7,2,1200,5.3,0,0,0,14.3,7,M,no,ligero
PAC005185,70,103.4,201,25.6,108,103,147,83,81,132,7.7,197,34,124,277,1.41,41,6.9,47.8,16.2,1,5953,11.0,4,0,1,10.6,7,F,si,activo
PAC005186,18,63.5,166,23.0,81,85,124,79,51,92,4.0,191,83,86,40,1.5,98,1.7,29.5,15.1,10,13652,6.2,0,11,3,5.2,5,M,no,activo
PAC005187,87,72.6,198,18.5,107,105,128,88,74,144,4.9,233,62,187,297,1.11,59,9.1,37.2,13.3,1,500,9.3,0,1,0,11.5,5,F,si,sedentario
PAC005188,29,49.5,165,18.2,88,101,134,72,73,84,4.9,175,66,130,100,1.08,103,0.7,21.5,10.9,0,11878,8.0,7,26,0,8.1,9,M,si,activo
PAC005189,53,69.6,150,30.9,99,111,188,93,72,133,7.2,214,44,195,235,0.66,85,9.5,31.7,14.4,2,5606,7.8,9,0,4,13.5,8,M,si,sedentario
PAC005190,18,68.3,170,23.6,95,97,116,56,55,68,4.3,164,69,66,156,1.24,124,1.4,23.4,16.0,6,11578,6.4,0,6,6,10.0,2,M,no,sedentario
PAC005191,24,91.2,168,32.3,88,101,129,83,53,83,4.0,154,66,81,99,0.89,93,0.4,38.5,15.8,11,13895,9.4,0,3,4,7.1,3,M,no,activo
PAC005192,18,68.4,152,29.6,69,95,122,88,85,66,5.7,226,70,91,94,1.01,90,2.9,27.0,11.2,5,7574,8.1,29,27,4,6.7,8,F,no,sedentario
PAC005193,70,75.4,145,35.9,92,85,150,92,83,112,5.4,211,37,153,83,0.47,67,5.1,42.2,15.5,2,737,6.3,3,3,4,8.2,1,F,si,activo
PAC005194,61,78.6,140,40.1,106,87,151,98,91,103,6.5,228,30,92,185,0.45,93,1.8,29.9,18.0,3,4674,6.1,0,1,0,13.1,7,F,no,ligero
PAC005195,90,78.2,193,21.0,102,128,138,90,100,106,6.6,205,37,184,239,1.08,56,5.3,25.3,14.9,0,3140,8.1,15,1,2,11.5,8,M,si,sedentario
PAC005196,58,67.9,197,17.5,129,92,135,88,65,128,5.7,232,45,144,242,0.95,82,4.0,37.8,16.3,0,500,9.7,7,0,3,8.4,7,M,no,activo
PAC005197,58,80.0,192,21.7,95,108,155,84,82,147,6.5,315,35,141,325,1.37,97,4.0,24.2,15.8,0,500,7.8,13,0,0,11.0,7,M,si,ligero
PAC005198,38,68.1,162,25.9,90,103,108,62,83,79,4.4,184,73,89,43,0.93,103,0.2,63.7,15.2,12,11083,9.5,5,2,5,5.4,2,M,no,sedentario
PAC005199,43,66.7,171,22.8,102,96,141,75,67,104,4.6,175,82,135,120,1.0,83,0.1,33.6,14.2,13,13800,9.1,11,0,6,5.1,7,M,no,ligero
PAC005200,40,73.2,146,34.3,91,98,120,74,78,100,4.1,173,67,134,40,1.17,113,3.8,30.7,16.7,3,17862,8.8,2,1,7,2.0,1,F,no,activo
PAC005201,59,117.2,184,34.6,100,113,140,75,78,122,6.5,248,25,147,191,0.98,71,9.2,40.2,15.5,0,550,8.7,16,2,2,12.0,8,M,si,ligero
PAC005202,48,98.2,202,24.1,127,95,146,101,105,136,5.9,260,37,63,359,1.27,84,7.8,49.8,14.3,0,6052,7.9,0,11,0,10.2,7,F,si,sedentario
PAC005203,54,98.6,190,27.3,117,101,107,63,87,131,6.8,245,25,152,293,0.75,73,8.8,41.4,17.1,3,3377,8.9,8,8,0,12.7,8,M,no,sedentario
PAC005204,52,64.3,176,20.8,66,100,121,77,70,69,4.4,206,66,137,93,1.08,97,3.8,41.7,13.0,9,14241,9.9,7,0,6,7.4,2,M,si,activo
PAC005205,81,86.6,167,31.1,104,104,155,84,79,116,7.0,275,52,170,291,0.98,98,5.9,25.0,18.1,3,3931,10.7,6,6,0,9.6,6,M,si,activo
PAC005206,28,53.7,163,20.2,86,98,125,79,58,94,5.3,134,67,132,150,0.96,99,1.0,38.8,15.5,10,11662,9.2,9,0,6,9.2,3,M,no,ligero
PAC005207,22,75.9,167,27.2,79,102,126,71,60,113,4.8,161,54,58,98,0.87,79,1.8,24.7,13.5,7,13289,10.8,0,2,6,9.2,0,F,si,activo
PAC005208,39,56.5,157,22.9,93,93,143,69,65,76,4.7,170,77,109,111,1.22,117,2.8,29.0,15.3,5,14049,9.0,0,0,8,6.2,1,M,si,activo
PAC005209,60,91.0,144,43.9,99,101,168,86,86,102,6.5,264,35,120,267,0.4,89,7.6,37.0,16.5,0,1385,5.7,15,1,1,11.9,7,M,no,ligero
PAC005210,49,73.2,168,25.9,80,84,103,67,45,72,5.9,194,88,130,91,1.19,113,0.4,27.7,11.3,7,17513,6.7,0,0,7,11.5,1,M,si,sedentario
PAC005211,41,69.4,167,24.9,74,93,117,57,68,70,4.6,156,74,94,62,1.21,72,0.1,23.4,13.3,6,11432,6.6,0,2,8,7.0,1,M,si,ligero
PAC005212,80,86.8,140,44.3,122,79,163,96,86,101,6.3,226,42,166,334,0.61,57,6.2,16.7,17.1,2,7916,5.2,10,12,3,16.2,7,F,no,sedentario
PAC005213,18,83.3,157,33.8,85,109,108,78,45,77,4.0,208,73,125,159,0.82,89,1.4,20.4,15.9,9,12583,9.2,7,25,8,6.2,1,M,no,sedentario
PAC005214,23,66.9,173,22.4,78,100,119,73,57,105,4.8,150,52,123,87,1.19,86,0.1,23.0,13.6,11,9758,7.9,10,9,4,5.1,5,M,no,ligero
PAC005215,49,104.0,196,27.1,125,105,136,89,72,143,7.4,238,52,195,183,1.14,89,8.1,24.8,14.8,0,500,7.8,7,20,0,8.2,4,M,no,sedentario
PAC005216,76,78.7,205,18.7,110,105,149,69,73,133,7.4,199,33,165,303,1.13,96,6.5,34.8,14.4,0,500,10.5,4,4,2,7.8,10,F,si,sedentario
PAC005217,75,82.9,140,42.3,136,97,133,110,73,117,5.6,248,28,184,181,0.53,67,3.9,29.7,13.4,0,6415,5.5,13,3,2,12.9,6,F,si,sedentario
PAC005218,74,75.7,158,30.3,124,87,157,102,75,85,7.1,226,45,130,138,0.55,82,5.6,11.4,18.8,1,3466,6.5,15,0,5,9.9,5,F,no,activo
PAC005219,18,57.8,173,19.3,60,99,94,85,56,72,5.9,191,40,138,123,0.74,106,0.1,44.6,11.6,9,17075,10.5,8,1,7,3.4,4,F,no,ligero
PAC005220,18,68.5,157,27.8,87,85,113,76,77,99,4.4,233,83,77,88,0.73,130,4.5,23.7,10.8,0,7909,7.3,24,38,3,12.8,7,M,no,activo
PAC005221,18,64.1,166,23.3,67,98,120,72,58,89,5.8,159,57,132,63,1.07,108,0.1,48.3,13.6,12,9984,8.9,0,0,1,4.9,3,F,no,ligero
PAC005222,25,56.1,156,23.1,79,101,133,78,60,84,4.1,161,68,127,45,1.31,117,1.6,37.6,17.0,13,18398,7.5,13,4,5,7.8,2,M,si,activo
PAC005223,80,56.6,141,28.5,117,87,153,102,81,90,5.9,189,58,140,147,0.68,47,0.5,31.7,16.5,0,5099,5.5,10,1,1,17.2,7,F,no,ligero
PAC005224,18,87.9,172,29.7,86,101,118,71,73,78,5.2,151,57,83,142,0.73,115,3.0,30.2,14.4,13,7522,8.5,0,10,3,7.6,10,F,no,ligero
PAC005225,86,74.3,151,32.6,102,75,168,97,79,69,5.8,216,48,168,261,0.58,69,8.1,22.6,14.4,2,7370,5.7,14,0,0,9.0,9,M,si,sedentario
PAC005226,23,91.7,163,34.5,76,106,102,76,53,76,4.6,116,67,115,67,1.04,99,0.1,53.9,13.6,9,10633,9.5,8,0,4,7.6,6,F,si,ligero
PAC005227,19,92.0,155,38.3,73,110,107,76,71,122,4.4,183,65,97,40,1.05,118,5.5,26.3,12.7,5,8410,7.7,18,15,2,10.6,9,F,si,ligero
PAC005228,90,102.1,193,27.4,138,91,111,92,70,127,7.9,244,26,131,200,1.32,57,8.4,41.8,16.0,5,6529,9.5,19,16,4,12.1,5,F,no,sedentario
PAC005229,34,47.4,169,16.6,74,99,102,80,49,112,4.5,166,89,87,182,1.05,106,0.1,34.6,11.8,9,15375,11.0,8,7,3,8.5,1,F,si,activo
PAC005230,36,61.2,188,17.3,81,94,108,72,65,78,4.4,162,65,173,107,1.37,88,0.1,16.4,16.0,7,12077,7.1,0,3,7,5.9,3,F,no,sedentario
PAC005231,18,58.5,162,22.3,83,107,100,83,75,78,4.0,196,63,94,74,1.11,128,2.3,26.1,16.6,11,12221,6.1,1,1,6,2.8,2,M,no,ligero
PAC005232,18,70.0,179,21.8,99,91,95,64,63,87,4.3,168,87,105,102,0.77,113,0.1,30.4,15.9,5,13073,7.9,0,13,5,4.5,0,M,no,activo
PAC005233,72,98.5,149,44.4,87,110,151,94,92,105,6.0,199,56,148,178,0.75,63,2.1,26.6,17.2,2,500,6.0,10,4,2,15.9,7,M,si,ligero
PAC005234,27,70.6,143,34.5,92,87,110,86,80,77,5.4,182,90,159,174,0.94,92,4.4,5.0,12.4,8,11971,7.0,20,36,2,5.0,9,F,si,sedentario
PAC005235,18,57.6,157,23.4,81,83,127,81,72,99,4.8,171,89,84,206,1.18,98,1.3,32.1,16.2,7,4235,6.5,1,0,3,4.9,3,F,no,ligero
PAC005236,71,102.3,181,31.2,97,112,165,93,81,125,7.3,258,54,148,419,1.37,34,8.3,44.9,14.7,0,2714,9.3,21,11,0,12.0,9,F,si,ligero
PAC005237,50,107.8,190,29.9,126,105,137,61,65,141,7.2,250,42,176,200,1.08,95,6.3,52.1,14.5,1,7088,10.0,19,9,2,5.3,8,M,si,activo
PAC005238,29,91.0,167,32.6,79,103,107,75,76,91,5.7,176,55,81,48,0.82,95,0.1,26.0,14.1,10,17892,7.0,1,4,6,7.5,8,F,no,sedentario
PAC005239,68,91.2,205,21.7,115,114,135,81,84,123,6.6,211,25,142,262,1.32,94,3.5,28.7,15.6,1,5500,9.6,17,19,3,8.9,6,F,no,sedentario
PAC005240,65,109.5,205,26.1,99,93,144,91,79,119,6.0,255,35,180,189,0.94,88,3.4,25.7,16.7,0,2499,8.0,23,15,0,11.5,7,F,no,ligero
PAC005241,79,77.8,170,26.9,134,104,141,88,80,144,6.3,227,39,102,340,0.81,53,2.9,46.5,17.2,0,1760,8.0,14,11,3,6.7,9,F,si,ligero
PAC005242,20,55.5,147,25.7,105,95,114,65,75,94,4.0,158,70,116,40,1.13,88,5.8,14.6,12.7,9,8186,9.1,27,39,0,13.9,10,M,no,sedentario
PAC005243,73,54.6,140,27.9,106,93,144,104,66,118,6.0,233,47,159,239,0.4,49,5.3,21.1,17.1,0,1589,8.1,9,5,3,9.8,6,F,si,activo
PAC005244,37,51.9,154,21.9,81,89,94,70,91,105,5.7,218,63,91,178,1.05,109,2.8,25.2,11.0,5,1387,7.6,23,18,0,10.0,7,F,no,sedentario
PAC005245,36,62.4,169,21.8,81,107,117,83,61,123,4.6,177,52,126,59,1.09,102,0.8,25.5,13.9,11,16722,8.7,8,2,6,5.8,2,M,no,ligero
PAC005246,80,74.0,148,33.8,95,92,143,102,79,97,7.2,225,64,154,75,0.58,96,5.3,22.8,16.2,0,500,6.1,14,10,4,12.0,7,F,no,sedentario
PAC005247,27,74.7,179,23.3,97,90,110,69,95,77,6.0,202,60,108,40,0.75,123,2.6,38.1,9.5,4,7389,6.7,31,24,2,12.0,5,M,no,ligero
PAC005248,58,96.5,201,23.9,125,97,146,83,74,160,6.5,252,46,204,239,0.89,57,6.0,37.0,14.0,0,4884,8.7,11,0,4,10.3,8,F,si,ligero
PAC005249,47,104.5,183,31.2,123,98,110,87,73,112,7.3,206,41,191,356,1.28,61,8.1,37.2,16.2,2,3458,8.6,6,2,1,11.6,10,F,si,ligero
PAC005250,51,70.2,160,27.4,73,98,124,68,50,68,4.2,155,66,87,40,1.29,90,0.1,28.3,16.5,5,11333,8.4,0,14,3,7.0,3,M,no,sedentario
PAC005251,18,54.5,159,21.6,92,115,148,95,97,86,5.3,190,40,106,40,0.72,90,4.3,17.6,9.8,4,4707,7.1,21,21,3,11.5,7,F,no,ligero
PAC005252,68,99.0,199,25.0,109,95,137,102,66,141,7.7,294,27,144,311,1.12,45,4.3,26.1,14.9,0,6481,8.1,11,12,1,8.0,10,M,no,sedentario
PAC005253,30,66.6,160,26.0,82,104,120,88,71,113,4.9,175,63,130,71,1.07,103,0.2,36.0,14.4,8,11065,9.3,8,3,8,5.9,5,F,no,activo
PAC005254,19,82.3,173,27.5,81,88,140,66,89,88,5.6,140,50,92,85,0.98,84,1.8,22.5,13.4,7,7119,7.1,25,28,0,8.4,7,F,no,sedentario
PAC005255,30,89.1,154,37.6,108,105,160,86,85,108,6.1,213,38,136,273,0.51,64,6.7,22.5,15.0,1,1943,5.7,22,0,3,8.0,10,F,no,sedentario
PAC005256,69,106.6,151,46.8,97,89,137,102,91,92,5.2,212,34,114,212,0.44,66,1.1,38.4,14.5,2,2845,5.2,9,0,2,14.2,6,M,no,ligero
PAC005257,64,89.5,186,25.9,103,117,133,83,84,148,7.9,259,39,134,277,1.05,72,7.5,46.0,14.2,0,2345,8.7,11,16,0,10.1,10,M,si,sedentario
PAC005258,67,80.4,163,30.3,101,110,147,92,66,105,5.8,188,65,113,192,0.76,63,4.2,35.1,15.6,0,4208,7.5,6,0,3,8.7,6,M,si,sedentario
PAC005259,21,69.6,144,33.6,93,79,115,68,76,83,4.4,230,46,90,88,0.87,90,0.1,25.7,12.2,6,6305,8.4,22,25,3,7.3,6,F,no,sedentario
PAC005260,18,40.0,164,14.9,68,98,120,74,66,64,5.6,153,67,84,127,1.38,112,0.5,27.2,14.1,10,12104,8.6,8,0,4,8.3,2,F,no,activo
PAC005261,59,97.3,163,36.6,90,108,170,84,87,110,5.6,192,48,158,195,0.59,72,2.0,12.7,15.9,3,1345,4.7,5,1,4,10.4,6,M,no,sedentario
PAC005262,53,60.9,165,22.4,104,108,131,70,66,88,4.9,212,53,46,67,0.61,92,0.1,41.6,14.6,9,12204,6.4,0,0,8,11.2,4,M,no,ligero
PAC005263,26,87.5,167,31.4,98,85,133,95,88,88,5.3,160,45,89,164,0.78,118,5.5,27.2,11.4,6,10395,7.6,27,24,2,9.3,10,M,no,ligero
PAC005264,33,79.7,158,31.9,69,90,90,64,84,96,5.3,187,77,142,59,1.16,103,1.8,24.6,13.0,7,9215,6.8,12,27,3,8.2,8,F,si,sedentario
PAC005265,18,61.1,156,25.1,97,89,119,69,61,90,5.9,179,50,40,40,1.02,119,0.1,15.2,12.7,2,15105,9.0,3,0,4,3.4,0,M,no,ligero
PAC005266,81,81.4,140,41.5,126,121,147,92,70,97,6.0,207,75,166,125,0.52,91,3.9,21.9,18.1,1,2249,6.7,16,13,1,12.0,10,F,no,sedentario
PAC005267,77,86.6,181,26.4,123,106,156,93,79,119,7.9,239,45,120,308,1.15,89,5.2,42.7,13.1,0,4453,9.0,5,0,0,16.1,8,M,si,ligero
PAC005268,21,69.6,148,31.8,70,93,117,75,91,73,5.9,220,52,67,180,0.66,75,3.1,14.4,10.9,4,10363,7.3,18,22,0,8.3,5,F,no,sedentario
PAC005269,77,91.3,190,25.3,107,94,161,87,82,175,7.3,252,39,134,242,1.19,113,3.4,29.9,15.5,4,6284,9.3,0,4,0,13.6,5,F,si,sedentario
PAC005270,69,81.5,145,38.8,116,87,163,100,71,131,5.6,268,43,160,134,0.4,81,7.9,28.6,16.1,2,1689,5.6,9,0,2,12.5,3,F,no,ligero
PAC005271,63,91.6,148,41.8,107,115,156,96,91,101,8.1,257,36,164,267,0.45,76,5.4,27.9,15.4,4,5997,6.9,10,5,1,9.8,4,F,no,ligero
PAC005272,18,68.3,171,23.4,65,99,130,88,63,103,5.2,205,57,79,117,1.31,106,0.1,20.2,16.4,3,10979,10.9,3,7,6,7.4,0,M,no,ligero
PAC005273,18,53.0,167,19.0,64,109,90,64,66,76,4.9,182,42,140,154,1.12,117,3.1,26.4,14.1,12,17034,8.9,0,23,2,11.0,0,M,no,sedentario
PAC005274,68,72.1,142,35.8,117,86,165,101,70,91,6.7,246,64,160,194,0.6,68,1.1,23.8,16.4,3,500,6.9,5,4,1,20.0,3,M,no,ligero
PAC005275,75,90.1,157,36.6,106,103,171,93,73,106,6.6,236,43,164,101,0.4,98,3.9,25.5,13.6,0,500,7.0,10,21,0,11.2,7,M,no,ligero
PAC005276,32,58.4,180,18.0,75,102,134,70,67,101,5.0,193,68,91,106,1.07,81,4.0,34.6,12.8,12,11001,8.6,8,0,7,5.3,0,M,si,ligero
PAC005277,18,56.5,175,18.4,104,111,127,76,68,86,4.3,207,44,136,40,1.08,106,0.1,47.0,14.1,10,8481,9.0,0,0,6,3.8,7,F,si,ligero
PAC005278,26,67.3,163,25.3,84,100,92,70,62,78,4.6,165,64,126,77,1.25,102,0.1,39.7,15.2,6,6710,7.5,0,0,9,4.1,0,M,no,activo
PAC005279,39,59.1,160,23.1,79,108,110,78,77,99,5.5,181,70,76,40,1.09,102,0.1,31.1,15.1,11,15708,9.1,5,0,7,7.8,1,F,si,activo
PAC005280,44,96.5,195,25.4,97,95,149,86,85,142,8.4,271,25,202,291,1.38,76,4.6,29.6,13.5,0,2551,8.6,13,10,1,9.6,6,M,si,ligero
PAC005281,82,97.9,145,46.6,88,93,153,102,82,97,6.5,206,52,147,225,0.58,86,0.7,31.9,14.8,5,1336,5.6,19,2,4,8.3,3,F,si,ligero
PAC005282,63,75.9,166,27.5,81,111,127,73,83,81,4.6,114,55,124,40,1.02,103,0.1,14.8,16.0,8,8993,8.8,0,15,3,8.0,0,M,no,ligero
PAC005283,28,80.0,162,30.5,93,86,143,80,65,95,4.9,159,46,89,128,1.19,68,0.1,25.2,10.6,8,7626,7.8,27,25,0,10.9,10,F,si,ligero
PAC005284,74,92.4,145,43.9,99,88,182,108,64,151,5.8,174,50,105,196,0.4,65,2.1,14.9,16.9,3,3758,6.6,6,1,5,12.3,5,F,no,activo
PAC005285,46,44.7,164,16.6,60,106,114,70,68,79,4.6,191,95,40,74,1.0,109,0.1,25.4,13.4,7,12247,8.5,10,6,5,5.3,3,F,si,ligero
PAC005286,40,72.8,150,32.4,87,75,100,72,90,93,5.4,209,62,110,188,0.98,98,0.1,21.8,12.3,5,8600,7.7,14,27,2,8.1,3,F,no,activo
PAC005287,18,76.6,154,32.3,81,78,101,88,76,69,4.6,145,59,84,112,0.99,102,2.7,5.0,9.2,11,12355,9.4,22,24,0,13.1,4,F,si,ligero
PAC005288,59,96.9,201,24.0,127,87,126,80,80,138,6.6,274,31,152,205,1.26,99,2.6,50.3,16.6,0,6466,9.1,16,8,0,9.3,6,M,si,activo
PAC005289,55,40.0,180,12.3,77,104,104,72,68,84,5.6,187,63,120,134,1.15,99,3.2,43.6,13.7,12,11801,8.9,8,4,7,5.3,4,M,si,activo
PAC005290,37,75.3,154,31.8,114,108,147,91,82,83,5.6,219,56,149,251,0.4,73,4.1,32.9,15.9,0,7641,6.4,13,10,3,15.4,4,F,no,ligero
PAC005291,55,46.4,167,16.6,76,85,93,72,56,80,5.2,164,48,129,42,0.99,70,0.1,35.0,14.7,12,11665,9.4,4,11,6,8.7,3,M,no,sedentario
PAC005292,46,85.9,158,34.4,99,101,152,103,74,69,4.3,198,65,158,220,0.51,59,4.9,31.6,17.6,1,9070,5.8,5,10,0,13.7,9,M,si,ligero
PAC005293,74,62.4,154,26.3,106,95,156,103,73,100,5.5,214,25,157,119,0.41,74,5.4,44.6,16.1,5,2758,6.5,10,7,2,12.3,3,F,si,ligero
PAC005294,58,96.1,204,23.1,111,106,160,83,62,131,6.4,273,48,127,255,1.39,74,6.4,37.1,16.4,2,4228,8.6,11,0,2,12.9,6,M,no,sedentario
PAC005295,90,93.1,189,26.1,134,97,113,71,79,143,5.7,209,28,114,293,1.15,96,5.2,31.6,16.1,2,7127,9.7,8,6,0,12.6,8,M,si,sedentario
PAC005296,90,77.6,142,38.5,123,109,171,103,75,113,6.6,239,49,116,208,0.98,58,3.5,36.7,16.3,0,6902,3.0,4,2,2,12.2,8,F,si,activo
PAC005297,65,92.1,142,45.7,94,104,138,99,78,102,6.0,266,54,148,82,0.4,54,7.6,31.4,13.3,0,4136,6.5,4,9,0,15.3,9,M,no,sedentario
PAC005298,90,71.2,155,29.6,110,93,136,105,74,93,6.6,246,27,205,272,0.45,105,1.9,27.5,17.8,3,6195,9.0,7,5,3,11.2,7,F,no,sedentario
PAC005299,42,60.6,163,22.8,73,115,114,69,64,96,6.0,160,66,128,40,1.36,111,0.8,25.1,14.8,10,11784,6.9,0,7,4,9.1,3,F,si,ligero
PAC005300,75,113.9,151,50.0,118,102,170,97,81,91,6.2,228,40,146,141,0.61,89,2.9,32.7,15.8,0,6566,8.0,0,13,2,13.0,7,M,si,sedentario
PAC005301,22,74.0,168,26.2,73,97,109,65,57,104,5.5,197,79,82,179,1.44,130,0.1,43.3,14.3,11,13352,7.5,6,0,7,3.2,3,M,no,ligero
PAC005302,39,51.8,170,17.9,82,102,113,85,64,112,4.9,161,59,81,65,1.3,111,0.1,33.6,15.0,3,15984,6.8,0,17,6,7.8,2,M,si,sedentario
PAC005303,25,58.0,170,20.1,83,96,108,69,52,69,5.0,192,56,79,217,1.15,113,3.4,29.5,15.2,6,16648,9.4,2,8,5,8.2,4,F,si,activo
PAC005304,84,81.3,193,21.8,123,105,171,111,99,147,6.2,245,26,190,232,1.13,96,6.9,24.1,13.6,0,2690,7.7,33,1,3,7.2,6,M,si,ligero
PAC005305,30,82.1,172,27.8,77,99,111,79,82,91,4.1,166,63,155,40,0.91,94,6.0,37.3,12.7,8,10514,9.6,22,22,1,6.8,4,M,si,ligero
PAC005306,21,51.4,182,15.5,82,93,116,65,61,66,4.0,121,62,58,40,1.29,98,0.1,36.2,12.6,4,11252,7.5,0,0,6,3.3,2,F,no,activo
PAC005307,46,58.8,161,22.7,77,112,127,59,71,92,4.0,111,61,166,69,1.25,83,3.6,24.6,15.5,14,16064,6.9,3,0,5,4.3,3,M,no,activo
PAC005308,18,78.4,157,31.8,60,106,120,72,59,88,5.3,168,61,92,74,1.07,76,0.1,28.9,16.6,4,16966,8.9,0,0,7,6.0,2,F,no,sedentario
PAC005309,63,98.3,140,50.2,98,92,162,103,79,105,5.6,260,38,137,298,0.46,100,4.1,27.9,15.7,1,7083,6.9,6,12,5,17.1,10,M,si,sedentario
PAC005310,65,89.9,205,21.4,99,91,157,85,80,161,7.1,209,41,158,263,1.2,45,8.6,43.5,16.5,0,1637,9.1,13,13,0,6.6,4,F,si,ligero
PAC005311,78,94.8,203,23.0,123,95,117,101,70,162,8.0,247,35,124,244,1.28,78,7.3,44.2,16.1,0,500,7.7,7,4,2,9.2,8,M,no,sedentario
PAC005312,18,73.1,160,28.6,88,95,102,63,82,85,5.3,165,66,102,182,0.7,78,8.3,25.1,11.0,2,12223,8.2,17,25,2,12.9,7,F,si,sedentario
PAC005313,35,49.6,172,16.8,73,108,104,68,73,68,4.0,112,83,131,111,0.91,94,3.8,39.5,14.4,9,16813,8.2,3,6,7,5.9,4,F,si,activo
PAC005314,18,54.9,181,16.8,90,110,105,67,58,60,5.6,145,78,92,100,0.63,114,4.2,40.0,16.5,6,11383,8.4,1,7,8,5.6,0,M,no,ligero
PAC005315,18,71.5,178,22.6,74,78,126,84,56,99,5.3,148,57,81,75,1.27,117,1.4,32.5,15.7,8,9108,6.8,1,4,6,7.9,3,M,no,ligero
PAC005316,31,65.9,178,20.8,77,104,91,69,60,67,5.0,178,72,86,135,1.04,118,4.0,38.7,15.3,5,15483,8.2,3,6,6,5.7,3,F,no,sedentario
PAC005317,84,84.8,156,34.8,109,93,141,101,76,76,5.3,225,49,143,192,0.56,59,2.9,39.9,17.7,1,5376,6.5,22,4,3,13.2,8,F,no,ligero
PAC005318,58,62.0,167,22.2,66,92,112,77,78,108,4.1,186,46,108,204,0.98,96,3.3,26.9,10.6,2,9865,9.1,11,24,2,14.9,7,F,no,ligero
PAC005319,66,75.2,151,33.0,112,101,172,77,90,100,6.0,229,25,148,145,0.4,81,2.8,27.1,16.4,4,6426,5.5,0,8,4,14.4,10,F,no,sedentario
PAC005320,34,86.8,159,34.3,95,96,101,75,87,94,5.6,198,43,113,130,0.69,108,1.4,28.3,13.8,9,6083,7.0,18,15,5,8.0,8,F,no,ligero
PAC005321,69,99.3,187,28.4,103,97,142,81,80,146,6.9,280,29,135,253,1.19,93,1.8,43.4,15.3,0,3238,8.8,7,5,1,14.3,7,M,no,ligero
PAC005322,59,86.2,150,38.3,93,84,171,84,68,108,6.3,213,26,123,76,0.52,87,6.0,36.5,13.1,2,6376,5.3,1,3,3,15.9,5,M,no,ligero
PAC005323,21,59.4,161,22.9,85,98,102,71,65,93,4.9,192,67,76,75,1.26,120,0.1,44.0,16.6,7,15803,8.2,1,0,5,4.6,5,M,no,ligero
PAC005324,77,54.7,140,27.9,121,95,174,95,71,102,5.9,210,57,151,139,0.44,71,1.2,18.3,17.5,0,500,6.8,1,3,4,10.0,8,M,si,sedentario
PAC005325,18,55.7,153,23.8,91,94,129,76,60,101,4.3,212,88,131,40,1.25,110,0.1,38.8,14.3,9,17461,7.7,9,0,6,6.6,0,M,si,sedentario
PAC005326,75,88.2,188,25.0,100,106,127,80,75,113,7.4,235,43,216,211,1.08,81,9.4,37.5,16.6,0,5214,10.0,6,5,0,9.0,9,F,no,ligero
PAC005327,34,63.9,161,24.7,73,97,118,66,61,105,5.6,237,56,88,40,1.14,87,1.9,34.9,15.0,11,8291,8.9,2,0,5,7.0,1,M,no,ligero
PAC005328,49,87.5,155,36.4,88,105,115,66,67,105,5.4,247,72,114,99,1.17,81,2.1,25.9,12.7,3,11196,9.8,21,24,6,8.9,8,F,no,ligero
PAC005329,29,53.8,173,18.0,77,110,103,73,74,106,5.5,223,54,100,134,1.16,91,0.5,30.9,14.4,8,9859,7.7,6,5,7,4.9,1,M,no,activo
PAC005330,65,78.3,147,36.2,94,93,161,98,78,109,4.7,198,42,149,66,0.4,79,5.9,41.5,16.4,1,2603,5.6,3,11,4,14.6,8,F,no,sedentario
PAC005331,55,79.5,146,37.3,87,86,115,80,66,98,5.6,154,63,102,110,1.0,101,2.7,27.2,13.4,10,9825,7.2,18,26,2,7.7,8,M,no,sedentario
PAC005332,39,49.7,157,20.2,89,95,122,72,82,87,5.5,185,53,86,102,0.64,103,6.6,38.1,8.8,8,7284,7.9,31,14,2,6.5,7,F,si,sedentario
PAC005333,25,78.3,157,31.8,79,86,132,72,93,66,6.6,163,51,106,161,0.72,93,3.1,32.1,10.1,8,9232,8.4,20,15,3,7.2,8,F,no,ligero
PAC005334,69,93.1,150,41.4,107,102,149,109,80,84,6.3,265,76,146,161,0.4,72,4.3,30.5,16.6,3,8184,5.5,20,10,4,10.8,5,M,no,ligero
PAC005335,55,97.9,190,27.1,111,90,144,91,86,141,6.5,228,53,209,113,1.16,74,6.5,26.8,13.5,0,4567,7.9,6,8,2,14.1,8,F,si,ligero
PAC005336,26,82.2,170,28.4,79,101,114,71,75,78,5.9,207,62,98,190,0.71,84,4.1,28.6,11.7,6,13919,6.5,21,16,2,4.0,9,M,no,activo
PAC005337,79,108.4,195,28.5,101,95,147,91,72,155,6.9,274,44,113,286,1.19,69,4.0,54.4,14.9,0,3458,9.4,11,8,2,11.4,10,M,no,ligero
PAC005338,65,72.1,140,36.8,112,104,129,87,63,114,6.7,284,37,185,222,0.69,76,4.8,24.8,15.2,4,5541,7.4,0,2,2,15.4,6,M,si,sedentario
PAC005339,66,94.1,147,43.5,103,92,172,80,68,112,6.8,189,25,119,133,0.4,82,4.9,32.5,16.0,6,3641,5.8,14,18,4,11.8,7,F,no,sedentario
PAC005340,33,78.6,192,21.3,125,96,134,88,82,113,6.4,247,32,148,217,1.4,99,5.7,32.8,14.7,0,1423,9.0,11,12,3,11.2,5,F,si,ligero
PAC005341,18,82.7,163,31.1,78,93,150,70,47,81,5.1,178,76,94,65,1.2,72,1.1,50.2,12.4,10,13722,6.8,0,6,4,5.3,0,M,si,sedentario
PAC005342,19,53.3,163,20.1,71,90,119,75,83,73,6.4,234,61,93,123,0.85,95,4.1,16.4,9.1,3,7441,7.7,21,8,1,8.4,8,F,no,ligero
PAC005343,24,40.0,185,11.7,73,96,142,76,62,83,4.5,189,50,81,135,1.14,115,0.4,33.5,12.4,9,11254,10.5,6,2,5,7.8,1,M,no,activo
PAC005344,60,101.3,195,26.6,135,98,123,91,91,132,6.8,214,25,181,186,1.29,53,5.8,35.3,12.2,0,500,9.0,15,6,0,10.4,7,F,si,ligero
PAC005345,20,70.8,160,27.7,77,107,123,87,59,114,6.5,208,87,82,144,0.59,100,1.6,45.6,14.7,11,17313,7.4,0,0,6,6.5,0,F,no,activo
PAC005346,18,63.8,157,25.9,75,93,92,84,73,90,4.3,216,61,94,133,0.9,115,1.0,12.5,10.8,7,5140,6.8,20,18,3,6.6,8,F,no,ligero
PAC005347,48,57.2,177,18.3,79,100,101,82,77,82,5.2,187,63,93,108,1.05,107,0.1,27.3,15.3,8,13678,7.5,0,0,8,11.3,3,M,no,ligero
PAC005348,18,50.0,159,19.8,94,97,119,78,79,103,5.3,188,36,101,128,0.74,91,3.3,14.7,11.7,6,8905,6.7,15,19,2,7.3,4,F,no,ligero
PAC005349,60,103.6,150,46.0,119,75,178,102,77,88,6.0,194,50,121,155,0.4,100,4.6,29.7,16.1,2,3543,6.4,0,9,1,12.6,3,F,si,sedentario
PAC005350,20,74.8,152,32.4,60,95,114,63,53,99,5.4,180,55,102,110,1.03,86,1.3,34.7,17.0,3,12820,7.2,6,2,4,4.8,4,M,si,ligero
PAC005351,75,69.2,152,30.0,99,90,142,111,77,106,6.4,272,43,129,116,0.62,74,8.2,10.9,12.6,1,4836,6.9,9,0,3,14.0,10,M,si,activo
PAC005352,61,78.9,154,33.3,112,101,161,115,61,124,5.2,215,43,193,221,0.78,67,8.8,22.5,15.7,0,3425,4.0,17,7,4,12.1,10,M,no,sedentario
PAC005353,70,80.6,140,41.1,100,75,161,110,58,73,5.3,192,40,154,246,0.4,86,2.5,35.0,13.3,0,4942,5.9,14,16,3,5.2,10,M,si,sedentario
PAC005354,30,64.4,166,23.4,86,109,118,83,63,77,5.3,222,57,82,115,0.8,124,5.4,30.1,14.0,10,17339,8.0,10,17,5,6.6,0,M,no,sedentario
PAC005355,18,72.8,168,25.8,63,83,94,65,53,71,5.4,233,45,114,79,0.97,98,1.4,53.2,14.5,6,9341,9.2,4,3,5,2.0,4,F,no,sedentario
PAC005356,18,40.0,162,15.2,102,97,126,91,94,98,5.4,132,54,131,40,0.83,85,6.1,24.7,12.2,7,10132,7.9,20,21,3,10.4,9,F,si,activo
PAC005357,79,92.2,182,27.8,122,107,156,82,81,159,8.0,176,35,126,421,1.22,78,6.4,29.9,17.4,0,500,8.7,8,6,0,9.8,10,M,si,sedentario
PAC005358,18,53.2,154,22.4,80,101,144,81,100,115,5.6,203,49,122,123,0.8,102,2.1,20.6,12.7,7,12360,9.6,15,31,1,10.4,10,F,si,ligero
PAC005359,27,58.4,166,21.2,60,100,129,82,67,80,4.8,194,74,93,98,0.99,112,0.6,28.9,14.1,7,16583,10.2,0,0,4,5.2,3,F,no,activo
PAC005360,43,111.0,153,47.4,98,90,147,97,70,110,4.5,268,31,121,185,0.48,95,6.1,20.1,14.2,2,4136,7.5,11,7,4,9.3,5,F,si,sedentario
PAC005361,18,52.0,167,18.6,82,88,121,67,80,104,5.1,227,52,64,40,1.1,111,2.5,30.7,15.0,11,12834,9.3,22,0,5,4.8,0,F,si,activo
PAC005362,73,60.8,154,25.6,94,106,139,99,72,104,5.9,226,30,136,244,0.55,67,1.6,30.7,14.8,1,2446,6.9,15,0,4,14.9,8,M,no,sedentario
PAC005363,32,63.5,187,18.2,66,104,117,73,56,83,5.4,179,60,75,81,1.03,109,0.8,18.9,14.1,7,11948,7.2,0,0,6,5.2,0,M,no,ligero
PAC005364,18,110.2,151,48.3,104,82,112,73,82,97,6.7,155,53,126,91,0.85,100,3.4,23.7,11.7,5,8709,8.2,24,28,2,10.2,7,M,no,sedentario
PAC005365,57,122.3,200,30.6,113,93,126,90,77,94,8.5,243,45,154,345,1.25,44,9.1,38.1,14.2,0,3319,9.9,5,16,1,8.2,6,F,si,ligero
PAC005366,22,77.1,157,31.3,77,75,115,90,89,117,5.4,179,58,82,105,1.14,86,1.4,16.6,13.8,12,4467,11.0,23,26,4,14.1,5,M,si,ligero
PAC005367,61,86.3,201,21.4,123,98,139,103,80,129,6.1,246,25,182,169,0.87,84,8.5,43.4,15.5,0,749,8.7,10,13,1,9.1,10,F,si,sedentario
PAC005368,90,82.0,152,35.5,112,115,143,95,73,110,6.2,197,43,146,192,0.56,54,7.8,33.2,16.3,1,4832,6.7,6,8,2,11.7,6,M,no,activo
PAC005369,18,77.6,154,32.7,83,94,110,71,61,99,6.0,144,87,109,53,1.25,109,2.4,44.9,14.7,7,13930,9.6,3,0,9,5.7,0,F,si,ligero
PAC005370,57,89.8,198,22.9,94,117,131,84,82,160,7.3,246,41,134,337,1.18,60,5.4,50.2,13.5,3,5308,7.3,2,1,5,11.5,6,M,si,activo
PAC005371,22,82.3,151,36.1,69,91,134,60,54,87,4.7,166,55,91,68,0.85,62,0.1,27.9,10.3,5,11905,6.2,24,19,2,12.3,6,M,no,ligero
PAC005372,62,88.5,146,41.5,120,113,146,120,82,101,6.7,183,45,166,111,0.4,97,6.3,32.3,16.1,0,8585,4.7,3,7,3,11.1,10,F,no,sedentario
PAC005373,48,86.8,184,25.6,147,106,115,98,77,156,7.8,247,31,154,229,0.85,76,7.9,28.6,14.4,0,6427,8.5,17,11,0,11.4,6,M,no,sedentario
PAC005374,58,86.7,205,20.6,109,108,139,98,70,137,7.7,304,27,198,204,0.96,87,3.7,35.9,14.5,0,5431,8.9,1,5,0,15.4,8,F,no,sedentario
PAC005375,67,97.5,140,49.7,121,95,148,106,76,94,5.3,236,25,135,283,0.43,67,4.9,32.8,16.9,0,2773,6.8,11,13,1,13.6,6,M,si,ligero
PAC005376,49,81.5,201,20.2,119,106,139,71,69,108,7.5,264,45,138,214,0.95,62,8.5,41.9,15.9,2,5752,8.2,7,0,0,10.4,6,M,si,sedentario
PAC005377,42,76.3,161,29.4,82,88,137,94,70,91,5.6,219,63,133,166,1.25,112,0.1,29.4,14.9,9,8832,8.7,8,4,7,6.4,3,F,no,activo
PAC005378,23,54.5,162,20.8,80,105,118,62,58,69,4.0,168,71,87,157,0.82,105,2.6,27.3,14.4,4,7829,7.8,0,2,5,7.2,0,F,no,activo
PAC005379,61,113.9,184,33.6,105,98,131,88,95,114,7.4,273,25,175,269,1.12,65,10.6,44.2,13.4,0,500,8.3,20,0,3,8.4,10,M,si,sedentario
PAC005380,18,56.5,157,22.9,72,95,110,82,52,66,4.0,172,77,88,112,1.27,85,0.1,44.2,14.8,8,12513,8.0,0,13,6,6.7,3,M,no,sedentario
PAC005381,38,57.5,177,18.4,76,82,137,79,69,74,5.8,177,62,76,91,0.94,107,0.1,47.2,12.5,7,12018,8.7,0,6,5,3.7,3,F,no,activo
PAC005382,84,74.6,143,36.5,123,100,176,103,93,123,5.7,207,64,95,188,0.79,96,3.3,25.9,15.4,0,7328,6.0,5,0,2,11.8,3,M,no,ligero
PAC005383,78,92.0,176,29.7,100,99,151,93,84,127,7.4,264,52,155,292,1.05,75,7.2,44.4,15.3,0,4292,7.6,5,6,2,7.4,3,M,si,ligero
PAC005384,61,88.5,205,21.1,106,105,120,104,75,119,7.7,245,33,174,266,1.46,82,5.6,37.9,16.6,0,3225,9.9,17,21,0,13.7,7,F,no,ligero
PAC005385,33,61.6,174,20.3,66,92,116,72,69,93,5.6,160,62,147,84,1.15,93,0.4,36.9,14.7,9,12496,6.6,5,5,7,8.7,4,F,si,activo
PAC005386,23,50.3,183,15.0,84,96,127,86,72,80,4.6,171,57,97,58,1.5,113,3.6,44.5,13.5,9,13442,8.7,1,0,6,8.2,2,F,si,sedentario
PAC005387,67,78.5,147,36.3,108,98,177,104,91,140,4.9,242,39,139,202,0.46,72,2.7,15.8,16.7,4,9215,6.6,9,3,1,12.5,6,F,no,sedentario
PAC005388,31,73.4,164,27.3,84,105,117,74,69,111,4.9,176,62,157,126,0.93,101,3.3,27.3,13.7,7,14874,7.2,0,2,7,8.7,5,F,si,ligero
PAC005389,58,115.5,140,58.9,116,98,191,90,60,104,5.0,198,42,188,183,0.52,91,2.7,39.8,15.1,5,848,5.1,11,11,1,9.4,4,M,no,activo
PAC005390,74,108.7,198,27.7,102,100,119,92,77,155,8.0,249,35,129,198,1.36,74,8.6,35.0,15.4,0,6629,7.6,10,16,0,10.6,7,M,no,sedentario
PAC005391,18,70.4,178,22.2,76,110,127,58,52,90,5.5,143,59,93,40,0.92,93,0.1,33.0,14.3,4,13175,8.9,3,0,5,6.1,3,F,no,sedentario
PAC005392,60,59.4,148,27.1,78,88,148,87,63,84,5.3,232,72,96,212,0.4,86,3.6,42.6,15.0,0,6437,6.5,1,10,3,16.1,3,M,si,ligero
PAC005393,34,71.0,171,24.3,73,106,116,66,71,93,5.0,192,54,66,40,1.33,111,0.1,47.0,15.7,6,10322,8.4,3,0,5,6.8,3,M,no,activo
PAC005394,73,74.1,140,37.8,93,107,157,85,91,100,4.7,208,31,153,240,0.59,63,5.1,31.9,14.7,0,3318,6.4,11,5,5,13.3,5,M,si,ligero
PAC005395,59,100.6,195,26.5,110,113,142,94,80,107,7.7,218,40,195,237,0.95,76,6.0,46.2,14.7,1,500,9.9,9,9,2,10.8,8,F,si,sedentario
PAC005396,52,67.2,164,25.0,88,87,132,83,78,86,5.5,138,63,116,177,1.11,105,4.4,23.8,13.3,7,9387,8.5,16,23,2,6.9,7,F,no,activo
PAC005397,26,75.5,165,27.7,77,93,105,73,88,70,4.4,240,75,146,131,0.93,80,0.6,32.3,10.4,4,9836,7.4,14,21,3,10.6,8,M,no,activo
PAC005398,70,81.1,200,20.3,115,105,152,76,77,151,7.8,239,40,153,277,1.17,125,5.4,33.3,12.7,0,500,8.8,8,12,2,11.9,6,M,no,sedentario
PAC005399,18,83.1,169,29.1,93,75,112,58,72,84,5.5,180,66,57,159,0.73,81,6.3,38.4,13.9,6,7405,8.0,20,28,1,10.8,8,F,no,sedentario
PAC005400,74,71.1,140,36.3,82,108,141,120,66,114,6.5,236,51,141,252,0.67,68,3.8,30.7,15.6,0,3944,6.9,10,6,2,15.7,8,M,no,sedentario
PAC005401,50,98.2,186,28.4,128,106,133,82,74,129,7.6,254,52,174,251,1.16,97,6.5,38.1,13.4,1,3477,9.8,3,0,2,5.8,10,M,si,sedentario
PAC005402,64,93.9,198,24.0,121,125,133,96,69,132,6.7,270,38,189,187,1.19,81,6.6,44.1,14.6,1,500,9.8,0,0,4,11.2,10,M,no,ligero
PAC005403,79,97.8,192,26.5,119,108,130,74,67,140,6.6,255,44,141,170,1.22,63,7.1,48.3,10.9,1,693,8.5,5,0,0,10.7,9,M,si,ligero
PAC005404,34,90.1,146,42.3,63,111,115,63,76,107,4.8,180,55,109,40,0.82,114,2.8,20.7,10.8,5,10779,7.5,31,27,2,4.4,10,M,no,sedentario
PAC005405,24,81.2,177,25.9,78,121,116,66,87,99,4.0,183,69,92,85,0.92,111,1.3,43.5,15.8,7,11840,9.8,6,0,3,3.7,5,M,no,activo
PAC005406,57,96.3,204,23.1,125,79,99,90,71,108,7.6,246,35,156,314,1.05,86,7.0,43.0,12.4,1,2072,9.8,4,11,2,9.2,6,F,si,sedentario
PAC005407,71,76.1,142,37.7,103,96,160,112,82,149,4.8,295,45,182,197,0.46,73,0.1,26.8,15.6,1,2854,5.2,7,12,2,7.9,8,F,no,sedentario
PAC005408,77,83.0,204,19.9,108,118,157,91,95,125,7.0,243,28,168,202,0.87,78,3.8,30.0,15.6,0,8586,8.3,5,5,1,10.4,8,M,no,sedentario
PAC005409,65,81.1,148,37.0,121,102,157,97,97,100,5.8,230,45,121,184,0.59,59,8.2,29.2,15.7,0,4316,5.5,3,5,1,17.5,7,F,no,sedentario
PAC005410,28,60.8,169,21.3,91,84,131,81,85,76,6.5,178,57,76,151,0.94,101,1.6,24.3,11.9,3,8460,9.6,16,26,0,8.7,6,F,no,sedentario
PAC005411,18,72.1,173,24.1,89,106,102,79,54,66,4.3,153,61,137,40,1.21,110,0.1,38.5,13.2,8,9630,6.9,2,0,2,2.0,5,F,no,sedentario
PAC005412,22,56.5,155,23.5,96,94,146,90,77,115,5.1,170,63,160,101,1.55,91,1.8,22.2,12.6,8,5844,7.7,27,9,0,9.5,8,F,si,activo
PAC005413,21,47.5,157,19.3,79,92,136,61,91,86,4.8,250,70,128,218,1.24,97,0.1,18.5,13.2,3,7089,8.8,29,25,1,11.3,10,F,si,sedentario
PAC005414,24,56.3,164,20.9,79,106,142,73,68,75,4.6,168,62,120,226,1.02,103,0.2,46.4,15.6,8,15938,9.1,0,0,5,5.9,2,F,no,activo
PAC005415,40,66.7,157,27.1,66,86,114,62,64,78,4.0,193,85,136,40,1.17,98,2.3,31.5,14.8,9,12253,8.4,0,5,3,7.9,5,M,si,sedentario
PAC005416,87,94.0,191,25.8,101,109,146,117,80,113,7.1,230,25,193,213,1.18,71,5.7,33.5,14.4,1,2383,9.8,10,6,2,7.3,2,M,si,ligero
PAC005417,32,74.0,151,32.5,94,110,104,60,68,68,4.0,144,87,188,40,1.13,82,1.6,40.7,16.1,7,11453,7.5,11,1,7,7.6,1,F,no,ligero
PAC005418,18,83.3,151,36.5,90,110,118,96,77,60,4.6,147,66,102,131,0.88,99,1.0,14.8,8.4,7,7742,7.4,24,32,3,9.9,8,M,si,ligero
PAC005419,88,82.1,151,36.0,130,95,172,96,88,106,6.6,215,44,164,108,0.63,87,8.4,36.4,17.2,2,1092,5.5,0,3,1,11.0,4,F,si,activo
PAC005420,25,72.3,140,36.9,99,94,128,69,90,76,5.4,168,77,159,101,0.83,86,0.1,10.7,12.3,12,9097,8.6,16,32,1,9.1,8,M,no,sedentario
PAC005421,66,73.8,140,37.7,116,98,123,89,84,103,5.2,252,27,134,206,0.62,72,7.5,24.9,14.3,0,1415,5.4,15,4,4,12.7,5,M,no,sedentario
PAC005422,33,90.8,140,46.3,84,101,150,114,64,85,6.4,192,55,123,95,0.42,78,6.3,30.1,19.0,2,500,6.2,25,10,2,13.6,7,F,si,activo
PAC005423,70,78.0,145,37.1,103,108,148,108,92,107,5.8,169,42,143,292,0.59,50,4.1,44.2,18.0,2,11267,6.6,9,7,1,10.1,7,F,si,sedentario
PAC005424,21,48.4,156,19.9,109,83,90,85,89,96,5.9,179,37,92,138,0.9,125,2.1,15.8,11.5,6,3462,8.2,19,29,3,7.5,7,M,si,ligero
PAC005425,59,93.8,205,22.3,113,98,148,88,77,141,5.9,227,29,140,305,1.18,76,7.0,57.3,16.2,0,1456,8.5,0,0,2,14.0,8,F,no,sedentario
PAC005426,18,72.1,178,22.8,66,112,116,73,69,82,4.8,194,90,112,103,1.1,122,3.5,40.7,14.4,8,14183,8.0,0,0,4,6.0,3,M,no,ligero
PAC005427,76,70.3,151,30.8,113,99,195,111,94,116,5.9,236,54,180,196,0.42,57,1.5,20.7,14.6,1,9924,7.4,12,4,0,12.7,7,F,no,ligero
PAC005428,90,84.7,140,43.2,115,87,200,98,74,72,4.9,238,66,150,147,0.4,74,5.4,38.8,16.2,5,1702,7.0,17,5,3,12.4,6,F,no,sedentario
PAC005429,18,74.7,177,23.8,88,103,117,72,73,60,5.9,167,82,134,96,1.37,98,1.8,40.2,15.4,10,12714,7.4,8,0,4,8.2,4,M,si,ligero
PAC005430,27,40.0,159,15.8,74,101,127,77,52,70,5.1,181,63,70,40,1.42,124,0.1,29.7,15.8,5,14683,9.0,0,0,8,8.3,2,M,si,activo
PAC005431,27,67.8,155,28.2,78,100,127,91,87,94,6.0,177,72,134,162,1.1,104,4.3,21.5,12.6,6,7430,7.7,11,27,2,4.6,10,M,no,activo
PAC005432,29,74.4,165,27.3,76,112,99,71,56,86,4.8,247,56,138,62,1.15,111,2.3,26.5,13.2,10,7860,8.3,4,0,5,6.4,6,F,no,sedentario
PAC005433,19,57.0,169,20.0,89,93,152,74,68,89,6.4,197,57,116,56,0.98,91,0.1,28.2,13.0,9,14324,9.2,2,6,6,2.0,2,F,no,sedentario
PAC005434,26,57.9,156,23.8,92,94,140,87,57,63,4.8,140,92,83,45,1.12,104,0.1,41.5,13.6,8,6898,9.5,0,2,6,5.0,2,F,no,sedentario
PAC005435,54,93.9,189,26.3,116,106,152,85,78,107,7.8,247,25,162,265,1.15,74,3.0,20.4,16.1,0,2525,8.1,29,17,3,8.8,7,F,si,activo
PAC005436,30,63.0,182,19.0,98,118,124,83,53,82,5.0,209,56,101,40,0.99,70,2.8,33.2,15.5,8,14887,8.2,1,3,8,7.9,5,M,no,activo
PAC005437,38,48.9,172,16.5,95,104,95,84,68,99,5.2,227,55,75,94,1.0,93,0.6,26.0,15.9,8,9295,6.6,4,0,4,9.9,2,F,si,sedentario
PAC005438,56,121.8,202,29.9,131,98,133,84,76,114,7.4,219,55,115,231,0.93,97,6.5,53.5,14.7,1,3037,8.6,13,2,3,11.7,9,M,no,sedentario
PAC005439,18,78.8,158,31.6,67,101,124,73,98,90,4.6,181,58,100,177,0.86,87,3.4,31.7,13.8,3,10682,9.4,19,23,3,7.4,7,F,no,ligero
PAC005440,18,83.2,167,29.8,94,90,116,79,63,101,5.5,163,86,89,160,1.2,103,0.3,56.3,16.2,11,12704,10.2,7,0,6,2.9,2,F,no,activo
PAC005441,78,81.8,190,22.7,119,121,127,93,78,139,7.0,214,34,188,313,1.36,92,6.3,16.2,14.1,0,500,9.6,8,0,2,12.2,5,F,no,ligero
PAC005442,69,89.2,180,27.5,112,92,132,72,80,102,7.9,260,56,174,234,1.17,74,8.0,32.9,16.8,1,4512,9.2,12,6,2,7.9,10,M,si,sedentario
PAC005443,78,78.0,153,33.3,121,114,145,114,78,92,4.5,205,36,151,172,0.57,82,4.9,23.7,15.2,4,4819,5.4,5,6,1,14.0,5,M,no,sedentario
PAC005444,65,70.0,155,29.1,95,81,157,87,81,115,6.7,194,63,141,269,0.4,66,6.2,30.5,17.4,7,4420,6.0,6,0,3,16.6,8,M,si,activo
PAC005445,73,63.5,152,27.5,120,106,159,107,79,95,5.3,197,29,106,40,0.66,70,4.6,40.9,16.6,0,714,3.6,11,10,3,9.8,7,F,no,ligero
PAC005446,21,67.5,150,30.0,68,97,102,79,74,69,5.6,229,65,129,61,1.01,99,2.4,43.3,16.6,3,12298,7.6,2,0,7,6.6,3,M,si,activo
PAC005447,71,92.1,202,22.6,115,89,121,85,80,109,6.5,238,35,136,389,1.13,69,9.5,26.2,14.4,0,7633,10.7,3,5,5,8.0,8,M,si,ligero
PAC005448,45,48.8,160,19.1,112,101,99,63,88,73,4.1,198,59,138,159,0.54,114,1.6,18.6,12.0,9,9853,7.9,14,29,1,12.5,8,F,no,sedentario
PAC005449,18,70.1,162,26.7,99,94,122,74,71,74,5.9,164,70,91,40,1.36,93,0.8,45.8,13.9,7,14344,8.7,5,0,5,2.0,6,F,si,activo
PAC005450,25,58.1,154,24.5,62,104,96,77,65,107,5.2,221,75,90,40,0.68,100,2.2,30.0,13.3,4,7037,7.4,11,1,4,4.6,4,M,no,ligero
PAC005451,72,102.5,145,48.8,123,88,171,96,87,80,5.5,214,47,99,164,0.56,44,10.2,27.3,17.1,0,7177,8.2,10,0,0,9.3,6,M,no,sedentario
PAC005452,18,73.7,171,25.2,93,92,129,59,65,71,4.7,199,58,116,107,0.78,93,0.1,26.3,17.7,10,9637,8.1,0,2,7,3.8,4,M,si,ligero
PAC005453,18,52.4,156,21.5,67,89,129,85,64,85,6.0,220,50,116,74,1.09,97,3.4,31.4,11.7,9,6940,8.5,12,27,3,11.5,8,F,si,activo
PAC005454,80,86.5,204,20.8,122,117,123,71,79,135,7.1,248,25,140,262,1.16,87,7.0,25.6,12.6,0,3916,11.0,21,0,0,12.3,6,F,si,ligero
PAC005455,27,109.8,189,30.7,115,105,145,97,88,101,5.5,213,30,160,236,1.11,71,9.7,40.1,14.2,2,6918,8.3,1,8,3,12.0,9,F,si,sedentario
PAC005456,70,83.2,150,37.0,76,88,151,109,79,90,5.9,224,34,176,89,0.76,93,2.8,33.7,14.5,0,6533,6.1,7,8,1,7.7,6,F,si,sedentario
PAC005457,18,59.3,140,30.3,87,97,121,78,83,77,5.3,206,71,78,184,0.74,99,0.2,5.0,11.4,0,11075,8.1,32,21,0,5.9,10,F,no,sedentario
PAC005458,29,66.6,165,24.5,64,97,113,82,67,106,4.9,148,52,144,121,1.21,74,2.0,41.5,15.3,5,11597,7.9,2,5,4,4.3,2,F,no,activo
PAC005459,44,40.0,161,15.4,60,88,110,87,49,99,5.7,205,80,144,71,0.95,104,4.5,34.9,14.1,9,10056,9.6,0,12,6,4.9,3,F,no,sedentario
PAC005460,86,89.0,156,36.6,119,108,192,82,75,119,5.2,213,43,136,277,0.56,65,4.3,28.2,16.2,5,500,6.2,13,9,3,9.7,8,M,no,sedentario
PAC005461,18,54.8,160,21.4,64,98,152,75,69,84,4.6,142,68,126,40,1.36,109,5.6,46.3,14.0,13,13224,8.3,6,16,6,9.6,5,F,no,ligero
PAC005462,85,74.2,175,24.2,103,102,163,102,77,88,5.7,200,29,137,169,0.59,59,6.5,37.0,14.2,0,8778,5.1,14,1,0,13.9,10,F,no,ligero
PAC005463,85,68.8,147,31.8,100,100,141,84,86,91,6.5,222,32,152,110,0.4,66,1.3,35.7,14.7,0,2806,5.1,7,4,2,8.7,7,M,si,activo
PAC005464,25,90.8,160,35.5,99,94,90,79,78,92,6.1,164,62,117,111,1.0,109,3.5,28.1,13.0,0,10251,7.8,23,22,3,5.6,5,F,si,ligero
PAC005465,59,95.2,193,25.6,93,107,127,80,77,118,6.1,297,25,133,364,0.95,70,3.2,43.7,14.6,0,2746,8.9,2,7,2,11.7,4,M,si,sedentario
PAC005466,25,65.6,151,28.8,82,85,97,78,87,101,5.8,173,70,159,128,1.17,107,0.1,19.3,13.1,5,10814,9.4,19,28,3,11.6,8,F,si,sedentario
PAC005467,34,56.2,150,25.0,85,96,105,74,72,74,4.3,152,56,136,137,1.02,98,6.0,31.8,9.0,8,6956,9.3,22,28,2,11.1,10,F,si,sedentario
PAC005468,25,62.9,169,22.0,77,99,109,65,71,81,5.8,172,62,145,85,1.17,88,4.3,40.1,16.3,12,13880,5.9,4,3,6,3.4,0,F,no,sedentario
PAC005469,30,75.7,146,35.5,70,92,95,66,58,89,5.9,179,93,81,40,1.12,109,0.1,54.9,13.9,15,12400,10.0,11,0,5,5.8,4,M,no,sedentario
PAC005470,68,59.2,140,30.2,114,102,139,102,96,88,5.2,190,36,134,159,0.42,88,5.5,50.9,16.3,0,500,4.8,7,1,4,10.2,7,M,no,sedentario
PAC005471,85,76.3,150,33.9,102,87,164,99,77,88,5.2,242,34,154,71,0.48,58,4.9,41.5,16.2,0,6389,4.5,17,3,2,15.6,8,M,no,sedentario
PAC005472,29,69.9,154,29.5,80,110,127,79,58,100,5.5,121,74,79,224,0.97,99,3.9,31.7,14.8,10,9900,6.7,0,0,4,6.6,3,M,si,ligero
PAC005473,32,65.7,175,21.5,74,99,94,50,65,86,4.7,170,45,131,74,0.86,86,0.1,41.6,14.7,5,8781,9.3,8,1,7,4.2,4,F,no,ligero
PAC005474,79,101.5,165,37.3,86,104,166,103,77,129,5.7,251,62,153,213,0.85,69,8.7,27.7,14.7,3,500,4.7,11,5,4,18.8,2,F,si,sedentario
PAC005475,26,50.1,187,14.3,67,110,126,60,63,60,4.1,224,80,130,170,1.15,108,0.1,34.1,12.9,13,9671,8.6,10,0,7,5.4,2,M,no,sedentario
PAC005476,90,95.3,152,41.2,106,87,172,105,67,115,6.2,243,31,121,117,0.73,73,4.2,31.3,19.0,0,6033,5.4,9,0,0,12.4,6,M,si,sedentario
PAC005477,18,57.1,172,19.3,87,112,133,72,52,116,5.0,164,77,105,40,0.95,110,0.1,35.3,14.5,10,7070,7.2,12,9,7,3.4,3,F,no,ligero
PAC005478,50,63.4,169,22.2,81,77,162,59,57,91,4.0,177,62,63,114,1.18,84,0.6,30.3,12.1,10,11949,6.0,5,0,6,5.9,4,M,si,ligero
PAC005479,33,72.1,157,29.3,72,75,111,72,57,89,4.9,178,57,103,70,1.28,107,5.0,31.9,13.8,9,12392,8.0,0,0,4,3.6,4,F,si,activo
PAC005480,53,117.6,149,53.0,125,92,155,98,88,102,5.2,201,49,135,171,0.5,81,4.5,30.8,14.6,0,500,4.2,5,1,2,9.9,7,M,no,activo
PAC005481,61,73.9,143,36.1,111,111,151,99,62,114,5.6,237,37,153,139,0.63,67,1.8,34.1,14.6,0,1840,5.9,10,0,4,10.8,9,M,no,sedentario
PAC005482,27,69.7,171,23.8,69,99,122,82,65,121,4.9,230,73,85,40,0.87,92,0.1,32.7,16.0,6,10851,7.8,0,0,6,3.1,5,F,no,activo
PAC005483,46,61.2,158,24.5,116,107,153,111,83,116,6.3,311,44,102,83,0.56,69,7.0,34.9,15.2,2,3813,6.5,2,11,2,12.2,10,F,si,ligero
PAC005484,72,88.1,143,43.1,103,80,169,98,69,105,6.6,218,45,148,176,0.78,105,1.0,32.5,15.7,5,1556,5.3,18,0,6,11.7,5,M,si,ligero
PAC005485,38,47.8,172,16.2,80,105,128,77,56,64,4.0,143,56,94,217,1.14,46,2.5,47.6,16.2,13,13891,9.6,0,0,4,8.0,7,F,no,sedentario
PAC005486,40,62.9,153,26.9,93,81,90,83,93,110,5.1,179,65,111,114,0.64,98,2.9,25.8,10.1,5,8035,8.3,11,13,4,9.1,8,M,no,activo
PAC005487,41,49.2,156,20.2,92,88,116,77,74,94,5.3,216,52,91,135,1.19,90,1.2,22.3,12.7,4,5271,9.2,21,16,1,8.2,10,M,no,sedentario
PAC005488,27,66.9,160,26.1,97,90,150,79,76,112,4.9,209,45,130,114,0.68,110,2.4,15.1,13.1,7,12159,7.1,28,31,0,8.8,7,F,no,ligero
PAC005489,72,100.5,152,43.5,103,88,154,84,70,72,4.8,253,52,127,213,0.74,62,5.4,33.0,16.5,0,6210,5.9,10,20,1,8.2,4,F,si,ligero
PAC005490,29,77.8,158,31.2,63,106,122,60,84,83,5.1,194,50,137,173,0.88,124,4.3,21.3,11.4,5,11250,6.8,15,39,1,8.0,10,F,no,sedentario
PAC005491,70,89.3,205,21.2,123,108,120,89,83,129,8.4,229,49,124,278,1.19,86,6.9,39.6,14.9,1,3011,9.3,5,5,2,9.8,5,M,si,ligero
PAC005492,47,93.2,199,23.5,105,109,144,90,69,148,7.0,268,36,187,253,1.22,98,7.8,34.5,15.0,2,2581,7.4,17,5,0,12.1,5,F,si,sedentario
PAC005493,72,88.5,142,43.9,94,92,166,82,83,102,6.1,190,45,152,254,0.68,56,8.9,28.1,15.2,0,4005,6.0,23,2,3,10.3,9,M,si,sedentario
PAC005494,90,89.8,195,23.6,112,102,135,95,93,136,8.2,240,34,113,263,1.2,74,6.1,32.1,15.7,0,4822,8.5,15,3,1,14.2,9,M,si,sedentario
PAC005495,28,55.5,156,22.8,90,87,112,84,89,89,6.2,205,57,97,82,0.68,92,3.0,9.7,13.6,7,9734,8.3,21,33,2,6.7,5,F,si,activo
PAC005496,49,75.1,167,26.9,97,105,118,71,56,87,5.1,156,70,65,86,1.18,99,0.1,27.2,18.2,8,13687,9.5,0,0,5,3.8,3,F,no,sedentario
PAC005497,81,93.5,198,23.8,103,99,147,90,87,137,7.0,263,43,179,244,1.12,69,6.8,38.3,14.3,0,3463,8.2,14,0,2,8.7,10,F,si,sedentario
PAC005498,68,73.1,192,19.8,128,87,145,83,77,106,7.0,214,28,120,190,1.57,69,7.3,28.5,16.4,0,5287,9.8,21,0,0,8.9,8,F,no,ligero
PAC005499,59,89.0,140,45.4,100,97,150,114,87,98,6.3,217,41,195,128,0.55,71,1.1,34.5,16.8,1,3161,7.9,0,6,2,12.5,8,M,si,sedentario
PAC005500,28,64.0,169,22.4,72,94,115,69,71,68,4.8,137,53,119,46,0.9,96,0.1,32.3,13.3,9,15083,7.6,0,0,8,3.9,0,F,no,ligero
PAC005501,68,82.7,190,22.9,108,87,173,82,84,134,8.2,299,25,134,201,1.13,78,3.2,25.4,15.1,0,979,9.2,11,1,0,14.0,8,M,no,sedentario
PAC005502,60,75.5,194,20.1,107,81,153,94,69,135,7.1,238,28,202,259,1.28,81,4.2,32.0,17.4,0,1507,8.2,13,11,0,7.6,7,F,si,sedentario
PAC005503,53,82.2,150,36.5,94,107,167,94,75,133,7.6,220,34,127,162,0.41,71,5.3,20.6,14.8,0,3485,4.9,11,6,4,12.2,10,M,no,sedentario
PAC005504,23,42.8,164,15.9,76,81,137,65,72,101,4.4,159,73,56,40,1.27,107,2.9,35.3,15.6,11,14055,8.4,9,0,4,6.7,0,F,no,activo
PAC005505,32,58.9,160,23.0,61,111,131,64,71,78,5.0,168,62,51,40,1.2,102,0.1,36.9,13.4,4,12203,7.9,0,1,4,8.2,5,M,no,activo
PAC005506,34,82.4,155,34.3,95,82,92,76,91,96,5.1,211,67,111,131,0.95,122,0.1,20.5,12.4,4,7136,7.4,18,13,1,6.3,7,M,si,sedentario
PAC005507,39,56.8,173,19.0,62,87,124,70,78,117,5.9,195,90,154,78,1.17,119,0.1,35.1,13.4,11,17668,8.1,3,8,4,4.0,4,F,no,ligero
PAC005508,64,73.3,153,31.3,81,89,182,98,86,131,6.0,272,45,153,128,0.52,84,5.9,38.2,16.7,2,500,5.7,8,16,3,12.3,9,M,si,activo
PAC005509,50,81.3,205,19.3,110,100,136,92,67,123,7.1,233,42,154,193,1.41,60,9.1,48.7,12.3,0,1899,8.3,29,3,2,9.6,10,F,si,activo
PAC005510,64,77.7,148,35.5,104,97,143,113,72,90,6.0,230,34,114,216,0.77,87,8.0,30.5,17.3,0,5579,7.3,7,7,2,9.7,3,F,si,sedentario
PAC005511,77,89.8,140,45.8,129,94,166,98,73,138,5.1,227,36,177,130,0.48,77,3.0,23.6,14.9,0,6906,5.7,7,9,2,13.6,5,F,no,sedentario
PAC005512,25,78.9,157,32.0,84,83,114,64,78,85,5.8,194,54,117,201,0.42,101,4.6,30.4,11.7,6,10028,9.2,15,17,0,9.7,9,M,no,sedentario
PAC005513,75,101.9,191,27.9,130,117,129,81,75,112,6.6,231,49,141,236,1.38,89,9.6,37.6,15.2,0,4595,7.8,14,8,1,8.3,6,F,no,sedentario
PAC005514,55,117.0,195,30.8,99,84,143,76,78,169,8.2,260,25,129,246,0.82,65,5.8,40.0,14.8,2,6402,8.6,12,4,1,10.3,4,F,si,sedentario
PAC005515,29,58.2,140,29.7,77,101,121,72,67,78,5.1,136,90,75,40,0.93,105,0.1,42.3,11.4,5,12978,9.3,2,4,5,8.3,2,M,no,sedentario
PAC005516,39,63.7,175,20.8,87,85,103,94,68,83,5.9,120,77,133,179,0.87,109,1.0,26.8,10.6,7,8529,7.0,10,9,2,15.9,7,M,no,sedentario
PAC005517,37,64.1,156,26.3,99,99,119,71,63,65,4.1,120,74,94,57,1.26,118,0.1,27.6,15.5,11,12581,8.3,5,0,5,10.1,3,M,no,sedentario
PAC005518,18,63.9,147,29.6,97,108,112,68,60,124,5.3,137,48,103,144,1.01,113,0.1,31.6,13.2,3,13542,9.7,0,0,6,4.8,3,F,no,sedentario
PAC005519,26,67.8,177,21.6,66,95,129,67,69,125,5.4,151,55,121,40,1.39,99,3.6,24.4,16.6,6,10947,7.9,9,3,7,4.6,0,F,no,ligero
PAC005520,78,78.0,146,36.6,115,95,170,104,86,80,6.2,206,45,134,128,0.59,89,7.2,27.3,14.5,6,5220,6.9,4,0,3,14.3,6,F,no,activo
PAC005521,61,86.9,205,20.7,116,111,135,89,75,136,6.9,257,50,187,247,1.43,67,5.2,47.1,14.3,0,500,8.0,14,12,3,14.4,9,M,si,sedentario
PAC005522,24,57.8,175,18.9,90,115,129,65,60,114,5.8,214,62,102,135,1.11,127,0.5,36.9,14.0,6,17190,7.8,0,4,4,7.4,3,M,no,activo
PAC005523,18,64.4,160,25.2,79,107,137,63,55,107,5.9,149,79,96,172,0.7,80,1.7,33.0,15.2,14,8357,9.3,9,13,4,9.3,4,F,no,ligero
PAC005524,56,114.8,204,27.6,113,105,146,95,79,142,7.4,256,41,159,333,1.23,59,8.1,34.0,17.2,1,2291,7.1,4,13,2,10.7,10,M,si,sedentario
PAC005525,24,68.2,159,27.0,117,85,125,74,68,96,4.9,184,48,155,156,0.85,108,1.4,14.1,11.3,4,11921,9.1,18,29,1,12.9,6,F,no,sedentario
PAC005526,33,97.8,159,38.7,98,100,112,74,91,104,4.8,172,79,103,128,1.1,82,0.9,12.1,10.3,5,8369,8.4,16,14,0,7.4,10,M,no,activo
PAC005527,57,100.0,140,51.0,94,104,168,98,75,88,5.5,248,51,173,221,0.67,64,6.5,21.3,16.0,9,5035,6.3,4,2,2,18.9,8,M,no,sedentario
PAC005528,77,100.4,197,25.9,111,107,142,99,90,150,7.5,219,38,210,279,1.16,73,7.9,45.8,13.0,0,3522,9.7,10,8,3,9.0,8,M,no,ligero
PAC005529,44,108.5,188,30.7,114,103,126,88,66,87,7.2,219,35,161,326,1.19,87,6.3,33.6,15.3,0,4720,8.3,0,3,2,14.2,10,M,no,sedentario
PAC005530,18,40.4,167,14.5,85,108,135,54,57,88,5.1,177,45,111,208,1.12,95,1.0,48.3,14.7,12,11833,10.7,0,10,3,7.4,4,M,si,activo
PAC005531,33,80.5,171,27.5,75,89,129,78,54,74,4.3,180,55,113,125,1.14,85,5.3,38.5,14.6,7,12717,8.1,4,0,7,9.1,0,M,si,sedentario
PAC005532,26,55.0,176,17.8,85,112,104,79,58,70,4.7,176,95,104,227,0.97,105,1.7,24.2,14.9,3,9889,8.7,12,0,10,4.0,5,M,no,activo
PAC005533,18,59.6,167,21.4,78,102,113,77,79,95,4.2,215,71,104,40,1.07,90,5.8,29.6,11.6,9,10534,7.4,17,34,4,10.7,7,M,no,ligero
PAC005534,68,114.3,196,29.8,115,88,140,93,77,151,8.1,272,56,166,318,1.15,50,6.3,41.8,13.5,0,3671,5.8,15,12,2,15.6,7,M,si,sedentario
PAC005535,79,80.5,140,41.1,139,101,170,102,82,78,6.2,253,62,102,199,0.4,74,5.4,39.2,13.5,0,4288,3.6,4,16,3,11.0,9,F,no,ligero
PAC005536,32,97.2,163,36.6,78,83,108,74,62,103,4.3,262,68,80,103,1.14,112,1.2,27.5,12.5,6,5907,9.3,29,27,0,11.2,7,F,no,ligero
PAC005537,18,64.6,168,22.9,79,102,106,63,67,62,4.9,182,47,130,40,0.8,105,2.8,38.2,13.0,9,9620,8.1,5,0,5,4.0,3,M,no,ligero
PAC005538,41,80.9,167,29.0,76,88,130,102,82,107,5.3,110,57,66,40,0.9,89,3.9,22.0,11.0,6,3627,6.6,21,14,0,10.0,10,M,si,ligero
PAC005539,25,67.5,169,23.6,89,101,114,71,50,97,5.6,210,74,93,93,1.35,92,0.1,30.7,14.7,8,16192,6.5,0,0,5,6.3,4,F,si,ligero
PAC005540,57,64.7,147,29.9,98,96,187,99,86,85,6.3,226,60,183,196,0.56,73,4.7,41.2,17.7,0,2590,4.9,0,8,1,15.3,6,F,no,sedentario
PAC005541,54,80.2,200,20.0,127,89,133,84,52,137,6.9,258,48,158,174,1.34,79,8.8,30.8,16.0,0,500,10.9,20,0,3,11.0,4,M,si,sedentario
PAC005542,29,67.9,162,25.9,72,102,125,54,60,123,5.2,175,59,114,120,1.09,115,2.4,30.4,13.0,9,9160,9.2,0,0,5,2.8,0,M,no,sedentario
PAC005543,27,48.2,152,20.9,79,87,134,75,74,82,5.0,152,55,112,204,1.08,78,1.3,16.2,11.4,6,6137,7.6,13,8,0,9.1,3,M,no,sedentario
PAC005544,18,73.3,172,24.8,81,105,124,75,63,80,5.9,186,73,73,99,1.24,92,3.0,16.9,13.9,9,15490,9.5,0,0,7,7.6,0,M,no,ligero
PAC005545,38,61.6,142,30.5,76,107,90,67,59,72,5.2,199,56,86,101,1.04,112,1.0,27.8,15.3,5,14018,5.4,0,8,10,8.5,2,F,si,ligero
PAC005546,46,80.2,160,31.3,70,105,98,69,68,79,5.3,165,84,85,40,0.78,129,3.6,24.4,14.2,6,15363,7.4,2,0,5,9.0,3,F,si,activo
PAC005547,59,105.2,205,25.0,101,91,127,90,69,151,6.7,305,33,180,317,1.25,71,3.2,30.1,14.6,0,500,9.7,0,3,3,10.8,6,M,si,ligero
PAC005548,78,78.9,200,19.7,117,105,140,71,67,125,7.4,251,49,142,232,1.05,117,7.7,38.1,17.9,0,5635,8.8,10,2,3,8.1,7,M,no,sedentario
PAC005549,72,84.2,140,43.0,91,90,157,83,77,105,4.5,228,50,112,236,0.4,51,5.5,35.7,16.6,2,5447,8.0,17,0,3,12.8,9,F,no,sedentario
PAC005550,35,85.0,179,26.5,60,120,123,70,69,62,5.2,177,72,114,141,0.9,93,3.3,39.1,15.5,7,14246,8.8,3,1,5,2.0,0,M,si,sedentario
PAC005551,73,73.5,140,37.5,112,95,169,112,88,98,6.5,246,27,177,190,0.57,57,5.1,34.7,14.6,0,4943,7.3,10,3,4,12.8,8,M,si,ligero
PAC005552,21,40.0,172,13.5,61,120,110,86,66,114,5.5,214,53,50,127,1.18,84,0.1,39.1,18.0,9,10179,9.2,10,0,6,2.0,1,M,no,activo
PAC005553,67,85.1,195,22.4,129,107,145,82,79,140,7.2,267,25,144,245,1.1,61,2.8,32.1,14.2,3,4143,8.7,13,1,3,11.0,9,M,si,sedentario
PAC005554,85,93.7,147,43.4,110,96,173,95,65,94,5.8,210,29,168,183,0.75,79,5.4,28.0,16.6,1,6774,6.0,17,2,2,9.8,5,M,si,sedentario
PAC005555,40,66.3,170,22.9,104,99,145,54,60,60,4.0,158,66,49,125,1.22,112,2.4,28.2,12.7,9,9895,8.4,8,8,6,5.2,3,M,no,activo
PAC005556,23,59.7,151,26.2,71,101,122,78,64,88,5.0,155,66,127,40,0.89,94,0.6,32.5,14.9,8,11976,8.5,7,0,6,7.1,3,F,si,sedentario
PAC005557,50,90.4,141,45.5,102,103,161,110,85,89,4.7,263,45,151,158,0.6,88,10.0,16.7,15.5,0,3441,3.8,17,0,1,13.2,7,F,no,sedentario
PAC005558,73,86.8,192,23.5,128,91,153,100,73,130,8.3,254,42,158,185,0.85,71,7.5,42.1,16.4,2,4453,8.5,15,14,1,14.3,6,M,no,sedentario
PAC005559,61,66.1,143,32.3,114,88,150,110,83,125,5.2,204,41,180,133,0.4,90,3.7,26.6,17.4,1,2269,6.9,13,7,2,12.8,9,F,si,sedentario
PAC005560,74,109.5,195,28.8,122,105,136,87,75,158,7.5,244,26,167,216,0.88,52,5.6,30.6,15.6,0,2595,7.9,15,16,1,16.0,10,M,si,activo
PAC005561,37,79.9,171,27.3,92,106,125,77,63,107,4.7,175,61,92,154,1.05,68,4.6,40.3,15.3,9,15435,9.2,14,0,5,9.9,4,F,no,activo
PAC005562,18,61.6,166,22.4,92,119,125,71,69,88,4.3,177,57,60,84,1.26,98,2.1,20.6,16.4,4,11574,8.8,16,0,7,6.3,3,F,si,sedentario
PAC005563,61,81.7,162,31.1,99,106,132,94,60,75,6.0,210,30,141,108,0.4,66,3.5,38.4,16.4,1,4497,8.4,6,3,3,12.8,9,F,no,sedentario
PAC005564,89,88.3,140,45.1,107,105,145,101,74,84,5.5,213,49,144,144,0.4,56,3.9,32.0,14.6,0,5869,5.9,28,8,3,11.6,4,F,no,sedentario
PAC005565,81,74.9,186,21.6,119,106,166,84,89,103,6.4,262,36,184,245,1.01,69,6.0,59.1,13.0,0,2921,10.2,0,15,0,8.2,9,M,si,ligero
PAC005566,49,76.7,152,33.2,113,103,165,106,84,115,6.5,217,47,100,175,0.4,66,2.2,34.7,15.3,1,4278,5.6,18,0,4,12.6,9,F,no,ligero
PAC005567,73,88.8,140,45.3,110,120,148,82,88,113,4.8,231,43,159,229,0.4,53,3.3,22.7,18.3,0,4679,5.9,4,0,3,14.9,10,F,no,sedentario
PAC005568,48,62.3,140,31.8,82,82,111,71,59,97,5.0,162,54,99,122,1.05,84,0.1,42.2,14.6,6,10645,11.0,2,2,5,2.0,6,M,no,ligero
PAC005569,85,90.9,149,40.9,83,91,148,92,102,115,5.6,252,47,161,170,0.4,81,5.4,30.7,15.4,5,7188,6.8,11,0,0,14.0,10,M,no,sedentario
PAC005570,60,101.4,149,45.7,92,83,156,95,94,96,5.9,248,35,146,127,0.4,66,8.1,26.9,14.9,0,9280,6.3,5,5,1,12.8,7,M,si,sedentario
PAC005571,72,87.4,205,20.8,117,121,145,81,79,141,8.2,220,45,102,237,1.04,84,8.1,32.1,13.9,0,4706,8.4,18,0,2,11.2,5,F,si,sedentario
PAC005572,30,86.8,166,31.5,78,112,104,53,84,111,4.7,230,55,81,137,0.46,100,6.5,10.1,11.3,6,7305,7.9,15,28,3,15.3,8,M,si,ligero
PAC005573,24,58.3,165,21.4,77,108,98,68,80,60,5.5,172,71,106,125,1.14,108,9.0,42.6,16.4,9,13337,9.1,9,7,6,2.0,2,F,no,sedentario
PAC005574,42,53.4,170,18.5,89,102,116,81,61,95,5.1,183,77,40,40,0.71,84,0.1,43.2,15.6,6,12877,6.8,11,0,6,4.6,1,M,si,sedentario
PAC005575,18,69.8,163,26.3,88,107,128,83,51,94,4.8,169,67,89,40,1.0,82,2.9,46.5,15.4,7,18935,9.2,3,12,7,11.4,2,M,no,sedentario
PAC005576,27,76.8,162,29.3,84,106,99,93,78,60,6.4,174,77,91,104,0.98,115,0.1,20.3,11.6,6,8558,6.9,18,17,2,8.0,7,M,si,activo
PAC005577,77,91.7,196,23.9,96,107,143,90,72,148,7.4,330,45,163,217,1.13,76,5.6,37.1,15.9,0,6724,7.6,13,18,0,9.0,8,M,no,sedentario
PAC005578,65,91.1,187,26.1,96,102,141,95,75,120,7.7,288,32,122,189,1.08,50,3.7,33.6,13.4,0,4484,9.1,6,14,1,9.8,4,M,no,sedentario
PAC005579,28,84.2,155,35.0,105,104,137,72,73,84,6.1,182,65,117,73,1.17,70,0.7,31.1,13.3,1,6909,7.1,20,24,0,8.4,8,F,no,ligero
PAC005580,27,103.7,161,40.0,66,101,123,86,84,66,5.7,167,72,136,84,1.03,92,4.3,39.4,11.6,3,6844,8.2,18,28,1,9.8,10,M,si,activo
PAC005581,18,69.5,163,26.2,92,87,122,77,56,100,5.7,244,67,112,114,1.05,98,0.8,52.2,14.3,6,13425,9.2,11,8,7,3.0,3,M,no,ligero
PAC005582,52,106.8,199,27.0,102,107,132,96,77,116,6.9,232,48,149,303,1.02,73,6.9,35.9,12.1,0,500,9.3,8,15,1,9.3,7,M,no,ligero
PAC005583,56,65.1,163,24.5,113,98,158,103,72,72,6.5,234,45,201,67,0.54,58,3.1,31.2,17.8,1,4700,4.2,13,6,1,13.8,9,F,si,sedentario
PAC005584,41,75.2,156,30.9,60,103,143,80,68,103,4.3,141,63,107,40,1.03,95,1.2,23.7,16.7,11,13028,6.7,2,0,5,6.7,0,M,no,ligero
PAC005585,47,40.0,149,18.0,88,94,118,59,57,86,4.5,162,78,90,50,1.18,120,0.1,41.6,13.8,8,15490,8.2,0,0,5,7.1,3,M,no,sedentario
PAC005586,67,85.1,204,20.4,112,88,150,94,87,117,7.3,219,28,164,231,1.19,87,8.8,41.4,15.1,1,5121,6.6,13,11,3,9.4,10,M,no,ligero
PAC005587,86,72.3,205,17.2,125,118,134,89,97,110,6.4,216,35,116,286,1.06,99,5.9,40.7,16.7,0,7442,10.5,8,15,0,11.5,10,M,no,sedentario
PAC005588,34,74.4,173,24.9,99,94,130,71,80,97,5.4,163,54,132,176,0.84,82,4.4,20.5,13.1,4,9585,6.9,14,27,0,10.2,5,F,no,activo
PAC005589,22,50.5,146,23.7,111,107,90,83,73,76,5.1,171,86,74,61,0.79,117,1.7,33.1,12.6,5,11983,7.9,17,14,3,5.7,6,M,no,activo
PAC005590,76,112.1,185,32.8,120,95,150,76,81,167,8.5,205,57,170,244,1.04,90,10.6,23.4,14.9,0,500,10.0,10,23,0,14.2,10,F,si,sedentario
PAC005591,36,52.0,161,20.1,78,91,111,73,62,95,5.2,206,61,72,43,1.4,118,0.1,36.5,13.9,6,11207,7.6,0,0,7,5.0,0,M,no,activo
PAC005592,30,76.5,163,28.8,90,92,110,62,59,94,5.2,197,54,91,174,1.01,67,4.4,36.8,14.8,8,12157,10.8,1,0,6,8.5,2,M,no,sedentario
PAC005593,36,56.1,154,23.7,90,101,134,76,83,92,5.0,213,73,114,151,0.97,87,4.2,20.3,12.3,8,9619,8.7,10,16,1,12.6,7,F,no,activo
PAC005594,77,112.9,159,44.7,91,81,153,101,89,90,5.7,172,49,176,206,0.44,86,0.8,15.9,15.1,3,4410,6.6,14,14,0,7.3,5,M,si,sedentario
PAC005595,66,89.0,154,37.5,107,78,161,112,84,84,7.4,210,37,131,221,0.78,108,3.8,37.3,14.9,2,6678,6.8,16,0,1,11.5,6,M,si,sedentario
PAC005596,60,103.8,187,29.7,112,93,121,90,83,158,6.8,241,26,172,240,1.23,99,9.6,43.4,14.0,3,915,9.1,6,8,0,9.8,8,M,si,ligero
PAC005597,56,85.2,197,22.0,137,89,155,85,89,154,6.8,240,45,172,350,1.14,71,8.1,48.2,14.8,2,735,9.2,7,0,0,11.1,8,M,si,sedentario
PAC005598,60,97.7,205,23.2,121,101,139,86,69,107,7.7,246,56,168,177,1.2,93,7.2,41.7,14.3,0,500,8.0,15,7,0,12.8,6,F,si,ligero
PAC005599,28,66.7,158,26.7,89,91,113,88,53,68,5.5,190,78,101,169,1.17,108,0.1,44.9,14.9,6,12235,7.6,0,12,6,6.2,0,F,no,activo
PAC005600,71,92.7,199,23.4,112,113,153,83,104,130,6.2,239,25,116,262,0.88,50,6.4,36.1,15.1,0,7197,9.6,7,5,1,10.3,7,M,si,sedentario
PAC005601,77,93.3,195,24.5,107,120,131,79,89,140,6.6,271,41,139,223,1.22,89,7.8,39.8,13.6,0,4298,9.1,28,9,1,15.6,6,M,si,ligero
PAC005602,18,72.9,164,27.1,93,101,148,78,62,102,5.2,178,70,82,129,1.05,94,3.7,23.2,9.7,4,6876,6.7,21,28,0,9.0,7,M,no,activo
PAC005603,30,70.6,168,25.0,77,103,128,71,60,80,4.9,176,69,136,40,1.46,130,0.1,40.4,14.7,8,14050,9.5,3,0,6,4.4,5,M,no,ligero
PAC005604,33,61.6,163,23.2,72,112,97,93,87,124,6.0,179,63,175,117,1.15,82,6.2,31.6,11.9,5,9042,7.2,16,19,0,5.6,7,M,no,activo
PAC005605,41,63.0,172,21.3,76,107,98,86,59,79,5.0,154,53,64,81,1.07,100,0.1,30.7,14.9,9,14240,7.9,3,0,5,2.0,2,F,no,activo
PAC005606,18,59.3,159,23.5,87,107,122,64,72,79,4.8,205,69,104,138,0.64,84,1.8,29.4,14.3,9,11524,9.6,4,0,7,5.6,2,F,no,ligero
PAC005607,74,70.2,156,28.8,97,95,180,120,94,77,5.4,212,45,163,131,0.4,70,4.0,35.0,14.3,2,1059,5.9,5,0,3,14.8,10,F,no,sedentario
PAC005608,40,84.3,162,32.1,103,96,110,70,69,157,6.3,159,67,84,54,0.56,115,3.1,35.4,12.1,9,5742,7.2,25,24,1,8.3,8,F,no,sedentario
PAC005609,64,91.5,142,45.4,92,101,142,104,66,98,5.2,240,53,151,185,0.4,64,5.9,17.4,15.7,0,3986,6.4,20,4,5,11.5,10,M,no,ligero
PAC005610,25,48.7,163,18.3,84,95,135,58,55,94,4.8,157,59,126,92,1.18,93,0.1,35.2,14.1,12,14078,9.9,3,0,2,6.0,5,M,si,activo
PAC005611,42,70.5,158,28.2,67,101,108,72,62,86,5.9,244,77,113,57,1.37,110,0.8,37.3,15.6,0,11096,10.7,11,4,3,7.8,4,M,si,sedentario
PAC005612,41,62.7,169,22.0,91,92,116,70,62,83,4.9,159,52,115,40,0.95,116,0.1,36.0,16.3,8,15097,10.5,14,0,7,4.7,1,F,no,ligero
PAC005613,29,86.6,162,33.0,78,100,102,76,63,98,5.2,189,75,111,95,1.23,118,0.8,46.2,17.1,7,9934,8.1,14,0,3,4.4,4,M,no,sedentario
PAC005614,84,62.6,146,29.4,94,100,140,114,62,94,5.5,167,34,124,212,0.4,40,3.0,29.7,16.6,2,4406,7.2,11,0,2,12.3,5,F,no,sedentario
PAC005615,90,90.9,145,43.2,102,95,147,98,64,90,5.5,247,42,149,103,0.4,46,4.8,14.6,15.6,0,2326,5.9,14,6,2,12.5,5,M,no,activo
PAC005616,30,59.2,178,18.7,80,97,110,63,58,103,5.6,169,67,107,140,0.8,100,3.0,32.1,15.2,4,11383,8.3,19,3,5,5.8,1,F,no,sedentario
PAC005617,35,65.6,155,27.3,83,92,128,67,82,125,5.4,173,64,142,48,1.08,67,0.1,33.1,15.2,6,13853,6.6,0,0,4,4.2,7,M,si,ligero
PAC005618,18,76.7,181,23.4,68,94,97,65,67,74,4.0,172,36,118,95,0.94,94,4.5,39.9,15.3,6,9718,10.5,0,0,6,5.9,0,F,si,ligero
PAC005619,65,75.8,150,33.7,111,94,171,91,82,89,5.9,290,56,160,244,0.4,63,3.8,35.1,18.9,0,4267,5.2,12,0,1,14.2,4,M,si,sedentario
PAC005620,69,106.3,183,31.7,114,98,159,94,73,118,7.4,270,34,120,421,1.01,67,7.6,50.9,15.1,0,7092,9.4,7,2,0,6.0,9,F,no,sedentario
PAC005621,28,49.7,170,17.2,81,96,123,96,62,106,4.3,169,61,75,166,1.14,87,0.6,44.4,12.4,9,14528,9.4,0,0,6,7.0,1,F,no,ligero
PAC005622,34,67.7,155,28.2,89,95,127,81,75,67,5.0,116,70,133,100,1.14,103,0.1,34.7,13.7,11,13601,7.2,7,10,6,8.0,3,M,no,activo
PAC005623,75,49.2,140,25.1,101,100,151,84,68,92,7.3,181,53,138,350,0.74,96,2.8,34.7,14.9,5,4846,6.1,27,14,4,17.5,9,M,si,sedentario
PAC005624,32,80.6,160,31.5,71,94,102,76,64,107,5.9,187,71,136,174,0.95,79,1.1,39.8,14.2,9,9966,7.3,1,0,7,2.2,3,F,no,sedentario
PAC005625,67,85.8,140,43.8,101,87,156,91,91,89,4.7,241,51,193,130,0.58,60,2.5,29.9,16.7,3,4264,4.6,6,0,4,11.6,7,F,no,sedentario
PAC005626,25,86.6,161,33.4,95,86,124,83,77,108,7.2,191,58,154,150,0.66,104,2.5,21.0,13.2,6,4910,10.1,27,23,2,11.5,8,F,no,sedentario
PAC005627,26,82.3,156,33.8,76,81,127,66,55,65,5.6,178,90,153,40,1.3,99,0.1,34.3,15.8,9,12020,8.2,25,0,5,5.4,3,M,no,sedentario
PAC005628,46,60.5,159,23.9,73,90,110,64,52,90,4.3,146,51,145,40,0.91,91,0.1,37.5,15.7,8,12083,9.0,8,0,4,7.2,8,F,si,ligero
PAC005629,77,71.0,154,29.9,119,84,177,86,82,161,7.2,233,63,103,206,0.48,81,0.6,34.8,15.8,0,6250,5.3,1,5,3,12.1,9,F,si,sedentario
PAC005630,59,113.4,203,27.5,111,110,143,98,71,140,7.8,244,45,150,271,1.15,65,0.1,29.5,14.9,1,9710,9.3,32,8,2,14.5,6,M,no,sedentario
PAC005631,79,61.8,142,30.6,104,103,148,94,73,104,4.9,207,40,126,180,0.5,76,3.6,34.6,16.1,4,5798,5.5,0,5,3,10.7,2,F,si,sedentario
PAC005632,73,110.1,175,36.0,122,101,143,87,81,123,6.9,238,37,173,284,1.14,89,6.4,51.0,16.5,0,500,10.2,16,0,1,10.6,10,M,si,sedentario
PAC005633,55,79.3,145,37.7,127,106,200,96,83,89,5.6,195,58,158,212,0.55,85,3.5,41.1,14.7,4,3766,6.0,5,7,0,13.4,4,M,no,ligero
PAC005634,78,108.3,156,44.5,125,95,158,89,69,78,6.9,231,62,77,220,0.4,88,4.4,44.7,16.2,6,2154,7.0,5,3,5,13.0,9,F,si,activo
PAC005635,47,91.0,154,38.4,85,107,113,82,81,96,5.0,175,62,125,173,1.01,104,1.1,25.6,9.1,7,10315,9.9,29,28,3,6.3,6,F,si,sedentario
PAC005636,18,71.7,157,29.1,95,93,115,72,62,84,4.8,173,74,66,40,0.92,120,0.2,43.5,15.6,5,11369,8.1,1,1,6,6.4,2,F,no,sedentario
PAC005637,39,78.9,151,34.6,88,91,139,90,78,81,5.7,229,59,125,45,1.04,95,0.9,20.6,12.7,1,7707,8.3,25,22,4,11.4,6,F,si,activo
PAC005638,88,71.3,148,32.6,107,106,153,104,80,107,5.5,234,31,124,250,0.4,84,4.0,29.2,17.2,1,4846,5.0,0,2,3,9.1,7,M,si,sedentario
PAC005639,18,70.7,162,26.9,90,79,107,74,82,103,4.3,152,59,116,219,0.87,83,1.4,22.8,10.2,6,13760,6.8,20,22,1,7.5,5,F,no,sedentario
PAC005640,38,66.3,167,23.8,83,115,135,80,60,101,5.2,164,59,94,40,0.97,105,0.9,29.1,13.6,9,17256,7.7,3,0,4,6.5,5,F,no,ligero
PAC005641,22,94.2,147,43.6,87,83,129,82,77,66,4.9,194,46,87,238,1.12,87,4.9,42.1,10.4,5,7155,8.4,24,31,2,12.2,5,F,no,activo
PAC005642,74,92.8,142,46.0,102,111,165,104,57,100,5.9,225,25,114,119,0.4,82,4.5,38.7,14.8,1,10126,6.0,11,0,2,15.3,8,M,si,sedentario
PAC005643,40,88.3,170,30.6,74,96,118,80,84,100,4.6,214,46,123,144,0.52,89,0.1,31.6,11.3,8,8949,6.1,31,33,1,10.2,7,M,si,ligero
PAC005644,47,73.7,168,26.1,74,81,106,74,77,97,5.2,259,73,155,167,1.1,87,0.7,17.3,12.5,6,9405,8.8,9,23,1,11.4,10,M,si,activo
PAC005645,28,61.8,162,23.5,100,110,106,71,67,99,5.2,232,59,94,40,1.27,92,2.7,51.2,14.7,4,17743,8.0,0,6,8,7.1,0,F,no,ligero
PAC005646,45,49.6,151,21.8,96,100,117,69,77,142,4.9,150,69,105,40,1.34,85,0.2,32.8,15.3,11,13670,7.5,0,0,6,2.2,3,F,si,ligero
PAC005647,18,70.6,171,24.1,60,107,115,77,60,72,6.5,252,73,90,66,1.12,88,3.1,51.8,13.1,7,10999,9.1,0,0,5,5.1,0,F,no,sedentario
PAC005648,43,75.6,157,30.7,72,100,115,60,60,87,5.6,170,56,111,57,0.86,68,0.3,42.6,15.6,11,12914,9.7,0,0,5,8.4,3,F,no,sedentario
PAC005649,18,73.6,166,26.7,93,87,126,74,95,86,6.1,218,73,75,139,1.01,92,0.1,13.1,13.0,0,12833,8.4,17,2,0,9.2,8,M,no,sedentario
PAC005650,90,75.2,163,28.3,106,90,153,96,78,86,6.3,181,51,206,190,0.61,81,5.5,42.7,19.0,0,3784,6.6,5,7,3,13.9,8,M,si,sedentario
PAC005651,36,74.1,153,31.7,100,76,160,101,73,102,4.9,243,35,103,175,0.68,87,2.6,27.6,18.1,0,1164,8.1,0,0,2,13.7,7,F,no,activo
PAC005652,38,73.8,159,29.2,88,78,137,81,65,99,4.8,126,62,98,181,1.39,100,0.1,30.9,18.0,13,16449,7.6,10,0,6,4.7,0,M,no,ligero
PAC005653,67,83.5,156,34.3,115,103,160,88,69,69,6.0,261,56,124,322,0.7,87,2.0,22.5,14.5,1,5703,5.2,12,5,2,15.9,10,F,si,activo
PAC005654,18,60.9,161,23.5,62,105,108,55,75,107,5.5,141,74,109,46,0.96,110,1.7,21.9,15.1,13,12899,6.9,8,0,8,2.9,0,M,no,ligero
PAC005655,18,71.4,160,27.9,97,101,106,79,56,70,4.9,189,56,150,88,1.3,127,5.1,29.3,17.7,9,11729,9.4,14,10,5,6.8,0,F,no,ligero
PAC005656,45,109.1,205,26.0,135,95,143,84,69,122,6.8,191,36,176,198,1.22,53,5.6,42.4,15.1,0,5502,11.0,14,3,2,9.8,10,M,si,activo
PAC005657,18,97.9,155,40.7,88,87,133,83,89,97,4.9,147,55,126,68,0.7,75,0.3,16.1,10.1,3,12904,8.6,19,30,2,9.1,9,F,no,ligero
PAC005658,26,69.2,166,25.1,71,104,139,63,70,132,4.7,178,60,91,164,1.33,87,2.5,47.2,16.6,6,12052,9.5,5,0,8,6.2,3,F,si,sedentario
PAC005659,78,114.4,190,31.7,109,109,161,86,89,138,7.1,309,45,169,180,0.96,86,8.3,43.1,14.0,0,1478,8.6,12,0,2,13.7,8,M,no,sedentario
PAC005660,59,89.5,157,36.3,118,102,153,97,94,120,4.8,224,44,161,213,0.54,50,3.1,28.7,15.1,2,2150,6.5,15,17,1,15.1,5,M,no,ligero
PAC005661,42,42.6,157,17.3,73,90,101,83,71,90,4.5,157,65,163,99,1.29,84,0.1,28.5,13.8,8,8510,7.6,6,0,6,2.5,4,F,si,activo
PAC005662,36,71.6,153,30.6,87,104,110,72,83,78,4.9,167,71,140,59,1.2,104,2.1,26.1,13.5,9,11255,10.2,21,17,1,6.4,7,M,no,sedentario
PAC005663,51,57.9,151,25.4,61,96,143,76,56,94,5.5,166,71,65,40,0.97,115,0.1,28.1,17.6,11,17684,10.4,0,8,3,3.7,5,M,no,ligero
PAC005664,25,62.5,183,18.7,62,106,111,77,62,60,4.4,168,73,129,84,1.29,108,1.6,22.7,14.7,8,9303,7.2,0,0,5,5.0,2,M,si,ligero
PAC005665,33,64.1,162,24.4,90,95,128,53,57,80,4.4,198,71,125,40,1.13,103,0.5,32.1,16.5,8,15283,7.9,0,0,2,6.7,6,F,no,sedentario
PAC005666,18,57.6,141,29.0,110,97,121,80,79,97,5.0,126,56,107,113,1.38,112,2.0,31.0,11.5,1,11373,8.1,14,25,2,11.4,6,F,no,sedentario
PAC005667,19,67.7,157,27.5,67,75,129,72,69,74,5.0,155,77,80,40,1.34,110,2.8,51.4,15.7,9,17914,10.5,4,6,4,5.7,1,M,no,ligero
PAC005668,38,74.5,157,30.2,92,87,125,80,59,101,4.9,159,60,132,105,0.84,110,4.7,8.8,13.3,5,12592,7.9,31,30,4,10.9,6,F,si,sedentario
PAC005669,30,85.1,153,36.4,104,102,108,57,83,79,6.0,189,45,109,143,0.84,79,5.2,20.3,11.7,7,10507,8.7,18,22,1,12.6,10,M,no,sedentario
PAC005670,18,52.4,175,17.1,85,108,97,59,57,103,5.5,127,82,105,187,1.17,107,0.9,23.8,16.1,12,16207,8.7,13,11,7,7.4,0,F,no,sedentario
PAC005671,50,91.2,197,23.5,110,105,143,105,75,138,7.9,196,40,176,191,1.14,78,4.1,43.9,13.4,0,3086,7.7,7,7,3,10.5,6,M,no,sedentario
PAC005672,18,60.7,161,23.4,77,79,124,88,86,110,5.5,170,59,88,130,1.01,83,0.3,15.9,9.4,2,10663,7.4,18,21,2,6.2,7,M,si,activo
PAC005673,90,91.5,199,23.1,110,91,148,86,85,100,8.0,280,36,181,257,1.47,61,4.2,33.0,16.5,2,500,9.5,8,0,1,10.9,8,M,si,ligero
PAC005674,29,57.7,147,26.7,77,86,112,74,77,90,4.0,167,66,112,110,1.03,103,0.4,53.4,17.0,8,12719,7.2,0,2,5,5.1,4,F,no,ligero
PAC005675,33,103.6,195,27.2,126,118,141,84,74,146,6.8,250,40,142,332,0.9,69,5.9,37.8,16.6,0,5084,8.0,19,15,0,10.2,5,M,si,sedentario
PAC005676,43,102.5,142,50.8,99,78,155,91,85,87,6.1,261,36,155,140,0.53,47,4.4,40.1,17.1,5,3500,8.0,13,6,4,13.2,7,F,si,sedentario
PAC005677,84,72.5,140,37.0,120,105,167,92,83,81,5.5,254,51,127,124,0.7,75,6.8,18.1,15.1,3,2338,6.6,8,7,2,10.9,6,M,si,ligero
PAC005678,55,90.8,186,26.2,115,115,176,99,67,121,6.6,252,25,211,252,1.26,59,5.4,35.7,15.2,0,500,9.5,11,0,3,4.6,6,M,si,sedentario
PAC005679,18,65.6,169,23.0,81,88,137,68,87,78,5.2,197,62,133,170,0.91,130,5.4,21.3,9.9,9,5195,8.3,24,29,2,4.7,7,M,no,ligero
PAC005680,48,83.0,162,31.6,85,77,132,87,79,98,4.3,242,54,97,102,1.07,103,1.9,19.3,11.6,3,7025,7.0,27,23,1,10.0,6,F,no,ligero
PAC005681,54,77.7,162,29.6,81,90,160,94,80,125,6.6,228,37,145,224,0.54,58,5.0,31.2,18.1,2,2960,5.9,11,0,2,16.3,4,M,no,sedentario
PAC005682,29,68.6,162,26.1,89,96,108,71,52,65,4.6,173,74,102,57,1.22,91,3.3,40.1,15.3,7,13523,8.2,0,2,7,2.0,7,M,si,ligero
PAC005683,65,108.3,203,26.3,135,112,134,89,76,127,7.0,236,27,172,411,1.27,75,6.3,30.5,15.0,2,3804,7.9,17,15,2,11.1,9,M,si,sedentario
PAC005684,18,78.4,160,30.6,65,94,126,66,62,84,5.3,129,84,117,84,1.35,85,0.3,30.8,14.6,7,7067,9.6,0,2,7,2.9,5,M,si,ligero
PAC005685,21,81.9,165,30.1,86,95,104,69,86,66,4.9,199,79,134,65,0.99,130,6.1,6.1,11.7,8,9254,8.7,27,23,2,9.4,8,M,si,ligero
PAC005686,23,76.5,150,34.0,120,94,115,66,72,60,5.9,221,67,169,123,0.84,108,4.3,18.0,12.2,5,8649,7.0,20,28,0,11.7,7,F,si,activo
PAC005687,18,78.4,161,30.2,99,92,96,95,80,63,5.5,202,62,121,201,0.83,104,3.6,19.1,10.2,3,10718,8.2,9,33,2,10.2,9,F,si,sedentario
PAC005688,67,76.3,151,33.5,99,88,138,94,72,127,5.1,217,63,171,183,0.72,84,4.2,22.8,14.7,4,9077,6.8,0,0,3,10.9,5,F,no,sedentario
PAC005689,29,80.4,164,29.9,71,102,122,71,73,67,5.3,197,63,116,162,1.13,115,1.1,10.5,12.0,5,6161,8.0,20,30,1,8.3,8,M,no,ligero
PAC005690,18,78.6,157,31.9,79,87,90,70,72,103,4.7,157,79,101,115,0.86,81,4.2,26.4,14.3,6,6838,7.0,16,32,0,9.9,6,M,si,ligero
PAC005691,20,60.4,174,19.9,78,99,102,83,73,78,4.7,182,55,138,99,1.13,93,0.1,35.2,14.3,8,11220,8.4,3,8,8,5.7,0,M,si,sedentario
PAC005692,57,82.2,140,41.9,116,97,177,88,71,102,6.9,226,42,160,156,0.52,61,5.4,42.5,16.6,2,740,6.2,9,19,1,11.3,6,M,no,ligero
PAC005693,54,63.6,166,23.1,79,98,125,72,71,87,6.1,214,49,55,54,0.89,103,4.8,33.8,14.5,10,14648,9.0,1,4,6,4.9,1,F,no,ligero
PAC005694,74,96.8,148,44.2,89,103,162,101,82,80,5.4,175,39,100,263,0.76,64,5.7,36.0,15.0,1,6158,6.6,17,0,4,7.5,7,M,si,ligero
PAC005695,84,78.3,193,21.0,124,105,132,104,76,147,6.8,197,37,160,221,1.09,92,7.8,10.8,14.1,0,4271,8.8,17,8,1,10.3,7,F,si,ligero
PAC005696,64,92.7,194,24.6,84,78,144,83,72,126,7.0,256,25,133,297,1.11,77,4.1,37.8,14.0,0,3228,9.9,12,2,3,10.5,4,F,no,ligero
PAC005697,44,92.6,184,27.4,104,81,123,72,78,108,6.4,151,55,132,154,0.45,84,0.6,9.1,11.7,6,10318,7.2,20,17,0,4.0,10,F,no,ligero
PAC005698,19,61.8,173,20.6,92,95,102,69,46,80,4.1,168,73,86,153,0.95,75,1.5,42.3,12.8,9,7232,7.4,0,13,3,2.8,5,F,no,ligero
PAC005699,18,72.1,167,25.9,79,99,138,85,72,79,6.1,146,59,122,119,0.88,84,0.1,39.0,16.1,11,13624,5.7,0,0,6,5.9,1,F,si,activo
PAC005700,60,107.9,178,34.1,117,88,148,80,61,119,7.1,252,29,109,254,0.97,98,8.9,33.0,13.7,0,6607,9.9,13,0,1,10.0,10,F,si,sedentario
PAC005701,68,113.4,196,29.5,123,100,160,83,96,137,7.3,311,43,221,243,1.07,103,5.3,24.9,13.1,0,2581,10.1,9,11,1,8.6,8,F,no,sedentario
PAC005702,22,65.1,168,23.1,65,108,135,70,70,79,6.6,221,51,115,44,1.22,103,0.1,20.2,13.7,14,9112,7.3,0,0,3,9.5,2,M,no,sedentario
PAC005703,24,43.3,157,17.6,70,86,121,80,66,79,4.7,169,87,111,96,1.04,109,1.7,33.0,15.1,13,11304,10.2,6,6,7,7.1,1,M,no,sedentario
PAC005704,50,108.8,187,31.1,143,104,130,82,78,135,7.6,250,26,145,194,1.32,65,3.6,25.7,16.5,0,2246,10.1,11,9,0,8.0,5,M,si,sedentario
PAC005705,22,68.5,160,26.8,75,104,99,71,84,75,5.4,209,76,123,106,1.15,127,3.8,22.0,16.2,7,11668,8.9,0,0,4,4.4,3,F,si,sedentario
PAC005706,81,76.1,140,38.8,125,75,155,101,67,116,6.0,231,61,103,185,0.54,85,3.0,13.6,15.9,0,4556,6.8,23,8,3,10.1,7,M,si,sedentario
PAC005707,18,74.0,167,26.5,93,97,136,70,74,82,6.2,196,64,136,48,0.8,107,5.4,19.7,13.8,6,10546,9.0,23,20,2,14.8,9,M,no,activo
PAC005708,52,81.4,196,21.2,124,103,198,75,76,115,6.9,224,49,203,401,1.18,97,9.0,31.1,17.2,2,854,7.1,10,3,3,9.5,4,M,no,ligero
PAC005709,50,68.5,170,23.7,64,129,129,82,46,105,5.2,159,82,124,147,0.78,94,0.1,43.7,13.8,12,9507,8.8,1,11,6,6.8,4,F,no,ligero
PAC005710,73,81.5,180,25.2,105,112,141,65,72,138,8.0,281,47,137,239,1.31,97,8.5,31.2,12.0,1,8113,8.0,6,2,0,11.2,6,M,no,sedentario
PAC005711,40,50.4,166,18.3,81,94,137,66,64,99,5.6,218,66,122,62,0.95,92,0.8,52.9,15.9,7,9504,10.6,0,5,5,2.0,4,F,si,activo
PAC005712,39,50.0,150,22.2,81,84,104,74,95,80,4.8,244,44,149,61,0.79,109,2.1,24.6,12.3,0,6421,6.0,15,36,0,5.3,8,M,no,activo
PAC005713,23,90.5,149,40.8,77,81,113,70,77,69,4.5,195,57,74,129,0.68,107,3.6,18.9,11.6,5,6666,7.2,25,22,2,10.5,3,F,no,ligero
PAC005714,30,67.0,160,26.2,63,106,101,84,45,89,4.7,175,77,139,62,0.82,92,0.1,36.3,15.7,6,11026,9.0,5,13,6,9.9,4,F,no,ligero
PAC005715,18,65.2,162,24.8,95,79,105,88,52,106,5.0,152,78,86,40,0.96,99,2.2,33.1,17.1,8,13738,8.2,7,0,7,3.9,0,M,no,ligero
PAC005716,64,116.8,195,30.7,127,94,160,68,73,148,5.7,239,53,169,286,1.15,46,6.0,41.1,14.2,0,1098,8.4,0,11,3,13.5,10,M,si,ligero
PAC005717,68,73.7,187,21.1,112,91,148,83,75,135,8.4,215,56,139,300,1.18,92,5.7,40.0,13.4,0,500,9.9,5,6,0,13.0,10,F,si,sedentario
PAC005718,47,67.1,167,24.1,64,101,107,79,62,79,5.4,170,62,94,138,1.06,101,0.1,59.5,13.6,12,9018,8.9,3,7,7,3.1,5,F,no,sedentario
PAC005719,59,80.5,154,33.9,112,113,174,91,84,134,6.5,212,35,144,125,0.4,64,4.4,27.6,16.1,2,4894,6.9,5,0,1,12.4,7,M,si,sedentario
PAC005720,64,72.9,184,21.5,117,98,148,84,82,147,8.6,249,32,130,261,1.15,55,10.6,46.3,15.3,3,3332,8.9,3,6,3,9.0,6,F,no,activo
PAC005721,28,82.4,152,35.7,65,103,114,59,64,113,4.0,208,54,111,142,0.67,111,0.1,27.3,15.0,12,10660,8.2,22,8,6,5.4,6,F,no,activo
PAC005722,29,57.5,160,22.5,85,83,146,87,77,97,4.6,227,56,143,108,1.26,101,2.8,21.2,9.9,4,9907,7.8,14,21,2,11.7,9,M,no,ligero
PAC005723,72,104.0,151,45.6,116,104,146,104,65,103,4.9,265,65,140,236,0.4,89,4.6,31.1,16.2,2,3749,7.3,7,6,3,13.4,8,F,no,ligero
PAC005724,18,52.5,156,21.6,95,97,119,76,52,104,5.6,154,68,94,40,1.25,80,2.9,21.5,13.9,11,13213,7.7,0,0,7,10.1,4,F,no,activo
PAC005725,18,53.2,161,20.5,74,85,115,54,77,83,4.2,169,45,75,148,1.03,94,1.7,44.4,13.3,5,11380,8.3,22,21,0,6.4,8,F,si,sedentario
PAC005726,38,74.9,154,31.6,93,94,130,70,61,80,4.5,207,84,109,40,1.33,62,0.1,31.8,15.5,10,7767,10.2,2,9,4,7.6,4,F,no,activo
PAC005727,36,83.0,164,30.9,84,121,109,83,63,66,4.2,195,59,74,40,1.18,100,0.7,20.0,15.2,8,15581,9.3,0,9,4,7.5,2,M,no,ligero
PAC005728,40,71.3,157,28.9,74,97,106,76,82,106,6.1,201,62,86,177,0.92,124,4.7,11.0,12.2,3,11267,8.8,17,19,3,9.6,8,F,no,ligero
PAC005729,66,112.9,190,31.3,101,98,129,80,86,171,7.0,213,42,219,280,1.02,73,3.2,45.3,14.0,1,6589,9.2,14,5,3,9.1,8,F,no,sedentario
PAC005730,18,93.4,145,44.4,88,100,129,77,76,72,5.3,198,80,100,52,1.04,121,0.1,22.5,11.1,6,10493,7.1,22,39,2,8.5,7,M,no,sedentario
PAC005731,30,76.4,147,35.4,60,92,152,71,84,72,5.4,182,58,60,153,0.93,96,2.0,34.5,12.9,8,10582,6.3,17,31,0,10.8,7,F,si,ligero
PAC005732,19,79.7,165,29.3,88,107,122,61,63,60,4.1,169,49,148,187,1.28,81,3.1,45.3,12.3,9,11713,8.6,0,10,8,2.0,7,M,no,sedentario
PAC005733,42,56.2,158,22.5,70,105,124,70,63,78,5.0,171,87,161,100,1.22,105,3.1,34.5,11.4,9,11820,5.4,5,2,8,5.3,3,F,si,activo
PAC005734,49,89.0,197,22.9,118,87,132,88,91,137,6.7,199,25,141,181,0.8,72,9.3,52.4,11.5,0,2642,7.9,12,3,1,7.3,10,F,si,ligero
PAC005735,18,73.6,174,24.3,88,105,126,72,54,122,6.3,220,47,103,40,0.88,108,0.1,40.1,15.0,7,9924,8.7,11,0,6,9.1,1,F,no,ligero
PAC005736,31,93.0,149,41.9,99,96,115,86,95,103,5.5,277,45,113,114,0.85,79,4.4,21.8,14.3,7,10172,7.4,7,19,1,10.5,5,F,no,ligero
PAC005737,71,78.6,174,26.0,114,105,138,62,80,126,6.1,256,33,150,300,1.2,87,2.6,29.2,15.4,0,3315,8.9,7,2,5,12.0,7,M,si,activo
PAC005738,70,70.1,155,29.2,104,96,166,112,69,120,4.9,178,54,128,172,0.74,89,8.7,37.8,15.0,4,4819,5.5,15,0,2,12.6,9,M,si,sedentario
PAC005739,27,47.7,140,24.3,74,96,116,67,77,92,5.1,180,68,135,159,1.04,98,2.6,26.5,10.9,1,10464,7.1,21,25,1,10.2,9,M,no,ligero
PAC005740,60,86.0,200,21.5,119,105,136,92,71,150,6.8,226,48,137,308,1.04,92,2.6,21.4,14.1,0,500,8.4,9,14,0,9.6,8,M,si,sedentario
PAC005741,28,40.0,158,16.0,76,93,121,75,62,73,4.1,170,60,117,56,0.81,82,1.0,8.5,12.7,7,7201,7.0,13,34,1,16.4,8,M,no,sedentario
PAC005742,59,109.4,185,32.0,116,92,136,83,74,114,7.5,220,33,161,277,1.42,83,8.2,31.8,15.9,0,500,7.8,13,1,3,8.6,7,F,no,sedentario
PAC005743,72,74.9,149,33.7,120,105,166,90,84,104,5.8,202,49,164,153,0.52,78,4.6,39.6,16.6,4,2366,5.0,16,3,0,13.6,6,F,no,sedentario
PAC005744,85,88.8,150,39.5,91,83,171,97,72,82,5.4,286,43,121,195,0.53,75,9.3,25.4,17.0,1,7554,4.3,12,5,2,10.1,7,F,si,sedentario
PAC005745,32,40.0,152,17.3,89,112,117,80,57,95,4.5,163,72,97,41,1.01,122,2.0,30.3,14.6,8,11874,7.3,2,0,5,2.0,1,M,si,sedentario
PAC005746,37,57.2,168,20.3,107,91,96,59,73,108,5.6,174,61,117,91,0.98,90,4.7,29.8,15.3,7,11573,10.5,19,4,6,4.3,4,F,no,activo
PAC005747,80,102.7,148,46.9,127,115,146,88,75,72,6.1,217,39,123,264,0.54,53,4.9,34.2,15.8,2,3270,7.3,5,0,2,7.4,3,F,no,sedentario
PAC005748,74,99.9,205,23.8,98,111,146,79,70,122,7.6,271,51,167,179,0.78,57,5.8,20.8,16.1,0,1281,7.3,15,6,1,12.5,5,M,no,ligero
PAC005749,60,85.8,189,24.0,132,122,127,70,70,131,7.6,256,63,123,351,1.23,83,5.4,30.8,14.9,0,3617,7.9,26,6,1,13.2,6,F,no,sedentario
PAC005750,35,56.4,158,22.6,88,78,114,80,66,95,5.7,188,66,114,228,1.04,81,0.9,19.0,10.1,1,7743,10.5,22,18,5,12.5,3,F,si,sedentario
PAC005751,27,80.8,154,34.1,84,85,116,70,77,100,5.5,177,50,139,62,0.87,99,2.4,5.0,13.2,11,6737,9.2,14,26,0,12.1,10,M,no,activo
PAC005752,18,90.6,156,37.2,61,117,117,56,66,60,6.0,150,71,50,122,1.17,74,1.6,41.4,13.5,8,13698,10.0,10,0,4,2.0,3,M,si,ligero
PAC005753,27,79.9,160,31.2,65,97,135,76,80,74,4.9,186,34,78,158,1.04,91,5.9,28.2,13.7,4,6228,7.6,23,18,2,9.9,9,F,si,sedentario
PAC005754,61,71.3,150,31.7,104,109,182,110,58,107,6.2,207,50,138,126,0.58,89,5.5,5.0,15.0,0,5465,5.1,0,4,1,13.3,8,F,si,ligero
PAC005755,61,107.1,154,45.2,81,88,181,113,76,115,5.7,171,52,163,170,0.51,67,6.6,20.3,16.3,3,1805,8.3,6,9,1,12.1,10,M,no,sedentario
PAC005756,34,69.6,147,32.2,86,110,97,79,60,95,5.1,154,80,159,127,1.34,101,1.5,32.6,16.7,9,12496,8.2,12,6,6,4.3,0,M,si,activo
PAC005757,18,77.0,181,23.5,93,93,125,77,63,100,6.0,162,66,123,106,1.03,108,0.1,41.0,13.5,9,11661,8.3,9,0,6,6.1,2,F,no,ligero
PAC005758,26,42.1,164,15.7,97,76,142,76,50,80,4.5,168,52,166,122,1.09,85,0.1,27.3,15.6,10,11140,8.7,0,7,6,6.1,0,M,si,ligero
PAC005759,18,56.9,178,18.0,86,87,130,75,58,72,4.3,187,70,87,72,1.06,95,2.9,39.9,15.6,13,15330,8.1,1,0,6,8.5,5,M,si,sedentario
PAC005760,67,83.6,140,42.7,107,105,178,95,84,103,5.5,239,52,96,197,0.89,60,8.2,31.7,16.5,0,6063,5.9,11,6,2,9.7,9,M,si,activo
PAC005761,27,59.2,166,21.5,89,80,127,84,66,96,5.6,160,68,135,40,1.25,90,0.1,29.9,14.6,12,9144,7.6,14,0,6,3.8,1,M,no,activo
PAC005762,26,86.9,163,32.7,86,101,127,78,86,101,6.2,179,73,130,173,0.85,90,3.4,20.4,10.9,6,8426,6.7,24,27,1,5.1,4,F,no,activo
PAC005763,82,78.8,142,39.1,103,83,154,97,81,93,4.7,225,50,114,230,0.5,77,7.9,38.5,12.3,0,2108,6.8,11,12,1,12.3,9,F,no,sedentario
PAC005764,90,55.7,151,24.4,105,94,130,101,72,77,5.5,228,51,151,129,0.45,55,7.5,23.5,14.6,0,6388,6.3,13,0,1,14.0,9,F,si,sedentario
PAC005765,18,54.0,155,22.5,82,94,111,66,84,90,4.0,137,46,164,40,0.91,96,0.7,22.7,14.0,6,9372,6.4,29,30,2,4.5,10,F,si,ligero
PAC005766,58,83.5,140,42.6,121,96,172,91,71,124,6.1,221,31,164,218,0.44,102,3.7,23.8,13.4,0,6220,5.0,1,0,2,18.3,8,M,si,activo
PAC005767,35,73.1,158,29.3,74,103,109,73,58,69,5.5,164,57,109,60,1.18,96,0.1,32.3,13.5,9,11693,7.6,0,9,6,8.2,4,M,no,ligero
PAC005768,86,88.4,189,24.7,116,86,154,81,71,113,6.6,236,32,185,148,1.09,98,7.0,25.7,16.5,3,7309,9.9,18,0,0,10.8,6,F,si,sedentario
PAC005769,42,111.0,188,31.4,121,85,144,107,79,119,6.5,217,48,165,300,1.02,102,2.1,52.6,16.9,0,7224,8.6,14,0,3,6.3,10,M,no,activo
PAC005770,70,105.1,198,26.8,112,112,123,82,91,156,7.2,226,25,125,287,1.02,94,4.3,37.9,13.7,0,2647,8.0,0,0,1,12.2,4,M,no,ligero
PAC005771,26,68.1,170,23.6,85,105,116,81,63,90,5.1,164,73,68,53,1.07,107,0.1,30.8,13.9,6,9921,10.3,0,0,3,11.0,4,F,no,activo
PAC005772,76,89.1,140,45.5,104,93,165,116,89,109,6.1,201,46,140,257,0.4,60,4.0,22.6,16.3,0,500,4.9,7,3,2,7.7,7,F,si,ligero
PAC005773,33,58.2,159,23.0,93,118,139,70,45,96,5.8,170,66,96,170,0.75,95,0.1,35.8,16.1,9,12648,10.7,1,0,4,3.4,2,F,si,activo
PAC005774,21,61.7,186,17.8,74,97,110,84,66,86,6.2,130,82,67,40,1.31,116,0.1,35.7,14.6,10,14317,8.6,0,5,4,8.4,0,M,no,ligero
PAC005775,63,90.9,156,37.4,97,101,144,109,79,99,5.9,270,63,98,152,0.4,73,3.9,25.7,18.1,0,2590,6.2,1,1,1,9.9,7,F,no,ligero
PAC005776,58,81.8,147,37.9,86,88,181,91,77,88,4.8,250,34,160,159,0.51,95,7.3,21.5,17.1,1,2181,7.6,2,0,2,13.4,2,F,si,sedentario
PAC005777,59,64.2,148,29.3,120,101,182,90,69,103,6.1,258,41,123,130,0.4,87,6.5,23.0,16.2,4,2355,9.4,10,0,0,10.3,10,F,no,sedentario
PAC005778,61,113.1,190,31.3,103,93,149,102,77,154,5.9,236,53,163,264,1.16,61,4.8,32.2,12.0,4,5178,9.4,12,0,3,8.5,9,F,no,ligero
PAC005779,55,106.8,187,30.5,103,93,143,115,88,158,5.4,319,34,170,259,0.96,88,7.0,43.0,14.5,0,3317,9.2,17,0,2,11.1,10,M,si,ligero
PAC005780,81,76.5,199,19.3,93,81,142,83,78,142,7.5,200,54,132,330,1.22,76,6.4,45.8,15.2,0,7483,9.2,18,0,0,5.4,10,F,no,sedentario
PAC005781,43,52.1,181,15.9,76,96,134,68,90,85,5.9,171,51,109,45,1.14,91,3.7,34.3,12.7,3,9286,5.0,0,22,0,8.7,10,F,no,activo
PAC005782,75,112.2,194,29.8,105,118,145,80,74,121,7.0,242,27,227,204,1.23,85,7.7,43.0,15.8,0,1397,8.1,14,8,1,8.8,10,M,si,sedentario
PAC005783,83,103.8,194,27.6,128,97,135,94,78,114,7.6,236,25,90,260,1.16,81,7.7,27.6,17.0,5,3447,8.6,8,4,1,15.0,4,M,si,sedentario
PAC005784,54,105.8,201,26.2,120,101,131,83,88,113,7.1,244,36,132,241,1.09,95,2.7,51.1,16.7,0,2103,9.0,3,6,1,15.6,8,F,si,ligero
PAC005785,18,61.8,167,22.2,73,102,121,78,66,60,4.0,215,79,92,64,0.97,85,3.5,38.9,15.6,8,9923,8.2,8,0,8,9.7,5,M,si,sedentario
PAC005786,18,55.7,168,19.7,75,94,144,75,56,92,4.8,179,48,95,40,1.17,130,1.6,33.8,14.2,6,7465,8.4,10,0,6,7.1,4,F,no,sedentario
PAC005787,90,97.8,196,25.5,112,117,146,91,70,133,5.7,295,31,178,301,1.5,74,6.6,52.0,15.9,0,505,8.6,13,8,2,16.3,5,M,no,ligero
PAC005788,18,72.4,155,30.1,80,99,102,61,92,81,5.5,139,41,136,54,0.74,78,3.6,24.2,11.9,8,11530,7.6,15,24,1,6.1,5,F,no,sedentario
PAC005789,19,75.1,149,33.8,75,97,120,63,90,96,4.4,193,68,133,40,1.15,98,5.4,23.1,13.5,6,6374,8.0,17,19,2,5.6,10,M,no,ligero
PAC005790,44,49.0,155,20.4,106,80,90,68,80,70,5.3,212,63,78,147,1.07,113,0.1,30.4,11.0,8,2127,8.2,13,19,1,4.0,6,F,no,sedentario
PAC005791,30,49.6,174,16.4,101,114,133,54,57,85,6.3,184,57,62,118,1.32,107,0.1,25.0,15.1,2,11019,7.7,0,7,8,5.7,4,M,no,ligero
PAC005792,48,54.3,154,22.9,98,93,128,78,80,105,5.2,155,81,143,151,1.02,89,2.1,18.0,10.8,7,6791,8.4,19,25,3,13.7,7,F,si,sedentario
PAC005793,81,88.7,197,22.9,104,95,158,72,68,114,7.3,248,33,153,263,1.31,78,6.9,43.0,15.6,0,500,8.4,17,20,1,15.4,3,M,si,ligero
PAC005794,69,74.3,145,35.3,109,107,170,104,59,100,5.9,213,60,99,215,0.66,66,5.6,18.6,15.9,2,3444,6.0,23,2,0,14.0,5,M,si,sedentario
PAC005795,76,85.7,200,21.4,127,109,154,83,75,121,8.0,243,50,129,286,0.96,69,10.3,19.4,12.8,1,500,9.3,5,5,4,14.0,6,F,no,sedentario
PAC005796,18,89.6,167,32.1,65,105,125,72,63,65,5.5,185,62,74,102,1.37,110,3.5,43.9,14.6,10,11337,8.6,0,0,8,2.0,0,F,si,activo
PAC005797,25,70.1,167,25.1,70,80,123,71,81,98,4.4,156,48,53,159,0.98,112,2.6,35.3,12.0,7,7531,7.7,17,16,2,9.2,9,F,si,sedentario
PAC005798,63,83.2,149,37.5,112,98,177,89,75,139,5.5,229,35,141,180,0.76,44,4.3,36.2,16.7,6,500,6.1,7,8,3,10.5,7,F,si,sedentario
PAC005799,29,96.6,205,23.0,135,126,136,93,73,122,7.1,244,47,141,177,1.08,51,5.5,25.2,14.9,3,4486,6.9,10,5,4,10.2,3,F,no,sedentario
PAC005800,18,67.8,177,21.6,88,79,114,68,87,92,4.8,130,67,84,111,1.04,108,1.3,24.3,11.1,3,9988,8.0,21,28,1,11.1,7,M,si,ligero
PAC005801,73,106.3,205,25.3,116,118,124,96,90,140,6.7,241,47,132,281,1.45,89,8.8,50.6,15.6,1,1802,6.9,8,2,3,10.1,7,M,si,sedentario
PAC005802,84,86.5,144,41.7,107,100,197,106,57,89,6.1,247,53,107,141,0.56,59,7.7,21.8,14.2,0,7385,4.9,18,0,2,8.5,7,M,no,ligero
PAC005803,65,83.9,197,21.6,125,122,125,89,84,158,8.3,235,29,218,235,1.13,66,8.2,32.8,15.4,0,500,8.8,18,4,0,15.1,8,F,no,sedentario
PAC005804,90,56.2,149,25.3,120,98,152,103,85,107,6.6,173,47,101,115,0.4,90,5.3,33.6,16.1,2,7719,6.2,11,7,1,11.5,5,F,no,sedentario
PAC005805,86,93.7,147,43.4,114,104,156,100,67,99,5.7,176,57,105,154,0.4,54,5.6,35.5,16.0,0,500,5.5,5,4,7,18.3,9,M,si,ligero
PAC005806,62,88.0,201,21.8,124,109,169,89,77,143,7.5,205,25,165,300,1.23,88,7.4,31.2,16.8,0,5711,7.8,4,9,0,18.1,4,M,si,sedentario
PAC005807,73,54.7,165,20.1,76,108,90,65,57,84,5.2,149,67,60,74,0.84,79,5.4,47.3,16.7,9,7580,9.6,5,0,4,3.4,7,F,no,sedentario
PAC005808,30,69.5,167,24.9,79,90,95,83,54,79,4.3,172,68,83,83,1.19,84,1.0,46.5,14.4,10,11605,9.4,1,0,4,5.9,4,F,no,ligero
PAC005809,18,73.2,151,32.1,60,90,119,87,88,83,6.8,165,82,72,40,0.77,106,6.3,13.9,11.2,9,9640,9.8,18,27,0,11.7,8,M,si,sedentario
PAC005810,36,63.6,165,23.4,73,88,107,66,74,86,4.3,110,73,122,105,1.24,125,2.3,43.4,14.7,10,15314,7.5,7,0,2,3.6,0,M,no,ligero
PAC005811,45,86.4,190,23.9,110,95,150,91,73,134,7.8,236,49,134,309,1.29,102,8.6,32.5,14.9,2,580,8.3,6,13,2,10.1,5,M,no,ligero
PAC005812,52,79.3,204,19.1,115,91,153,92,104,113,7.2,237,43,185,307,1.0,86,8.0,24.3,15.6,2,2878,8.4,15,9,5,13.3,8,F,si,sedentario
PAC005813,57,89.0,146,41.8,128,81,188,111,77,109,6.3,213,33,124,142,0.4,100,6.5,30.0,16.9,0,7029,5.7,10,0,1,13.9,8,F,si,sedentario
PAC005814,59,58.3,179,18.2,60,98,121,67,56,81,5.0,188,78,106,181,0.86,98,2.0,28.8,13.4,10,11213,8.8,8,0,6,8.3,6,M,si,sedentario
PAC005815,40,65.8,176,21.2,96,101,104,78,91,101,5.4,186,49,84,96,1.2,129,2.8,33.9,12.2,7,13646,9.7,12,18,2,13.1,5,M,no,ligero
PAC005816,42,107.3,203,26.0,114,122,155,78,98,145,7.9,250,41,140,208,0.9,91,7.4,28.4,13.1,0,11588,9.8,13,0,0,6.6,9,F,si,sedentario
PAC005817,28,57.1,170,19.8,86,94,112,62,59,60,4.8,182,61,102,103,0.86,69,2.3,49.8,14.9,9,12843,8.8,1,7,9,4.8,1,F,no,sedentario
PAC005818,65,66.0,205,15.7,94,101,126,90,70,152,8.1,270,42,121,247,1.13,105,7.0,40.5,12.7,0,819,10.0,13,2,3,6.6,3,F,no,sedentario
PAC005819,18,64.3,180,19.8,71,96,133,65,101,100,5.6,185,33,113,91,0.73,99,0.8,28.1,11.8,6,6225,8.7,32,40,1,7.7,5,F,no,ligero
PAC005820,76,86.0,163,32.4,109,110,142,118,82,112,5.8,231,56,111,149,0.4,81,6.3,25.5,19.0,0,6653,6.8,19,1,3,10.7,6,M,si,sedentario
PAC005821,41,63.4,164,23.6,75,117,141,84,67,133,4.8,110,73,79,61,1.3,99,1.9,50.6,15.2,7,10629,8.6,0,0,4,7.6,2,M,no,ligero
PAC005822,64,99.3,205,23.6,107,89,173,80,90,137,8.5,265,32,178,296,1.28,41,8.2,49.0,13.5,0,500,11.0,2,0,5,12.5,10,F,si,sedentario
PAC005823,90,86.2,140,44.0,110,105,153,89,70,82,6.3,246,60,205,139,0.49,77,5.0,31.5,16.5,3,3549,5.4,0,0,3,12.7,10,F,si,sedentario
PAC005824,62,84.9,169,29.7,77,104,131,69,75,80,4.5,159,56,105,40,1.12,111,7.9,39.4,16.7,10,16954,10.0,4,0,6,7.8,0,F,no,ligero
PAC005825,30,57.8,156,23.8,71,85,97,73,73,107,4.6,232,54,125,94,1.36,114,3.5,23.5,13.7,0,13497,6.8,21,23,3,11.4,6,F,no,activo
PAC005826,34,74.0,146,34.7,80,77,134,70,78,91,5.0,201,45,59,214,1.0,61,1.2,17.0,10.1,7,11293,9.7,20,32,2,10.8,6,F,si,ligero
PAC005827,18,74.5,168,26.4,81,99,103,61,58,100,7.3,169,50,79,134,0.92,73,0.1,52.2,14.0,9,11101,9.3,5,6,5,6.3,5,F,no,ligero
PAC005828,41,70.4,162,26.8,92,99,102,89,69,103,5.0,193,72,75,237,0.71,92,0.1,38.7,15.9,7,14577,7.9,13,5,6,5.5,4,F,no,ligero
PAC005829,34,56.7,157,23.0,81,95,132,63,93,115,4.8,193,53,150,71,1.12,103,0.6,32.0,10.7,1,9203,8.3,13,32,2,7.2,5,M,no,sedentario
PAC005830,71,96.0,151,42.1,92,101,168,109,75,79,5.8,236,43,119,209,0.5,89,0.7,44.4,16.9,0,4933,6.9,7,0,1,9.7,10,F,si,ligero
PAC005831,18,74.9,156,30.8,83,96,138,87,88,60,5.7,172,67,86,40,1.06,78,3.7,13.9,13.1,6,12636,10.1,19,17,1,4.8,3,M,si,sedentario
PAC005832,32,80.6,170,27.9,96,94,111,53,69,78,6.0,238,61,107,46,1.01,130,1.6,32.3,15.7,12,8467,7.1,13,1,5,9.6,2,F,no,activo
PAC005833,33,77.3,171,26.4,71,113,113,70,47,90,5.7,173,70,94,107,1.18,120,0.1,36.8,16.2,8,11359,7.2,6,0,5,4.5,3,M,no,sedentario
PAC005834,69,93.8,184,27.7,84,98,133,100,79,147,7.1,253,27,164,208,1.03,57,7.4,38.9,13.9,0,1747,8.6,14,0,1,8.3,10,M,no,sedentario
PAC005835,25,67.1,160,26.2,82,90,97,86,74,111,6.0,182,65,107,59,1.27,89,1.8,38.0,14.4,5,12898,9.3,11,2,6,6.5,2,F,no,ligero
PAC005836,26,59.0,155,24.6,87,86,122,69,81,90,5.8,191,60,108,101,0.83,108,2.9,21.8,11.0,5,8199,7.8,25,25,0,10.4,8,F,no,ligero
PAC005837,60,89.8,181,27.4,108,112,128,97,56,138,6.8,232,28,169,290,0.93,99,8.0,28.3,14.4,3,1851,8.2,6,0,3,13.5,4,M,si,sedentario
PAC005838,18,71.3,160,27.9,87,98,121,63,69,79,4.6,171,60,99,79,1.13,130,3.2,31.2,15.9,11,15731,7.7,5,0,3,6.9,6,F,no,sedentario
PAC005839,24,77.9,152,33.7,104,91,107,58,86,83,4.0,178,49,121,40,1.08,101,0.1,21.2,13.0,0,9792,8.1,30,25,3,9.3,8,M,no,sedentario
PAC005840,26,41.8,175,13.6,60,110,118,66,76,74,4.2,142,75,49,173,1.13,124,0.1,27.7,14.7,11,8726,8.2,2,3,6,5.3,4,F,no,ligero
PAC005841,25,50.5,169,17.7,80,95,117,60,78,91,4.0,210,63,103,57,1.09,78,3.3,14.6,10.6,4,7665,6.7,13,15,0,6.6,6,M,no,activo
PAC005842,39,68.4,168,24.2,66,101,108,69,51,75,5.7,167,56,131,64,0.73,95,1.7,9.9,15.8,11,10078,8.4,20,0,9,8.7,3,M,si,ligero
PAC005843,27,54.0,169,18.9,65,86,101,78,62,85,5.2,121,59,135,152,1.2,77,4.5,25.8,14.5,11,11266,7.3,4,7,7,5.4,3,F,si,sedentario
PAC005844,57,77.0,148,35.2,87,97,167,92,77,105,4.5,252,39,156,213,0.58,93,3.2,39.1,16.8,1,2908,7.6,7,7,2,13.9,4,M,si,ligero
PAC005845,54,85.8,149,38.6,118,79,131,96,72,89,5.5,204,31,130,101,0.4,78,5.9,29.9,16.6,1,9165,7.1,24,0,0,8.5,10,M,no,sedentario
PAC005846,56,68.0,140,34.7,96,86,156,94,78,66,5.3,276,41,92,252,0.76,57,5.1,53.1,17.6,0,500,6.0,9,7,2,11.8,4,F,no,ligero
PAC005847,23,64.1,164,23.8,78,112,111,70,64,65,4.9,176,87,94,40,1.1,96,1.3,37.9,13.6,7,17957,7.0,14,13,5,8.0,4,M,si,ligero
PAC005848,27,85.8,151,37.6,75,94,102,89,62,106,5.3,165,53,88,139,1.23,100,0.1,52.1,15.5,11,17428,9.5,2,13,6,6.8,5,F,no,ligero
PAC005849,73,76.6,161,29.6,101,82,160,96,88,123,7.5,205,58,93,165,0.57,94,5.0,21.4,16.9,0,4307,4.5,11,10,0,10.5,5,F,si,ligero
PAC005850,69,86.2,154,36.3,120,105,154,86,59,95,6.2,246,43,106,109,0.65,54,3.3,37.1,16.7,0,9097,6.7,13,14,2,9.8,9,M,no,sedentario
PAC005851,90,97.8,151,42.9,110,87,169,83,59,120,5.9,190,48,194,101,0.61,84,5.8,35.7,17.6,5,940,5.2,26,0,2,16.5,7,F,si,ligero
PAC005852,18,59.6,167,21.4,102,100,106,83,49,105,4.1,204,64,117,42,1.18,110,0.1,43.9,16.9,6,17585,8.8,0,3,8,5.7,0,F,si,ligero
PAC005853,18,86.3,159,34.1,66,96,125,77,86,128,5.9,167,70,116,64,1.18,130,3.6,5.0,12.1,9,8080,8.7,25,19,2,9.3,5,F,no,sedentario
PAC005854,62,104.4,195,27.5,141,108,147,98,83,131,7.0,247,30,158,338,1.37,74,0.3,36.5,17.5,0,4590,10.5,6,13,1,16.2,7,M,si,sedentario
PAC005855,68,71.3,141,35.9,121,91,174,107,84,118,5.7,242,64,149,128,0.4,70,9.1,38.2,15.4,0,4715,6.5,12,8,0,11.1,5,F,no,ligero
PAC005856,88,90.9,140,46.4,115,99,158,97,75,108,6.0,222,47,116,40,0.47,63,0.6,35.5,18.0,0,6249,4.1,11,4,4,12.5,7,F,si,ligero
PAC005857,61,95.5,205,22.7,125,106,129,87,79,127,7.5,222,35,164,200,1.28,82,5.2,34.2,13.7,0,915,7.1,8,15,2,6.7,10,F,si,sedentario
PAC005858,66,97.6,204,23.5,95,102,126,88,88,102,6.6,226,41,159,310,1.24,51,5.5,57.3,15.4,0,931,7.5,18,0,1,8.2,8,M,si,sedentario
PAC005859,78,91.6,186,26.5,119,98,122,82,75,143,7.9,286,25,142,147,1.18,78,4.9,14.5,13.8,0,500,8.6,3,0,1,10.1,9,F,si,sedentario
PAC005860,70,75.7,148,34.6,94,88,169,95,87,78,6.1,330,28,144,236,0.4,110,2.6,27.0,16.6,0,6055,5.2,9,6,2,14.7,5,M,no,ligero
PAC005861,18,58.2,172,19.7,88,92,110,101,73,104,6.0,169,70,104,40,0.86,82,1.8,20.0,13.2,0,5921,8.5,14,21,1,11.2,7,F,si,ligero
PAC005862,63,111.7,193,30.0,132,94,134,81,83,132,7.1,189,61,117,401,1.24,76,8.4,33.3,13.1,1,1209,10.7,24,4,3,13.0,8,F,no,sedentario
PAC005863,67,93.4,192,25.3,120,101,156,90,68,144,7.1,180,44,166,206,1.33,99,6.7,37.0,15.1,1,5405,9.7,8,2,1,14.4,6,F,si,sedentario
PAC005864,18,78.9,177,25.2,84,117,109,73,45,98,4.7,146,66,117,140,0.95,119,2.5,35.9,14.2,8,17420,7.3,5,0,4,4.4,0,M,no,sedentario
PAC005865,18,76.7,164,28.5,85,93,130,85,61,111,4.9,205,60,128,40,1.23,103,2.8,41.4,16.8,4,15891,8.2,18,5,8,4.5,4,M,no,ligero
PAC005866,71,105.2,159,41.6,107,84,147,93,83,91,7.6,216,44,153,124,0.62,71,3.8,45.2,16.6,3,5329,4.7,7,4,0,11.9,9,M,si,sedentario
PAC005867,73,104.6,192,28.4,138,108,137,86,73,145,8.1,240,25,179,243,1.0,77,7.0,23.9,13.4,0,1789,9.0,27,0,1,5.3,5,M,si,sedentario
PAC005868,18,88.8,163,33.4,85,102,122,84,79,87,5.1,159,70,80,76,1.13,109,0.5,14.0,10.2,5,8314,9.4,28,33,1,8.5,10,M,no,activo
PAC005869,18,53.1,178,16.8,77,111,118,65,56,85,4.7,177,67,152,79,1.1,102,1.3,38.5,12.3,9,14114,9.3,0,7,5,10.6,0,F,no,activo
PAC005870,49,74.7,158,29.9,110,82,158,97,83,60,6.5,292,68,130,268,0.8,62,5.7,30.0,17.4,4,4595,6.4,15,0,2,10.6,6,M,no,activo
PAC005871,51,55.8,154,23.5,97,79,121,67,82,60,4.3,151,56,100,171,0.84,95,1.2,15.1,10.3,8,11835,7.9,8,9,5,6.4,9,M,si,ligero
PAC005872,40,111.6,143,54.6,93,98,137,84,63,90,5.5,196,39,114,175,0.47,83,1.6,31.8,15.1,0,10986,5.9,7,0,3,16.1,6,M,si,ligero
PAC005873,18,69.7,163,26.2,88,106,107,81,61,71,4.0,171,61,95,86,1.14,83,0.7,37.1,15.7,7,16422,6.5,1,0,7,7.1,6,F,no,activo
PAC005874,80,99.4,189,27.8,102,103,128,90,74,133,6.9,231,41,189,301,1.04,92,6.1,54.5,15.8,2,6837,10.2,19,15,3,16.3,8,M,si,sedentario
PAC005875,40,65.0,158,26.0,93,99,131,78,77,88,4.8,194,66,94,41,1.13,130,0.1,35.5,14.2,5,10011,7.4,0,2,4,5.6,1,M,si,ligero
PAC005876,28,76.4,172,25.8,100,93,129,83,78,83,4.6,176,69,77,86,1.21,83,2.3,5.0,11.7,6,8958,8.8,21,25,0,9.9,8,M,no,sedentario
PAC005877,32,62.3,169,21.8,87,113,126,80,57,106,4.6,153,65,152,40,1.42,83,0.1,18.2,15.9,9,12100,8.3,0,0,7,5.1,5,M,si,activo
PAC005878,18,87.8,167,31.5,75,89,121,65,82,117,7.0,152,50,87,142,0.78,122,3.8,22.1,11.4,4,8425,5.6,8,28,1,15.7,8,F,no,ligero
PAC005879,65,88.5,147,41.0,110,118,178,100,90,118,5.3,239,70,163,105,0.66,82,6.6,40.3,17.3,2,971,7.1,17,6,5,11.8,10,F,no,ligero
PAC005880,72,96.8,140,49.4,110,108,155,95,85,90,6.3,155,34,110,235,0.75,67,2.2,28.6,15.5,0,8655,7.4,2,5,0,14.5,6,M,si,sedentario
PAC005881,29,57.4,157,23.3,103,107,119,74,52,72,4.6,172,72,72,75,1.05,120,0.1,52.0,16.6,7,14848,8.0,0,0,4,3.4,2,F,si,ligero
PAC005882,54,91.6,201,22.7,114,110,139,85,82,150,6.8,267,46,178,272,1.28,73,3.9,42.6,13.7,2,2249,8.9,12,7,0,11.8,4,M,si,ligero
PAC005883,69,75.7,188,21.4,121,109,124,97,83,164,7.3,206,28,153,236,1.15,59,6.4,41.5,18.1,0,3211,7.8,15,0,3,5.1,10,F,no,sedentario
PAC005884,18,62.7,171,21.4,88,102,90,64,73,76,4.5,166,79,134,94,0.96,98,0.1,32.7,15.1,9,7334,8.8,0,2,5,5.5,5,F,no,activo
PAC005885,62,65.8,153,28.1,79,75,125,74,82,80,4.1,229,54,98,124,1.05,93,4.9,11.9,10.3,4,11461,8.5,7,28,0,6.5,3,M,si,ligero
PAC005886,18,74.3,159,29.4,100,89,107,84,65,89,4.7,181,45,126,124,0.69,125,4.6,19.6,14.3,9,13451,8.7,0,1,5,7.6,4,M,no,ligero
PAC005887,28,92.6,173,30.9,87,75,139,77,68,83,4.0,161,53,90,40,1.34,99,2.0,36.7,17.2,11,13403,8.5,3,0,5,10.0,0,F,no,sedentario
PAC005888,64,104.3,200,26.1,84,105,128,90,69,132,8.2,226,31,85,307,0.78,59,7.3,30.8,15.7,0,6170,9.6,0,8,2,14.6,10,F,si,sedentario
PAC005889,49,106.3,159,42.0,95,83,147,104,83,107,5.4,258,34,203,163,0.61,65,6.2,14.0,17.7,2,4083,7.0,0,7,2,14.9,7,M,si,activo
PAC005890,90,77.7,146,36.5,114,94,159,94,73,108,5.8,231,40,123,261,0.5,83,0.1,35.4,16.8,4,5617,6.5,7,1,0,12.8,4,F,si,sedentario
PAC005891,41,80.0,182,24.2,134,108,138,79,71,120,6.2,266,25,156,234,1.01,75,5.5,41.2,16.0,0,4929,9.2,11,0,0,10.5,8,M,si,ligero
PAC005892,83,95.0,194,25.2,96,86,159,86,66,152,6.4,231,49,181,294,1.45,54,5.1,35.7,15.6,0,6568,10.7,7,3,2,12.3,8,M,si,sedentario
PAC005893,18,59.1,154,24.9,90,93,120,57,82,90,5.8,161,54,90,117,0.6,92,2.9,23.9,11.4,6,12135,6.8,7,19,1,9.3,8,F,no,sedentario
PAC005894,37,80.4,160,31.4,63,99,98,79,68,73,5.7,168,69,116,76,1.26,114,0.1,38.0,14.5,7,11827,8.3,9,5,4,2.3,3,M,si,ligero
PAC005895,30,72.7,170,25.2,84,83,135,86,60,68,4.0,243,48,61,126,1.25,113,0.6,52.4,15.4,10,8711,8.0,3,3,6,7.5,2,M,no,activo
PAC005896,79,66.4,202,16.3,146,104,120,73,84,150,6.0,208,32,101,247,1.05,88,5.9,36.8,14.9,0,3846,8.2,13,0,2,9.4,7,M,si,sedentario
PAC005897,18,89.4,166,32.4,72,103,116,66,78,97,4.6,236,45,85,40,0.73,103,1.0,19.8,14.0,4,11854,8.4,18,25,1,10.0,4,M,si,sedentario
PAC005898,20,48.6,158,19.5,62,104,105,70,58,93,4.0,138,65,120,119,1.1,109,0.1,32.8,14.7,11,12085,8.9,3,1,5,7.5,0,F,no,activo
PAC005899,30,62.0,158,24.8,90,101,117,71,100,91,5.7,152,52,125,112,1.07,130,2.1,36.9,12.1,5,4021,7.9,21,22,1,8.2,6,F,no,ligero
PAC005900,34,55.5,166,20.1,95,93,103,79,85,116,5.3,195,87,132,81,0.92,130,1.4,25.0,12.2,4,6202,8.2,19,22,0,7.7,9,M,no,ligero
PAC005901,21,85.6,166,31.1,60,127,100,51,70,93,4.6,127,58,70,40,0.93,91,0.7,47.8,12.4,8,10491,8.5,1,8,6,2.6,3,M,no,ligero
PAC005902,73,99.0,140,50.5,101,91,158,102,64,108,6.5,231,45,135,192,0.4,77,6.2,29.7,15.9,2,500,5.5,3,0,0,13.8,9,F,no,sedentario
PAC005903,18,78.7,161,30.4,98,100,131,61,87,85,5.3,160,46,140,122,1.16,94,2.6,27.3,9.8,4,12091,7.7,21,29,2,9.9,6,F,si,ligero
PAC005904,79,99.5,140,50.8,117,103,188,94,91,81,6.1,257,48,90,99,0.47,67,2.9,41.7,14.9,0,5323,6.5,11,0,1,12.7,9,F,si,sedentario
PAC005905,45,97.6,196,25.4,130,122,132,80,87,109,6.1,218,36,108,239,1.11,73,7.0,53.6,15.4,0,6533,9.9,14,2,3,13.3,8,F,no,sedentario
PAC005906,70,87.8,205,20.9,110,101,115,86,69,115,7.6,279,44,181,278,1.25,58,7.0,46.7,14.2,0,6084,8.8,16,12,0,10.7,6,M,no,sedentario
PAC005907,75,95.4,199,24.1,105,103,137,103,97,123,6.4,289,38,151,248,1.29,93,8.9,47.6,11.9,3,3208,7.6,18,19,2,14.3,6,F,no,sedentario
PAC005908,53,88.1,190,24.4,135,102,149,89,75,123,7.1,239,31,136,324,1.14,97,8.0,40.7,14.3,0,500,8.7,10,13,0,14.1,9,F,si,sedentario
PAC005909,19,62.1,159,24.6,80,92,106,85,45,80,5.2,159,73,102,134,1.03,105,5.4,37.0,15.6,6,13964,11.0,4,0,2,3.6,0,M,no,ligero
PAC005910,81,89.2,156,36.7,102,91,156,105,83,97,6.6,238,31,120,219,0.4,80,3.5,26.5,14.9,0,6070,7.6,11,0,4,8.4,7,M,si,sedentario
PAC005911,50,80.5,143,39.4,77,94,124,74,86,77,4.3,205,77,93,290,1.01,130,4.5,34.3,11.6,7,8296,7.9,19,39,0,8.7,7,M,no,ligero
PAC005912,87,86.9,151,38.1,93,104,151,97,77,113,5.5,285,55,123,242,0.53,44,7.5,33.6,14.5,2,7240,5.8,21,4,2,13.1,3,F,si,sedentario
PAC005913,83,91.0,187,26.0,112,112,103,100,74,125,7.2,217,25,232,265,1.04,74,6.5,51.6,14.8,2,6026,8.9,10,1,3,10.3,8,F,no,sedentario
PAC005914,89,98.3,152,42.5,102,84,161,94,55,108,6.3,170,52,173,135,0.93,37,5.9,29.3,15.0,0,8148,5.1,0,7,2,12.5,7,F,no,ligero
PAC005915,19,96.2,168,34.1,86,94,113,67,58,72,4.0,148,66,104,145,1.21,88,0.5,39.4,13.9,9,9946,8.9,3,1,7,2.8,2,F,si,sedentario
PAC005916,46,84.3,194,22.4,109,116,130,87,85,136,8.0,171,30,192,353,1.28,95,0.9,44.8,14.7,0,1771,6.6,12,8,0,10.6,5,M,no,ligero
PAC005917,53,69.2,140,35.3,100,95,173,116,72,99,5.6,235,48,128,218,0.4,59,1.4,29.7,15.8,3,500,6.0,6,7,3,12.8,5,M,si,ligero
PAC005918,18,76.7,147,35.5,99,97,110,76,72,71,5.6,185,48,72,40,1.01,81,2.9,16.0,12.8,8,12167,9.2,5,36,3,8.7,10,M,no,ligero
PAC005919,69,88.7,140,45.3,99,109,174,105,69,88,6.7,224,40,143,58,0.4,57,4.7,29.9,16.5,4,4084,5.8,0,15,2,16.7,9,M,no,sedentario
PAC005920,89,107.3,200,26.8,100,95,127,83,73,136,6.8,243,33,160,250,0.96,127,7.3,36.2,16.1,0,2278,9.3,15,10,1,8.0,5,M,no,sedentario
PAC005921,18,44.5,162,17.0,90,108,124,68,87,76,4.5,260,61,138,51,0.71,110,3.0,33.6,9.2,4,3499,6.3,17,25,3,6.0,5,M,no,ligero
PAC005922,49,64.5,142,32.0,104,91,140,102,74,135,6.1,208,49,143,156,0.4,74,5.5,33.6,14.9,2,5973,6.5,8,0,2,11.3,9,F,no,sedentario
PAC005923,79,114.3,179,35.7,121,87,137,78,78,131,7.5,223,25,199,180,0.94,57,8.2,36.2,14.5,0,1906,8.9,8,0,2,7.3,10,M,si,sedentario
PAC005924,48,61.0,170,21.1,108,86,90,87,48,90,4.8,146,65,133,40,1.02,89,0.1,36.4,13.8,9,16873,8.9,0,0,5,3.5,2,M,si,ligero
PAC005925,28,50.7,140,25.9,68,116,126,87,67,71,5.5,174,52,100,42,0.77,99,2.0,23.5,14.7,4,14061,8.4,0,0,5,3.7,0,F,si,sedentario
PAC005926,43,50.6,163,19.0,82,91,119,81,63,69,4.2,186,62,103,54,0.65,112,7.3,26.9,9.5,4,7685,8.1,21,40,5,6.9,10,M,no,activo
PAC005927,78,111.4,193,29.9,99,98,137,88,94,151,7.4,196,40,132,254,1.15,46,5.4,38.7,13.5,0,1089,11.0,0,4,1,9.3,8,F,si,activo
PAC005928,55,55.6,160,21.7,101,102,130,69,80,66,5.3,144,77,165,40,0.88,123,0.1,49.4,13.6,3,12060,7.1,5,6,2,2.0,1,M,no,activo
PAC005929,29,56.3,167,20.2,67,108,128,67,65,60,5.2,214,72,78,105,1.04,123,0.1,39.1,16.6,12,15968,10.1,2,14,6,2.6,3,M,si,ligero
PAC005930,58,67.6,189,18.9,112,99,149,97,78,139,6.4,214,25,154,323,1.4,90,6.3,28.1,16.5,2,4595,9.2,9,0,2,14.8,8,F,si,sedentario
PAC005931,43,58.9,192,16.0,77,113,100,74,62,89,4.8,142,52,69,40,0.84,128,2.0,32.7,14.6,10,10654,7.9,8,0,6,4.1,2,F,no,activo
PAC005932,21,49.0,145,23.3,86,87,136,63,84,115,4.6,178,53,145,184,1.21,87,5.4,15.9,15.2,10,7894,7.8,24,19,2,9.1,6,M,si,sedentario
PAC005933,18,65.1,140,33.2,68,80,124,78,83,66,4.2,181,71,62,40,0.47,83,4.1,24.2,12.8,2,8168,8.7,30,33,0,7.9,7,M,no,sedentario
PAC005934,18,40.0,156,16.4,91,100,101,78,75,83,6.2,181,56,99,40,1.11,105,0.1,20.7,14.0,6,8089,8.6,5,1,10,7.6,6,F,si,ligero
PAC005935,41,68.4,165,25.1,60,92,101,73,66,80,6.1,176,63,100,111,1.24,111,3.2,22.0,15.2,8,11613,6.8,0,3,9,8.1,1,M,no,sedentario
PAC005936,78,93.8,148,42.8,107,93,162,118,83,88,6.0,240,49,153,165,1.0,94,7.8,26.4,16.2,1,5600,8.3,6,7,1,11.3,10,F,no,sedentario
PAC005937,49,70.9,205,16.9,110,114,128,74,86,128,6.7,185,60,145,313,1.16,73,9.7,31.0,15.3,0,500,9.3,4,0,3,9.5,10,M,si,activo
PAC005938,31,69.4,163,26.1,66,113,131,77,83,117,5.3,219,73,82,209,1.08,130,0.1,44.3,9.5,5,11914,8.0,15,24,2,12.6,9,M,no,ligero
PAC005939,51,68.0,153,29.0,69,87,103,74,58,81,5.4,180,61,159,115,1.02,99,0.1,42.1,16.2,8,9438,8.1,17,2,5,4.0,3,F,no,ligero
PAC005940,18,73.3,159,29.0,68,120,114,68,54,74,4.6,209,66,94,158,1.12,130,0.1,39.9,14.5,14,10463,9.0,0,0,5,11.7,3,F,no,ligero
PAC005941,63,107.9,196,28.1,131,110,155,98,72,140,8.1,259,37,161,335,0.95,95,7.7,41.0,14.5,0,500,9.5,9,9,3,12.2,10,F,si,sedentario
PAC005942,39,90.6,140,46.2,124,101,147,98,79,86,5.7,217,49,155,285,0.4,59,6.7,25.4,15.2,0,6079,5.9,3,10,1,14.6,6,M,no,sedentario
PAC005943,76,73.0,140,37.2,84,93,146,104,85,96,5.3,185,33,162,77,0.4,66,8.6,42.6,16.5,0,4223,4.1,12,5,4,15.8,3,M,si,sedentario
PAC005944,70,96.1,189,26.9,106,108,129,91,66,128,7.0,240,68,133,158,1.48,81,7.3,33.7,16.7,0,500,7.1,0,6,2,7.3,7,F,si,sedentario
PAC005945,71,74.6,155,31.1,120,83,181,109,79,90,5.4,200,25,181,259,0.4,73,6.1,35.5,15.0,2,1485,6.5,11,4,3,11.2,1,M,no,activo
PAC005946,72,74.9,143,36.6,119,104,188,96,76,75,7.4,244,28,126,184,0.66,86,6.1,41.1,18.3,2,2678,7.2,2,0,2,12.3,10,F,si,sedentario
PAC005947,59,79.6,148,36.3,89,99,165,75,81,112,5.9,234,55,124,214,0.7,72,4.0,29.4,17.7,0,8578,6.5,2,0,3,14.6,9,F,si,sedentario
PAC005948,24,54.2,165,19.9,91,111,132,69,50,74,5.1,172,47,100,99,0.87,106,0.1,35.7,15.2,8,13494,7.6,4,1,4,7.8,3,F,no,activo
PAC005949,59,52.9,150,23.5,131,96,163,102,94,60,5.1,261,47,82,228,0.49,79,4.0,32.6,18.1,1,500,7.4,5,0,3,17.3,7,M,no,sedentario
PAC005950,46,65.2,164,24.2,83,111,94,59,57,92,5.7,184,73,112,176,1.12,91,0.1,30.6,15.6,5,12092,8.4,2,0,5,3.6,1,F,si,activo
PAC005951,67,112.4,197,29.0,114,93,162,88,72,113,7.8,235,36,142,263,1.5,84,6.2,15.2,16.2,2,1245,8.1,16,16,3,14.8,9,F,no,ligero
PAC005952,43,52.5,166,19.1,100,96,104,97,73,73,5.3,138,66,66,120,1.16,99,0.1,43.1,12.0,11,15055,9.1,0,2,6,7.5,1,F,si,activo
PAC005953,82,68.2,140,34.8,110,106,170,97,88,96,6.8,186,61,117,200,0.56,63,3.2,36.0,17.4,1,10416,7.5,3,0,4,15.0,7,M,no,sedentario
PAC005954,53,83.8,187,24.0,116,123,146,79,75,123,7.7,214,43,171,262,1.48,81,7.4,47.8,15.5,2,1487,8.1,4,12,3,11.7,5,M,si,sedentario
PAC005955,69,92.2,197,23.8,125,114,133,70,64,129,6.6,245,40,138,183,1.14,95,7.9,40.9,12.9,4,4470,8.7,0,0,2,13.4,4,M,si,sedentario
PAC005956,18,89.1,158,35.7,71,113,105,62,60,60,4.3,136,65,119,40,1.04,99,0.1,34.5,17.4,13,9095,7.8,7,0,5,6.8,6,F,si,sedentario
PAC005957,25,50.7,168,18.0,86,99,90,77,66,101,5.3,180,53,116,148,1.17,103,0.9,44.9,13.4,5,14186,9.0,8,0,6,6.4,5,F,si,ligero
PAC005958,69,77.4,151,33.9,120,111,144,119,70,127,6.0,203,46,141,193,0.66,92,2.2,25.5,14.6,0,858,6.4,11,0,3,13.6,8,M,no,sedentario
PAC005959,54,67.8,140,34.6,98,101,174,108,83,86,5.5,211,38,148,158,0.49,67,4.3,28.2,17.8,4,500,7.2,11,0,2,16.0,9,M,si,sedentario
PAC005960,90,95.3,188,27.0,130,100,128,87,90,107,7.0,202,25,153,303,1.05,54,7.6,26.7,15.8,0,1846,9.9,10,8,1,13.5,10,F,si,sedentario
PAC005961,18,50.0,152,21.6,78,90,98,66,78,111,5.1,147,44,76,109,0.76,105,3.9,24.2,9.9,3,6501,8.6,15,18,4,7.3,4,M,si,activo
PAC005962,69,91.6,200,22.9,102,100,146,88,79,121,6.6,255,27,179,293,0.88,79,4.4,39.7,14.6,0,3420,9.8,4,1,2,7.1,6,M,no,ligero
PAC005963,30,81.6,170,28.2,72,94,131,83,61,77,5.4,154,72,82,127,1.03,117,1.3,35.4,15.9,3,13251,8.2,1,9,6,3.9,4,M,no,ligero
PAC005964,90,82.0,140,41.8,115,103,187,101,72,117,5.6,271,30,159,127,0.84,57,3.1,29.3,16.5,1,2843,8.6,5,9,4,10.3,9,M,si,activo
PAC005965,18,81.9,159,32.4,95,89,123,70,105,104,5.5,188,74,120,227,1.13,101,3.2,14.2,12.0,5,9789,7.0,18,21,1,12.0,9,F,si,ligero
PAC005966,56,110.3,201,27.3,114,105,138,83,79,129,6.5,267,35,182,275,1.25,68,7.3,36.7,12.6,3,2047,8.2,5,4,1,14.9,8,M,no,sedentario
PAC005967,35,105.4,204,25.3,122,103,131,80,79,158,6.9,298,43,171,223,1.13,61,7.6,42.8,12.5,0,500,9.5,12,17,0,9.4,5,M,si,ligero
PAC005968,18,66.9,155,27.8,82,82,104,91,77,117,5.1,169,40,87,112,0.83,100,1.5,7.6,10.2,7,5959,7.5,20,32,3,9.6,10,F,no,sedentario
PAC005969,38,40.0,146,18.8,95,83,114,76,85,94,5.0,153,63,127,130,1.07,78,5.4,37.5,12.1,6,15202,8.4,25,21,0,10.0,7,F,si,sedentario
PAC005970,23,44.9,176,14.5,76,94,100,87,54,100,5.8,152,75,125,40,1.1,115,0.1,44.9,16.8,10,12668,7.9,5,0,6,3.2,1,M,si,ligero
PAC005971,85,96.0,144,46.3,126,77,167,117,68,106,5.1,214,25,148,145,0.56,67,10.3,27.9,14.9,2,3774,6.5,12,0,1,14.4,5,F,no,sedentario
PAC005972,89,94.3,158,37.8,110,96,168,91,59,111,6.7,230,40,126,141,0.4,77,10.5,42.3,17.3,0,4613,6.3,23,12,2,10.9,10,F,no,sedentario
PAC005973,72,66.1,140,33.7,117,89,142,110,56,80,5.9,195,56,146,167,0.49,59,4.9,37.7,16.9,2,6428,4.6,13,10,5,11.5,10,M,si,activo
PAC005974,72,105.6,195,27.8,127,85,155,89,84,109,6.9,266,41,85,260,1.09,97,5.9,48.4,17.6,3,3823,8.9,12,0,3,12.4,8,M,si,ligero
PAC005975,26,56.9,163,21.4,86,94,117,77,63,96,4.2,250,78,100,40,0.95,101,4.6,38.1,16.5,12,12079,7.4,0,9,5,9.5,1,F,si,ligero
PAC005976,46,96.3,148,44.0,99,91,149,107,86,83,5.4,233,45,92,121,0.4,94,6.1,5.0,14.2,4,7023,6.5,18,9,4,12.6,8,M,no,sedentario
PAC005977,47,48.6,150,21.6,82,109,119,75,69,73,4.9,193,69,147,60,1.05,100,0.1,21.3,16.6,7,12723,8.8,9,10,8,9.4,3,F,no,sedentario
PAC005978,79,95.8,162,36.5,97,92,159,96,79,104,5.3,165,51,164,40,0.68,88,3.7,35.0,16.2,3,4039,5.5,8,13,1,10.4,8,F,no,ligero
PAC005979,90,92.3,140,47.1,124,99,139,87,74,81,7.3,177,70,137,211,0.63,50,5.6,37.3,15.3,1,4120,7.6,17,0,3,11.6,5,M,no,sedentario
PAC005980,61,80.6,145,38.3,98,93,155,94,70,103,5.4,237,36,137,221,0.67,78,6.7,33.0,15.4,6,6376,4.1,32,0,3,7.2,7,M,si,sedentario
PAC005981,25,45.9,146,21.5,88,107,113,73,83,83,5.9,197,82,113,87,0.92,92,0.3,20.7,13.3,4,12009,8.9,22,21,3,8.4,8,F,no,ligero
PAC005982,31,74.0,159,29.3,80,105,115,68,55,83,5.9,224,73,86,141,1.05,92,1.0,23.5,15.8,11,14383,7.4,4,0,4,8.6,0,M,no,ligero
PAC005983,18,75.5,154,31.8,84,89,134,81,75,84,5.3,162,58,102,171,0.91,117,4.6,23.0,14.8,5,5769,7.4,20,18,3,7.5,9,M,no,activo
PAC005984,59,69.6,147,32.2,127,93,145,105,74,82,5.7,186,38,168,235,0.53,45,7.8,33.4,14.6,0,2310,4.0,1,9,2,6.4,6,M,no,sedentario
PAC005985,65,79.0,168,28.0,83,92,137,66,84,83,5.4,180,54,106,74,0.97,101,0.1,26.6,11.7,5,14897,10.4,23,22,3,5.8,10,M,no,activo
PAC005986,71,76.3,140,38.9,89,99,162,106,67,121,4.3,217,35,146,210,0.51,100,4.8,21.1,18.6,6,6833,7.1,7,7,2,13.2,7,M,si,ligero
PAC005987,42,76.2,166,27.7,78,109,140,83,62,102,6.2,163,72,58,61,1.03,117,1.2,16.9,15.4,9,12330,8.2,7,0,4,2.0,3,F,no,activo
PAC005988,28,75.7,161,29.2,87,98,111,52,52,87,5.4,204,40,100,40,1.16,87,0.1,46.1,13.4,10,9277,7.8,4,10,6,5.5,0,F,no,ligero
PAC005989,22,72.9,155,30.3,91,119,119,67,68,122,5.1,232,54,112,74,1.18,96,1.0,20.7,12.1,6,8999,9.3,21,21,1,6.9,9,F,si,activo
PAC005990,31,71.1,155,29.6,80,102,101,60,77,95,4.8,193,67,90,110,1.01,109,0.1,49.4,15.3,6,11445,6.3,6,5,4,9.3,1,M,no,ligero
PAC005991,31,55.1,161,21.3,75,117,113,83,61,71,5.5,177,42,124,40,0.81,125,2.1,36.9,16.1,10,14335,8.5,5,0,5,7.2,3,F,no,sedentario
PAC005992,90,84.0,200,21.0,95,106,115,89,73,135,7.1,245,38,141,231,1.2,48,8.0,26.3,15.7,0,1539,6.7,0,9,1,8.1,10,F,si,sedentario
PAC005993,19,56.5,168,20.0,76,131,125,68,68,60,5.2,178,62,112,140,0.88,107,0.1,31.9,14.0,3,17508,8.9,0,3,5,4.0,5,M,si,sedentario
PAC005994,90,102.1,148,46.6,105,108,149,105,73,130,6.0,257,81,119,239,0.68,84,4.2,28.0,17.6,3,3016,8.8,16,7,4,10.9,6,F,si,sedentario
PAC005995,78,102.7,187,29.4,92,108,133,97,70,131,7.6,257,27,170,270,1.28,64,9.9,41.7,18.3,1,9544,8.5,18,4,1,9.5,10,F,si,sedentario
PAC005996,47,109.8,176,35.4,109,88,142,87,64,122,7.7,244,25,165,243,1.3,81,7.4,33.6,16.7,0,5870,10.7,10,3,1,10.3,7,F,si,sedentario
PAC005997,24,82.0,160,32.0,66,98,119,65,84,74,5.4,151,65,101,127,1.13,113,4.5,13.5,11.7,3,5652,7.3,20,14,1,9.8,2,F,no,sedentario
PAC005998,57,72.5,145,34.5,107,96,165,96,64,95,6.9,269,53,148,207,0.74,65,8.5,32.9,16.0,4,10737,5.4,15,9,3,10.7,1,M,no,sedentario
PAC005999,18,81.3,162,31.0,84,96,123,82,58,98,6.8,186,69,69,60,1.16,85,0.1,48.3,13.0,11,17377,6.3,0,5,6,7.9,0,F,no,activo
PAC006000,18,59.6,169,20.9,96,112,121,74,70,99,6.0,207,67,135,111,0.94,91,1.6,40.1,14.3,10,9501,9.2,1,0,7,4.1,1,F,si,sedentario
PAC006001,31,58.0,179,18.1,75,85,93,73,87,108,5.0,204,93,135,142,0.88,84,1.7,21.1,10.1,10,13798,8.1,17,24,3,5.7,5,F,no,sedentario
PAC006002,45,78.2,200,19.6,115,106,130,82,82,118,7.2,210,34,135,294,1.19,83,5.1,29.6,14.8,0,990,9.3,21,1,2,10.9,9,F,no,sedentario
PAC006003,43,64.5,165,23.7,92,101,129,86,69,61,5.3,192,51,134,58,1.26,72,1.3,27.7,13.8,10,13287,8.9,0,0,4,8.2,0,M,no,activo
PAC006004,82,93.9,156,38.6,96,80,148,93,66,90,6.9,220,40,129,239,0.43,79,5.2,17.5,16.9,1,2382,5.3,2,10,3,13.3,7,M,si,sedentario
PAC006005,65,89.6,170,31.0,121,92,165,106,78,103,6.0,216,37,133,143,0.49,45,2.5,29.6,17.0,1,1038,7.8,12,3,3,13.1,6,F,no,ligero
PAC006006,18,75.2,162,28.7,88,125,136,76,63,79,4.2,196,76,103,103,1.29,75,6.2,46.0,14.6,10,13065,7.6,10,0,5,3.0,2,F,no,ligero
PAC006007,24,73.3,157,29.7,84,102,108,78,77,73,5.0,166,60,164,146,0.97,117,3.2,28.7,15.8,9,14061,7.0,3,5,8,7.7,0,F,si,ligero
PAC006008,36,97.1,198,24.8,120,111,141,82,87,135,7.9,237,34,99,197,1.17,60,8.2,40.0,15.4,1,6857,9.5,17,0,3,13.8,10,M,si,sedentario
PAC006009,18,57.2,160,22.3,60,105,129,77,45,90,5.2,248,50,121,125,1.16,93,1.5,52.9,16.8,10,14872,8.3,5,0,5,7.3,4,F,si,ligero
PAC006010,18,66.1,163,24.9,85,87,133,78,54,81,4.6,162,68,82,102,1.19,82,0.1,12.4,15.0,6,12317,9.5,2,0,4,5.4,0,F,no,sedentario
PAC006011,25,56.2,160,22.0,90,93,118,77,70,95,5.4,188,62,96,49,0.8,90,0.7,24.1,10.1,10,5138,7.4,31,18,4,9.8,9,F,no,ligero
PAC006012,76,95.9,184,28.3,113,102,146,102,80,85,7.2,202,39,178,220,1.48,68,6.9,52.7,16.2,0,3214,9.5,18,7,2,4.7,7,M,si,sedentario
PAC006013,76,73.4,140,37.4,115,108,166,99,85,86,5.3,225,39,210,132,0.52,65,1.5,26.0,17.3,0,1015,6.2,6,5,3,9.7,5,M,no,ligero
PAC006014,86,72.4,140,36.9,106,96,166,106,61,117,5.8,289,52,144,290,0.66,62,7.1,33.3,15.1,2,2612,4.6,6,13,2,11.7,3,F,si,sedentario
PAC006015,22,72.0,165,26.4,81,104,104,62,59,95,4.6,216,70,89,97,1.03,117,0.1,42.4,17.5,10,12587,8.0,14,12,3,3.6,2,F,no,ligero
PAC006016,21,52.0,169,18.2,89,106,126,88,75,107,5.0,175,64,122,72,0.78,72,0.1,32.0,11.6,5,7463,9.7,14,27,2,10.4,7,F,no,sedentario
PAC006017,39,77.4,168,27.4,99,94,127,56,91,111,5.8,147,66,164,122,1.07,93,3.9,26.2,12.8,5,8853,8.1,22,11,1,4.9,10,M,no,ligero
PAC006018,43,78.7,172,26.6,79,110,103,82,73,78,5.1,122,61,99,40,1.01,87,0.2,37.1,13.0,11,15937,10.2,3,2,7,4.5,2,M,no,ligero
PAC006019,72,89.7,192,24.3,128,90,133,89,91,132,6.5,257,30,161,218,1.19,90,9.2,32.0,13.2,0,4447,9.1,21,7,1,10.6,3,F,si,ligero
PAC006020,69,95.0,203,23.1,108,114,101,81,80,143,6.5,264,60,157,356,1.19,58,2.5,24.6,13.0,0,4901,9.5,6,12,4,10.5,7,M,si,activo
PAC006021,80,93.5,149,42.1,116,91,157,117,77,104,5.2,207,60,144,186,0.4,64,4.8,49.7,17.4,2,2715,6.4,21,11,4,13.1,6,M,si,sedentario
PAC006022,59,80.8,205,19.2,119,111,161,80,84,138,7.1,251,40,173,227,0.96,75,9.7,31.9,16.4,0,3732,9.3,21,2,1,15.7,8,F,si,sedentario
PAC006023,26,66.8,159,26.4,69,92,137,83,77,60,5.6,255,62,103,56,1.06,95,4.2,5.0,12.3,4,11650,9.7,24,25,3,11.7,10,F,no,sedentario
PAC006024,50,63.5,146,29.8,69,97,113,81,92,87,5.1,173,63,115,150,0.81,78,3.9,20.9,11.1,5,4434,9.3,9,16,0,11.6,10,F,no,sedentario
PAC006025,18,84.1,145,40.0,83,86,98,71,92,95,5.2,149,60,64,110,0.8,103,3.2,26.4,11.6,6,11678,7.0,25,31,4,8.6,8,F,si,activo
PAC006026,41,88.5,156,36.4,72,92,127,91,67,83,4.2,170,54,96,40,0.81,130,0.1,32.7,14.3,8,10875,9.1,7,8,6,5.8,2,F,no,ligero
PAC006027,77,55.7,151,24.4,111,75,156,100,73,104,4.7,251,38,98,207,0.43,89,7.3,32.3,15.8,0,7151,4.5,13,2,0,9.7,4,F,si,sedentario
PAC006028,21,66.5,157,27.0,66,102,116,85,56,94,4.2,110,53,118,127,1.05,105,2.3,33.7,14.2,14,13998,8.2,11,0,4,6.1,5,F,no,activo
PAC006029,59,87.3,147,40.4,76,107,166,99,63,93,5.5,190,48,153,223,0.71,58,4.3,26.1,14.7,1,4505,5.5,20,4,3,14.9,8,M,si,ligero
PAC006030,64,92.5,200,23.1,94,82,136,60,86,114,6.5,254,47,245,255,1.22,78,8.9,27.4,14.1,0,3663,10.2,24,3,2,7.5,9,F,si,sedentario
PAC006031,38,71.6,144,34.5,83,96,116,84,65,94,5.3,141,66,149,205,0.82,114,0.1,18.4,13.0,9,2019,10.2,17,26,0,10.4,8,M,no,sedentario
PAC006032,52,85.6,180,26.4,120,120,146,80,81,141,5.7,193,35,161,240,1.26,58,6.0,28.4,16.8,0,1821,11.0,8,1,0,9.6,10,F,si,sedentario
PAC006033,70,92.5,140,47.2,114,94,164,103,82,98,6.5,217,40,118,123,0.43,77,5.2,30.0,15.5,0,2359,7.5,8,1,3,5.3,5,M,no,sedentario
PAC006034,43,62.6,163,23.6,72,124,119,80,77,70,5.5,140,70,105,108,1.03,112,0.8,31.8,13.7,13,9106,10.0,2,4,7,7.2,2,M,no,ligero
PAC006035,22,75.4,167,27.0,80,121,90,68,81,87,4.0,143,55,132,151,0.7,116,0.5,26.4,13.5,13,16125,9.5,7,0,4,3.8,2,M,no,sedentario
PAC006036,62,90.0,201,22.3,107,90,140,93,86,125,6.5,247,34,179,125,1.39,80,10.2,27.9,13.5,1,500,9.0,13,4,3,7.3,7,M,si,ligero
PAC006037,90,82.0,140,41.8,137,93,133,101,76,106,5.3,215,38,145,227,0.61,102,5.5,31.0,17.7,4,7908,5.8,12,6,1,16.8,10,M,si,sedentario
PAC006038,32,67.1,152,29.0,93,99,90,85,71,89,5.8,204,57,145,162,0.8,94,2.9,21.3,14.4,4,8538,8.2,20,23,2,8.4,10,F,no,ligero
PAC006039,76,85.2,148,38.9,111,94,170,101,69,86,5.4,241,25,125,63,0.59,52,6.9,33.9,15.4,5,5766,4.9,8,11,2,12.2,6,F,no,sedentario
PAC006040,25,89.9,162,34.3,76,111,143,71,63,83,6.0,225,74,144,40,0.71,105,3.3,26.7,11.2,3,5522,6.6,17,25,2,8.2,6,F,no,sedentario
PAC006041,48,46.7,149,21.0,113,102,113,82,91,107,4.8,215,61,89,141,0.88,90,4.4,8.2,12.8,4,5125,9.5,29,30,2,12.4,10,F,si,sedentario
PAC006042,18,74.7,161,28.8,92,110,97,78,63,83,5.1,185,68,95,44,1.02,114,0.2,40.3,18.6,5,7010,9.2,3,0,6,10.2,3,M,no,activo
PAC006043,18,69.9,154,29.5,101,98,112,72,74,79,4.3,188,67,142,144,1.03,81,0.6,14.6,10.8,4,8702,7.8,22,34,5,8.5,6,F,no,ligero
PAC006044,18,57.6,170,19.9,60,91,129,68,63,92,4.9,148,86,118,40,1.04,94,1.8,26.4,16.1,7,11916,8.5,6,9,5,6.7,3,M,no,sedentario
PAC006045,70,100.4,140,51.2,122,95,179,93,86,105,5.9,250,52,99,220,0.4,79,4.7,37.4,16.8,2,2645,5.7,10,5,0,11.6,7,M,si,sedentario
PAC006046,87,69.4,140,35.4,116,108,166,85,84,147,6.5,273,30,168,172,0.4,88,2.5,30.0,16.0,0,10336,5.0,1,0,0,14.6,4,M,si,sedentario
PAC006047,77,84.7,205,20.2,128,117,132,80,51,112,8.4,216,55,133,311,1.15,97,2.9,38.1,16.3,0,719,11.0,19,13,0,10.0,5,F,si,sedentario
PAC006048,30,92.8,171,31.7,128,117,154,101,96,137,7.7,282,28,101,357,1.11,81,6.8,36.9,15.8,2,918,7.9,19,7,3,12.8,6,F,no,sedentario
PAC006049,26,66.7,167,23.9,82,100,100,59,66,60,4.6,175,78,71,128,1.01,82,1.0,30.7,15.9,10,11886,9.6,0,0,7,6.7,4,M,no,ligero
PAC006050,61,88.8,195,23.4,122,105,151,86,83,114,6.8,186,38,123,283,1.29,85,5.3,37.8,13.2,1,2784,8.2,0,5,2,11.0,9,F,no,ligero
PAC006051,90,85.2,143,41.7,113,106,162,104,84,107,4.9,217,45,91,132,0.4,58,9.3,32.4,17.4,1,1723,4.6,16,17,2,12.1,3,M,no,sedentario
PAC006052,84,82.9,140,42.3,102,107,147,91,71,78,6.0,236,50,95,220,0.59,79,1.1,16.6,15.4,1,7819,5.5,17,0,2,16.5,10,F,si,activo
PAC006053,48,107.8,199,27.2,123,106,145,89,87,158,7.9,257,56,210,214,1.33,83,3.6,39.0,16.1,0,500,9.5,3,16,1,12.8,9,M,no,ligero
PAC006054,46,85.3,145,40.6,114,98,167,87,80,109,5.6,237,46,150,148,0.4,61,2.9,28.2,16.6,2,7521,6.6,5,0,4,10.1,5,F,no,sedentario
PAC006055,18,58.7,159,23.2,74,112,124,86,82,119,6.3,119,63,119,182,1.18,94,6.1,16.9,14.4,5,9697,6.8,17,21,2,9.9,1,F,no,sedentario
PAC006056,41,85.5,152,37.0,74,95,102,81,45,84,4.7,191,85,76,40,0.9,94,3.7,45.4,14.9,11,13189,8.2,9,0,5,3.5,1,F,no,ligero
PAC006057,34,82.5,181,25.2,92,105,112,69,70,88,5.5,213,65,100,113,1.29,91,4.4,48.4,15.7,10,13073,9.6,0,15,4,9.3,4,M,si,sedentario
PAC006058,72,66.5,159,26.3,96,87,133,95,76,109,6.2,245,51,73,199,0.68,77,4.7,30.5,15.5,4,7768,6.2,18,10,2,9.5,8,M,si,sedentario
PAC006059,32,54.9,163,20.7,79,99,142,72,68,104,7.1,177,62,111,98,1.19,122,8.0,30.0,13.7,11,11939,6.8,12,23,3,8.5,8,M,no,sedentario
PAC006060,66,91.8,191,25.2,100,85,176,89,86,118,6.7,211,49,191,312,0.94,71,5.6,21.0,13.4,0,694,10.7,0,5,4,8.0,10,F,si,ligero
PAC006061,67,75.4,202,18.5,115,102,137,73,82,117,6.6,292,48,146,281,1.11,115,6.8,26.2,13.4,0,2353,9.0,21,7,2,10.9,6,M,si,sedentario
PAC006062,40,62.8,148,28.7,78,98,139,94,90,99,4.0,155,80,150,90,0.88,90,3.1,5.0,9.7,2,9703,8.1,21,21,1,8.1,7,F,no,sedentario
PAC006063,57,103.7,205,24.7,104,106,125,78,84,140,7.0,280,30,220,225,1.27,60,4.0,36.6,15.7,0,4758,11.0,7,0,0,14.9,10,F,no,sedentario
PAC006064,27,90.0,195,23.7,104,111,139,71,72,144,7.7,246,26,140,240,1.4,55,11.1,47.1,13.5,0,3484,6.5,10,5,0,9.0,7,M,no,sedentario
PAC006065,52,72.0,160,28.1,80,92,115,64,75,120,4.0,188,66,123,40,1.08,89,4.8,17.5,11.8,4,13705,6.8,29,21,2,11.2,9,M,no,ligero
PAC006066,18,48.6,151,21.3,83,83,122,71,67,122,6.0,158,42,137,103,1.12,110,0.1,18.2,12.7,6,12007,8.6,0,8,7,3.1,3,F,no,ligero
PAC006067,84,80.1,149,36.1,107,88,149,120,87,103,6.6,284,46,130,176,0.4,79,2.5,32.0,16.6,2,5715,5.7,12,12,2,14.6,7,M,no,sedentario
PAC006068,18,68.4,175,22.3,82,114,110,80,71,113,5.0,174,69,84,40,1.01,114,3.4,20.6,14.9,13,12564,9.0,9,5,3,8.0,5,M,si,sedentario
PAC006069,61,74.6,145,35.5,100,86,136,91,85,93,5.3,229,54,142,217,0.4,60,5.7,45.7,15.4,5,9071,7.3,11,0,2,16.8,6,F,si,sedentario
PAC006070,46,59.7,180,18.4,75,97,103,85,57,75,5.1,159,72,97,40,0.91,94,3.1,45.4,15.2,11,14587,8.1,0,0,6,5.5,5,M,no,ligero
PAC006071,78,103.4,199,26.1,119,103,162,98,95,118,6.8,241,37,144,257,1.22,96,6.7,22.5,15.9,0,4168,8.8,3,0,3,10.5,8,M,no,sedentario
PAC006072,48,91.0,194,24.2,113,101,138,83,68,148,5.7,272,25,132,306,1.5,98,8.6,39.5,13.1,0,4799,9.4,9,13,1,11.1,9,F,si,sedentario
PAC006073,60,74.9,197,19.3,116,109,127,76,70,117,7.4,259,50,116,278,1.28,84,6.4,20.5,14.1,0,500,10.7,5,7,1,12.5,10,F,si,ligero
PAC006074,74,81.7,140,41.7,112,97,175,110,79,79,6.2,212,46,121,147,0.64,83,5.8,32.4,12.9,0,2976,7.8,10,6,7,11.2,5,F,no,ligero
PAC006075,40,88.1,163,33.2,95,91,125,76,87,83,5.5,207,51,163,40,1.26,128,2.5,34.2,10.1,3,7926,6.7,32,24,0,10.7,10,M,si,ligero
PAC006076,18,52.2,164,19.4,85,95,90,60,57,64,4.7,232,63,78,104,1.0,113,0.1,28.0,18.3,5,11494,9.2,9,0,6,7.2,3,M,no,ligero
PAC006077,18,47.6,180,14.7,80,95,133,72,61,100,4.6,237,61,115,103,1.33,105,0.7,31.4,16.1,10,12941,8.4,4,4,6,4.6,2,M,no,sedentario
PAC006078,35,50.9,172,17.2,82,95,126,80,58,60,4.9,243,81,77,127,1.2,86,0.1,27.2,14.1,10,11260,8.8,5,0,4,6.1,6,F,no,sedentario
PAC006079,18,72.6,149,32.7,68,93,124,76,98,81,4.5,261,64,122,71,0.87,113,1.3,28.4,12.9,5,6729,8.6,23,21,4,12.5,5,F,no,sedentario
PAC006080,90,102.6,191,28.1,118,119,137,73,71,165,7.8,182,42,199,284,1.4,37,4.8,32.8,16.9,0,500,8.3,8,13,1,6.8,8,M,si,activo
PAC006081,19,67.0,160,26.2,95,99,123,73,76,98,6.0,220,74,89,134,0.75,89,4.6,12.1,11.7,8,8829,6.1,12,11,4,11.6,9,F,no,ligero
PAC006082,18,102.7,158,41.1,95,86,150,83,68,85,6.5,244,25,88,142,1.07,84,1.8,20.0,10.0,4,11403,7.0,7,9,1,13.3,9,M,no,sedentario
PAC006083,90,95.5,202,23.4,94,93,132,85,89,142,6.0,209,37,183,167,0.63,80,7.8,40.1,16.7,0,3033,10.2,13,4,3,15.7,8,F,si,sedentario
PAC006084,65,109.5,169,38.3,123,88,147,102,80,115,7.4,226,33,122,231,0.82,93,7.5,31.1,15.4,2,4952,4.7,8,0,3,12.8,6,F,si,ligero
PAC006085,54,96.0,187,27.5,112,95,128,86,79,125,6.4,217,25,130,254,1.01,71,8.4,46.8,13.5,0,4212,10.3,8,12,3,11.0,9,M,si,activo
PAC006086,35,91.4,165,33.6,69,82,114,81,79,73,5.1,178,61,112,154,0.89,107,6.6,26.1,12.1,7,7786,7.9,10,32,1,11.9,9,F,si,sedentario
PAC006087,79,104.5,186,30.2,112,102,130,97,82,149,8.8,247,33,118,266,1.15,78,8.5,28.3,12.0,0,3827,10.6,17,7,0,10.3,6,F,si,sedentario
PAC006088,90,60.7,140,31.0,91,87,129,108,60,106,6.6,255,42,170,237,0.65,72,7.1,37.2,14.6,1,6373,5.7,0,10,2,13.6,6,M,si,sedentario
PAC006089,43,76.7,158,30.7,111,99,135,87,74,83,4.0,210,64,101,157,0.87,105,2.1,26.7,11.6,7,8272,9.4,23,18,0,6.0,8,F,no,ligero
PAC006090,23,68.3,175,22.3,72,114,110,89,60,92,5.3,150,77,98,74,1.1,130,0.1,32.4,16.3,7,18080,8.6,0,0,5,9.6,1,M,si,sedentario
PAC006091,50,95.7,188,27.1,117,98,155,88,85,103,7.2,265,34,184,239,1.24,72,7.9,33.4,13.3,0,902,9.4,14,6,2,13.0,6,F,no,activo
PAC006092,18,84.7,161,32.7,81,87,128,74,100,106,6.9,162,51,107,96,0.92,84,0.8,29.2,11.4,7,6903,9.6,11,30,1,11.3,5,M,no,sedentario
PAC006093,33,56.1,151,24.6,78,91,128,71,85,61,4.2,254,54,103,40,1.07,116,1.2,14.4,12.0,6,6632,8.4,5,17,1,13.3,7,M,no,ligero
PAC006094,64,94.2,205,22.4,129,109,132,108,86,148,6.6,257,58,150,246,1.33,67,7.0,33.9,14.8,0,500,8.2,11,5,2,11.3,8,M,si,sedentario
PAC006095,58,82.2,153,35.1,106,100,131,110,78,75,4.7,232,50,196,203,0.98,88,4.0,30.8,14.3,0,1126,7.1,5,0,2,13.2,5,M,si,sedentario
PAC006096,18,65.0,173,21.7,94,98,105,83,59,98,5.4,136,73,63,126,1.11,93,2.1,27.3,14.9,7,10139,7.6,2,0,6,10.3,2,M,si,sedentario
PAC006097,33,40.0,162,15.2,81,75,113,73,82,90,6.0,144,55,125,79,0.73,100,0.8,22.0,11.5,8,2067,7.5,21,31,2,13.8,8,M,no,ligero
PAC006098,18,78.0,160,30.5,86,86,106,90,80,115,4.6,188,67,102,49,1.03,90,4.5,33.7,12.5,2,11604,8.3,21,23,2,9.5,9,F,si,ligero
PAC006099,51,95.8,197,24.7,107,108,133,96,62,127,7.9,226,32,146,391,0.98,77,4.9,49.5,13.2,3,4056,7.8,8,3,2,11.6,7,F,si,sedentario
PAC006100,59,76.7,140,39.1,107,87,165,100,73,117,5.6,225,65,112,189,0.55,75,6.4,14.9,14.7,0,5180,6.6,16,10,5,9.4,6,F,si,ligero
PAC006101,20,61.6,163,23.2,87,126,115,81,54,74,4.6,226,50,96,88,0.89,107,1.9,38.9,15.7,9,11005,7.0,10,9,7,6.7,4,M,si,ligero
PAC006102,53,49.4,158,19.8,83,81,118,79,82,77,5.5,241,44,150,73,1.19,92,5.3,26.6,16.4,4,3702,9.2,22,23,3,7.8,8,M,si,activo
PAC006103,58,78.8,153,33.7,117,99,156,96,78,106,6.6,159,41,144,133,0.42,87,2.0,31.2,12.8,0,6002,5.8,6,1,4,17.0,9,M,si,ligero
PAC006104,80,98.6,187,28.2,108,94,137,101,87,123,6.9,261,40,139,144,1.01,104,8.4,31.6,11.5,1,2036,9.3,0,16,1,10.5,6,M,si,ligero
PAC006105,29,44.5,154,18.8,84,97,138,71,57,105,5.2,192,77,118,50,1.11,130,2.3,30.2,12.1,6,16339,7.8,6,1,3,4.4,5,F,si,activo
PAC006106,18,72.8,161,28.1,73,89,129,67,72,74,4.2,190,77,105,158,1.03,85,0.1,48.0,14.4,9,11765,9.8,6,8,3,2.4,5,M,no,ligero
PAC006107,76,70.6,147,32.7,90,89,175,103,73,124,5.8,256,57,110,95,0.56,63,4.8,39.4,15.9,5,4291,6.2,12,7,4,14.4,5,F,si,sedentario
PAC006108,49,74.3,148,33.9,92,96,140,109,80,106,6.7,243,39,159,166,0.41,66,0.1,32.2,17.8,5,8203,4.8,0,1,4,8.6,6,M,no,sedentario
PAC006109,78,93.6,194,24.9,107,99,146,86,80,98,6.6,255,25,161,238,1.09,57,7.0,18.9,15.5,5,5227,8.8,9,10,0,17.7,7,M,no,sedentario
PAC006110,77,88.6,182,26.7,110,93,139,109,78,95,6.1,237,51,116,212,1.3,45,6.7,50.3,14.5,2,500,9.5,19,3,0,12.5,6,F,no,ligero
PAC006111,67,110.1,147,51.0,115,104,157,91,67,102,6.7,237,41,160,155,0.41,80,8.1,30.2,16.1,4,2857,6.9,12,0,4,8.3,7,F,si,sedentario
PAC006112,73,62.1,142,30.8,120,90,173,97,76,119,4.6,210,28,124,243,0.73,79,0.4,27.8,14.7,0,4368,7.4,9,5,1,13.3,6,M,no,sedentario
PAC006113,60,97.0,140,49.5,109,75,135,111,76,111,5.8,155,44,159,269,0.59,93,5.4,31.3,17.2,0,6170,7.1,18,5,2,11.5,3,M,no,ligero
PAC006114,41,69.6,169,24.4,90,115,144,82,92,75,4.7,236,71,95,75,0.78,93,0.1,26.0,13.4,3,8912,7.6,25,26,2,8.9,4,M,no,sedentario
PAC006115,21,53.0,160,20.7,92,114,102,60,60,73,4.7,187,54,66,91,1.0,88,0.1,30.9,15.1,6,14515,10.3,0,0,8,6.2,2,F,si,sedentario
PAC006116,69,93.6,147,43.3,93,98,152,103,71,110,6.1,269,39,107,171,0.48,81,4.2,29.3,17.1,2,5518,8.7,0,6,2,14.2,10,M,no,sedentario
PAC006117,18,76.5,160,29.9,70,86,109,86,94,116,4.8,179,57,129,47,0.87,81,7.2,19.6,12.5,8,6545,7.7,11,40,2,12.7,3,F,no,activo
PAC006118,65,65.6,180,20.2,108,96,107,86,81,131,7.3,226,33,116,147,0.92,80,8.2,34.1,17.1,0,3076,6.7,2,8,0,12.6,8,M,si,activo
PAC006119,75,88.2,140,45.0,105,82,170,100,81,98,7.5,202,34,181,186,0.41,82,4.1,21.3,16.2,5,4665,6.7,24,9,2,16.7,8,F,no,ligero
PAC006120,90,88.4,151,38.8,97,107,164,90,98,84,5.5,218,57,184,145,0.45,77,0.1,22.5,15.0,1,4300,5.1,11,5,2,8.5,7,M,si,sedentario
PAC006121,55,77.0,151,33.8,105,99,157,110,74,95,5.4,275,51,96,239,1.01,51,3.9,46.6,18.0,0,7076,5.9,7,8,1,10.6,4,M,si,sedentario
PAC006122,80,101.3,202,24.8,126,116,120,93,86,147,7.5,262,47,144,301,1.22,71,3.8,25.1,14.7,0,3650,8.0,17,6,1,12.7,7,M,no,ligero
PAC006123,90,93.4,193,25.1,132,106,153,84,82,146,7.6,305,49,181,343,1.05,61,12.5,46.7,16.0,0,500,9.2,25,0,0,11.8,5,F,si,ligero
PAC006124,78,66.9,192,18.1,106,89,120,88,97,137,7.4,296,32,145,348,1.58,67,6.5,50.7,14.4,1,500,8.3,18,0,1,11.8,5,M,si,sedentario
PAC006125,40,68.7,155,28.6,62,92,103,84,84,90,4.5,219,53,95,200,0.87,118,0.1,21.6,10.2,6,11883,8.2,27,28,2,8.0,6,M,no,sedentario
PAC006126,77,106.3,205,25.3,127,94,130,86,80,151,7.4,231,31,162,135,1.05,58,8.7,40.9,14.8,0,3345,11.0,19,22,0,6.6,7,M,si,sedentario
PAC006127,55,113.8,181,34.7,104,93,139,84,80,112,6.9,245,54,143,266,1.29,69,7.4,28.4,14.5,4,3054,7.0,21,2,1,8.5,9,M,no,sedentario
PAC006128,23,69.0,158,27.6,77,88,95,65,91,78,5.4,218,60,118,77,0.97,130,1.5,5.0,13.7,9,6062,7.7,11,15,4,9.5,8,F,si,ligero
PAC006129,28,56.8,175,18.5,79,96,132,61,50,89,5.0,161,61,92,71,1.2,126,1.9,32.3,15.9,9,10741,7.7,2,0,6,3.6,5,M,si,activo
PAC006130,63,99.6,185,29.1,92,108,144,96,75,123,6.1,278,30,154,348,1.2,71,5.7,49.6,15.1,0,2097,9.6,19,3,0,9.9,10,M,si,sedentario
PAC006131,57,75.5,156,31.0,85,79,109,87,89,78,4.6,208,77,79,125,1.03,70,1.4,34.2,13.3,3,3304,7.8,31,20,4,9.6,5,M,no,sedentario
PAC006132,29,59.1,154,24.9,85,96,121,83,84,91,6.0,173,41,137,133,1.22,77,0.8,22.1,13.3,5,7974,8.0,17,7,4,4.0,10,M,no,sedentario
PAC006133,35,77.4,174,25.6,86,100,97,60,71,95,5.2,147,68,128,131,1.13,62,1.4,36.3,13.3,12,12920,7.2,0,0,6,10.2,6,F,si,activo
PAC006134,90,84.1,141,42.3,108,111,153,102,74,86,5.4,197,25,135,252,0.4,43,3.1,19.8,16.2,2,4829,7.1,3,0,0,11.5,2,F,si,sedentario
PAC006135,34,67.5,171,23.1,92,109,132,67,62,73,5.7,169,43,110,55,0.77,104,0.1,19.7,14.7,5,10647,8.3,0,0,6,2.5,3,F,no,activo
PAC006136,18,49.4,149,22.3,98,83,153,70,47,108,4.2,197,72,131,159,1.16,79,4.4,26.9,15.9,6,14173,8.7,7,1,3,8.4,4,M,si,activo
PAC006137,34,42.3,171,14.5,81,104,109,66,68,68,4.4,186,61,119,151,0.95,102,1.9,42.5,13.9,4,14626,7.1,0,0,6,8.1,2,F,si,sedentario
PAC006138,44,65.7,171,22.5,63,84,114,72,56,89,6.0,220,40,110,155,0.88,108,0.5,39.9,16.3,8,18767,9.0,0,0,6,10.0,3,M,si,ligero
PAC006139,63,84.8,193,22.8,132,96,150,88,81,146,7.3,241,34,156,264,1.07,91,7.9,28.5,13.0,0,500,8.0,28,2,2,5.6,10,F,si,sedentario
PAC006140,39,81.4,164,30.3,70,110,128,54,74,97,5.5,193,82,81,79,1.23,98,0.1,34.3,16.6,7,12702,9.2,13,1,8,2.0,0,M,no,ligero
PAC006141,55,69.7,149,31.4,81,98,123,106,64,119,6.9,247,45,117,132,0.68,96,7.8,39.7,15.7,0,7086,3.6,1,2,2,10.1,5,M,si,ligero
PAC006142,21,54.0,156,22.2,84,87,92,70,72,97,4.4,163,69,141,40,0.8,115,0.3,32.6,14.7,7,15570,8.0,4,1,4,9.2,1,M,si,sedentario
PAC006143,36,62.1,153,26.5,94,96,107,73,58,69,5.1,138,41,64,94,1.3,86,1.1,38.1,14.6,8,13626,8.9,0,2,7,10.2,4,M,si,activo
PAC006144,37,70.7,161,27.3,82,109,125,71,65,124,6.6,187,59,107,191,0.96,130,0.1,27.8,15.0,10,13093,11.0,0,0,5,7.8,1,M,no,sedentario
PAC006145,73,85.6,179,26.7,121,106,159,103,79,135,7.1,269,49,167,225,1.02,85,4.0,47.2,13.5,0,6345,8.0,12,10,2,11.2,7,F,si,sedentario
PAC006146,41,92.7,175,30.3,100,98,134,75,73,94,5.4,184,100,81,64,0.99,118,0.1,39.6,15.8,13,12717,7.4,0,12,6,2.0,3,F,si,sedentario
PAC006147,55,86.1,202,21.1,100,104,142,72,64,112,7.0,278,42,175,143,1.13,74,0.1,29.3,15.4,0,4355,6.6,17,3,2,12.0,7,M,si,ligero
PAC006148,20,74.3,161,28.7,77,94,117,68,77,75,5.4,188,60,46,90,1.01,65,1.2,10.9,12.1,1,5332,7.9,12,26,3,15.0,6,M,no,ligero
PAC006149,37,85.1,203,20.7,146,105,126,88,90,116,6.8,239,28,162,271,1.12,84,6.9,41.2,12.3,0,6726,9.5,21,6,2,12.5,8,F,si,sedentario
PAC006150,46,57.2,167,20.5,64,99,110,70,73,81,5.0,232,59,64,40,1.04,130,0.1,23.4,14.8,8,12670,7.0,2,3,8,6.6,3,M,no,sedentario
PAC006151,64,79.4,150,35.3,112,104,167,98,65,123,5.9,228,33,158,235,0.43,84,10.0,24.8,14.7,0,3328,6.9,15,2,1,12.3,9,F,no,ligero
PAC006152,66,100.1,185,29.2,97,129,121,82,86,129,7.3,270,49,189,366,1.19,59,5.9,14.2,14.3,0,4703,8.5,10,0,0,6.5,8,M,no,ligero
PAC006153,73,61.9,140,31.6,130,92,158,99,87,92,5.7,206,38,161,185,0.49,85,6.1,31.1,15.4,0,2364,5.4,13,5,4,11.6,6,F,si,ligero
PAC006154,21,56.7,165,20.8,83,92,123,63,69,89,6.3,165,67,119,166,1.29,83,0.1,40.0,13.2,9,12409,6.4,4,1,5,2.6,0,F,no,sedentario
PAC006155,76,98.4,141,49.5,121,99,155,106,81,107,5.7,224,59,131,270,0.5,57,3.4,29.1,17.2,0,2333,4.7,8,0,2,11.4,6,F,no,sedentario
PAC006156,38,78.9,152,34.1,85,80,116,82,89,96,6.1,173,66,122,111,1.12,108,0.1,9.4,12.4,8,7469,10.3,22,31,2,11.8,5,M,no,activo
PAC006157,73,74.6,141,37.5,91,82,134,100,91,117,4.5,235,42,187,254,0.4,82,2.1,20.9,17.3,1,5792,4.6,6,5,3,11.7,6,F,no,sedentario
PAC006158,23,52.3,161,20.2,90,88,98,68,69,60,5.6,272,59,142,127,0.96,124,0.1,39.2,14.1,9,17037,10.1,15,0,6,8.7,0,M,no,activo
PAC006159,69,89.3,196,23.2,115,113,134,87,83,108,7.4,244,34,184,212,1.21,79,5.1,30.3,16.3,5,2595,8.1,7,6,3,9.0,9,F,si,sedentario
PAC006160,59,81.7,153,34.9,129,101,169,96,68,102,6.0,220,45,142,166,0.4,56,6.7,16.8,15.1,0,3404,7.3,10,18,3,12.7,5,M,si,sedentario
PAC006161,82,111.6,199,28.2,115,101,123,91,88,129,8.4,252,39,117,334,0.9,64,6.5,34.9,15.3,3,833,7.8,6,8,3,13.6,6,M,si,ligero
PAC006162,44,67.5,162,25.7,85,97,125,87,79,122,4.8,195,52,70,174,1.02,92,3.7,31.1,10.8,5,3465,7.0,22,19,0,13.6,3,F,no,activo
PAC006163,65,90.6,192,24.6,119,102,151,111,66,146,7.7,253,42,113,250,1.22,85,6.3,40.1,12.5,4,1797,10.3,8,9,0,14.4,2,M,si,sedentario
PAC006164,82,72.9,165,26.8,113,110,157,106,100,115,7.0,233,58,155,194,0.59,71,5.1,28.1,14.9,0,2510,5.5,0,0,5,13.2,5,M,no,sedentario
PAC006165,70,125.1,150,55.6,78,99,141,107,77,93,5.7,110,76,119,142,0.4,47,6.6,43.8,14.6,0,3319,7.2,21,7,1,16.9,7,M,no,sedentario
PAC006166,18,70.4,167,25.2,71,102,126,72,66,124,5.4,184,56,86,64,1.06,111,5.3,47.5,18.1,9,8677,8.1,10,0,4,2.0,4,F,si,sedentario
PAC006167,40,46.7,160,18.2,89,96,123,71,77,95,5.5,211,87,111,117,1.11,111,3.2,22.6,12.7,10,11170,8.7,13,10,8,3.3,3,M,no,activo
PAC006168,70,87.8,194,23.3,122,108,141,80,85,125,6.4,272,40,100,188,1.35,80,6.7,50.6,12.6,0,500,9.2,12,0,0,11.0,4,M,no,ligero
PAC006169,18,68.3,161,26.3,65,113,133,62,55,64,4.9,183,71,138,50,1.02,106,0.4,28.7,15.4,14,11083,7.2,5,0,5,3.4,6,M,no,activo
PAC006170,37,108.3,199,27.3,105,95,155,108,85,114,7.1,244,29,116,281,1.22,118,8.1,41.8,18.0,0,1616,7.2,0,7,1,9.9,9,F,si,sedentario
PAC006171,18,68.8,164,25.6,85,92,101,73,90,99,5.8,201,74,164,149,1.35,93,3.9,5.0,10.7,0,5580,9.2,9,22,0,12.4,9,M,no,activo
PAC006172,60,76.2,153,32.6,112,101,171,96,74,97,5.6,199,57,142,126,0.64,69,5.9,31.5,14.1,4,500,6.3,8,4,4,15.2,7,M,no,sedentario
PAC006173,24,64.0,176,20.7,73,101,90,72,68,91,4.8,183,66,91,40,0.96,100,0.1,40.8,15.5,12,14640,8.1,1,2,7,5.6,5,M,no,ligero
PAC006174,41,91.2,157,37.0,81,96,132,78,96,68,5.9,185,48,113,62,1.27,92,2.2,30.2,10.8,3,5483,9.6,18,19,1,8.7,10,M,no,sedentario
PAC006175,18,74.1,165,27.2,84,109,127,82,67,106,4.5,222,77,119,40,1.0,90,0.6,34.5,14.3,11,11511,9.5,0,0,7,9.2,1,F,no,ligero
PAC006176,42,64.4,171,22.0,107,85,137,64,62,79,4.9,145,64,103,132,0.97,94,0.8,22.2,14.3,3,10474,8.6,7,0,4,9.5,3,M,no,sedentario
PAC006177,18,56.1,152,24.3,62,94,121,70,76,91,6.2,188,74,104,47,1.22,130,1.3,8.5,11.9,5,8953,8.3,20,25,2,8.2,4,M,no,ligero
PAC006178,18,78.2,171,26.7,64,108,111,73,58,79,4.0,173,89,126,95,0.82,95,1.3,27.7,15.2,6,7754,8.5,0,0,8,8.9,4,M,no,ligero
PAC006179,56,109.8,201,27.2,101,103,110,90,62,139,6.8,216,38,168,327,1.11,81,5.3,33.8,13.4,0,500,7.8,0,0,3,6.2,5,F,si,activo
PAC006180,68,83.3,155,34.7,85,82,134,107,83,110,6.2,240,35,169,138,0.56,69,5.6,28.4,12.4,0,3872,7.8,16,7,4,11.6,6,M,no,sedentario
PAC006181,78,100.4,141,50.5,101,85,153,101,65,106,5.9,167,39,87,83,0.73,41,2.2,39.9,17.5,0,4136,7.6,13,16,3,13.1,5,F,no,sedentario
PAC006182,30,75.0,163,28.2,96,75,128,75,79,77,4.9,196,69,84,134,0.6,109,4.9,31.9,10.7,3,11472,8.1,8,28,0,8.1,1,F,no,sedentario
PAC006183,40,78.3,164,29.1,92,84,112,68,48,60,4.5,189,55,66,43,0.91,80,0.9,38.1,13.9,9,11897,8.6,12,3,4,8.2,0,M,no,activo
PAC006184,61,110.2,186,31.9,108,109,138,86,77,124,5.8,243,25,130,321,1.03,66,9.1,32.0,14.7,0,5056,8.9,18,0,0,9.4,4,M,si,sedentario
PAC006185,68,84.7,155,35.3,110,105,144,106,68,66,5.3,218,36,181,86,0.49,85,1.7,37.5,15.1,2,4769,6.2,2,0,4,14.2,8,M,no,sedentario
PAC006186,66,104.1,200,26.0,115,114,158,85,75,161,7.3,245,27,164,249,1.1,80,7.3,11.9,15.0,0,4491,8.6,4,4,2,13.0,7,F,no,ligero
PAC006187,44,83.6,175,27.3,89,94,116,75,65,66,5.1,177,73,113,40,1.43,76,0.1,39.0,15.0,10,12080,8.0,0,3,5,4.8,2,M,no,ligero
PAC006188,55,113.2,151,49.6,90,92,182,91,77,97,6.3,205,40,191,116,0.4,85,2.2,21.6,15.8,0,6674,5.0,2,2,2,12.5,7,M,no,activo
PAC006189,70,89.2,200,22.3,106,85,121,91,76,149,6.7,240,45,157,268,1.5,62,6.4,21.2,15.9,0,7066,7.6,11,8,5,12.0,6,M,si,sedentario
PAC006190,54,101.1,180,31.2,127,103,117,91,79,116,6.4,257,25,140,306,1.03,57,2.9,34.0,15.0,0,8441,7.3,1,22,2,11.7,8,M,si,sedentario
PAC006191,87,108.4,201,26.8,110,100,140,92,81,133,7.5,274,43,138,334,1.04,67,9.6,31.8,16.5,0,3244,7.3,14,12,2,12.3,8,M,si,sedentario
PAC006192,51,63.4,144,30.6,100,111,158,109,65,89,7.0,206,51,149,112,0.57,72,5.3,33.9,18.6,4,3318,6.4,4,9,2,8.5,7,F,si,sedentario
PAC006193,90,93.0,146,43.6,110,88,167,100,74,95,5.1,224,40,130,162,0.4,98,1.6,43.1,15.7,0,3226,5.3,0,2,2,7.6,7,F,no,ligero
PAC006194,54,85.5,187,24.5,126,87,123,70,90,123,6.8,238,29,157,284,1.34,89,7.1,27.6,15.9,0,1020,7.2,12,8,5,12.6,8,F,no,sedentario
PAC006195,57,109.3,193,29.3,130,89,130,88,76,147,6.8,239,40,157,304,1.67,61,4.6,42.1,16.6,0,7559,10.8,4,20,0,12.4,10,M,no,ligero
PAC006196,82,101.6,199,25.7,130,80,140,83,74,121,6.3,254,29,167,246,1.31,80,5.6,28.5,15.7,3,6847,7.1,8,5,0,16.4,7,M,si,sedentario
PAC006197,63,84.1,154,35.5,106,102,167,97,68,85,5.0,293,47,126,182,0.4,60,5.9,30.7,15.6,2,7990,4.7,15,8,4,9.3,10,M,si,sedentario
PAC006198,47,101.1,203,24.5,119,121,163,86,83,135,8.1,262,32,179,315,1.16,81,2.2,42.1,14.1,0,4020,9.9,12,5,2,6.2,6,M,si,sedentario
PAC006199,36,79.5,168,28.2,111,75,146,77,94,98,4.6,199,58,123,126,0.92,102,2.0,33.0,13.5,7,5950,7.0,25,27,2,12.7,5,F,no,ligero
PAC006200,39,80.3,197,20.7,118,126,135,70,71,135,7.3,243,25,156,384,0.85,95,10.3,54.2,15.3,0,4385,9.4,27,0,1,7.7,6,M,no,sedentario
PAC006201,54,72.1,153,30.8,129,104,150,90,77,99,5.8,273,29,104,221,0.71,81,4.5,26.3,15.0,0,2591,6.1,15,1,2,11.1,7,M,si,sedentario
PAC006202,79,108.6,191,29.8,110,102,127,103,75,95,8.3,246,49,219,161,1.14,83,6.0,29.8,15.5,1,5126,9.0,2,0,2,12.5,9,M,no,sedentario
PAC006203,20,55.6,166,20.2,75,82,119,70,74,117,5.7,238,77,95,198,0.84,103,1.7,16.5,10.9,9,9950,9.6,20,14,2,11.3,4,F,si,activo
PAC006204,66,89.3,190,24.7,94,110,157,76,75,104,6.6,277,40,144,214,1.34,59,6.1,38.2,12.9,0,3114,9.5,11,0,1,8.3,10,F,no,ligero
PAC006205,58,110.6,190,30.6,130,101,130,86,78,163,7.3,238,32,100,159,1.29,66,3.8,52.9,14.0,0,2644,7.6,14,14,2,9.7,6,F,si,ligero
PAC006206,30,65.4,157,26.5,67,114,115,75,66,102,4.7,113,59,83,91,1.28,105,0.1,32.3,16.1,6,11648,8.4,0,0,5,7.3,3,M,no,ligero
PAC006207,45,122.7,188,34.7,122,99,130,90,75,170,6.4,282,57,129,311,1.09,101,10.8,53.6,13.5,0,4175,6.3,8,5,0,5.7,5,F,si,ligero
PAC006208,25,42.7,167,15.3,64,116,102,88,56,68,5.2,210,50,109,210,0.7,102,0.1,35.4,12.2,9,12001,8.7,0,5,4,6.9,4,F,no,sedentario
PAC006209,37,74.1,160,28.9,74,92,107,67,52,86,4.1,171,56,117,86,0.9,75,0.5,30.1,14.4,11,8972,6.6,1,4,7,6.9,4,M,si,activo
PAC006210,18,58.1,167,20.8,83,84,115,87,110,85,4.5,136,52,70,104,0.93,94,2.4,21.8,12.8,6,10044,6.1,18,32,0,11.1,7,F,no,sedentario
PAC006211,27,67.1,140,34.2,110,96,145,79,90,68,5.4,152,45,146,200,1.06,79,3.4,30.4,10.9,1,6801,5.9,21,20,1,11.2,10,F,no,ligero
PAC006212,40,80.2,162,30.6,78,91,150,80,57,86,4.0,252,55,70,134,1.4,104,1.6,42.4,14.4,11,11154,9.4,6,1,7,3.7,2,F,si,activo
PAC006213,35,65.6,169,23.0,107,107,114,89,71,85,6.0,161,62,78,40,1.29,108,0.1,45.6,18.1,10,11435,9.1,7,8,7,10.4,5,F,si,activo
PAC006214,48,90.3,197,23.3,119,108,137,84,78,167,7.5,294,29,148,382,0.94,83,9.1,29.0,17.7,0,3421,9.4,10,7,0,9.2,7,M,si,sedentario
PAC006215,33,84.4,160,33.0,81,111,122,67,67,77,5.2,238,70,182,147,1.14,124,0.1,34.4,12.9,9,14647,9.1,3,10,6,2.0,3,F,si,ligero
PAC006216,18,79.8,140,40.7,85,86,127,101,91,96,5.8,192,67,114,103,0.79,121,6.3,14.7,10.0,3,7651,7.6,12,22,2,10.1,7,M,si,ligero
PAC006217,18,57.7,158,23.1,78,103,105,72,71,115,5.1,175,83,118,52,0.87,103,0.1,42.2,13.8,11,17366,8.1,4,0,5,2.1,7,F,no,ligero
PAC006218,49,87.2,176,28.2,81,100,113,74,67,60,5.4,238,69,132,72,0.7,119,0.5,35.2,13.5,11,13626,8.5,1,2,4,6.7,2,M,si,sedentario
PAC006219,86,89.0,204,21.4,117,92,147,84,90,102,7.3,204,40,140,284,0.97,104,6.8,40.4,14.5,0,6828,9.0,18,12,0,8.9,8,F,si,sedentario
PAC006220,81,96.2,147,44.5,119,95,153,115,76,98,4.9,179,35,149,204,0.44,89,6.1,36.6,16.3,6,8964,5.8,22,0,0,17.4,6,F,no,sedentario
PAC006221,37,71.5,167,25.6,65,109,96,71,77,98,4.6,218,63,146,159,0.78,98,4.8,42.3,15.6,6,10621,9.9,7,10,5,8.4,5,F,no,sedentario
PAC006222,79,74.8,144,36.1,109,81,166,111,79,71,6.6,258,64,69,221,0.4,54,5.3,45.8,18.4,1,6422,8.0,20,4,1,9.7,1,M,si,sedentario
PAC006223,18,51.8,156,21.3,95,102,101,73,70,110,4.6,168,52,92,107,0.88,120,0.1,24.6,13.6,6,13179,8.4,3,1,2,8.8,4,F,no,activo
PAC006224,63,91.0,145,43.3,106,91,154,93,71,97,5.5,264,53,149,116,0.54,76,3.6,18.8,17.3,2,6609,6.5,13,3,3,12.4,9,F,no,sedentario
PAC006225,77,78.2,199,19.7,115,95,118,80,94,126,6.2,193,49,159,250,1.49,87,3.2,34.9,16.0,0,5181,11.0,6,2,1,10.0,10,F,no,ligero
PAC006226,39,74.7,159,29.5,88,83,128,76,87,90,4.9,194,42,133,220,0.75,38,2.2,18.3,13.8,5,2815,8.2,9,28,1,9.3,7,M,no,ligero
PAC006227,38,71.1,150,31.6,76,94,107,57,61,86,4.9,209,75,107,52,1.06,91,3.7,37.7,16.6,10,11856,8.1,0,0,4,3.0,5,F,no,sedentario
PAC006228,29,76.8,180,23.7,79,99,112,86,46,73,4.9,194,51,81,153,1.28,100,0.1,44.3,17.0,12,12391,8.0,0,1,6,2.0,2,F,no,sedentario
PAC006229,45,89.2,197,23.0,119,126,167,98,75,132,8.0,219,51,112,336,1.38,70,6.0,27.4,16.1,2,3435,6.7,11,19,3,7.2,9,M,si,activo
PAC006230,74,77.4,148,35.3,109,95,160,103,80,87,6.0,217,40,137,210,0.78,82,5.4,27.5,14.9,0,500,5.3,15,9,4,13.4,4,F,si,activo
PAC006231,74,78.8,144,38.0,116,108,167,103,74,123,6.1,196,79,149,184,0.63,70,5.6,13.0,16.1,0,3598,7.1,6,8,3,10.5,7,F,si,sedentario
PAC006232,19,77.1,140,39.3,93,103,107,71,95,101,5.1,173,27,89,76,0.68,115,3.7,35.1,11.2,5,6713,8.1,23,25,2,4.9,10,M,si,activo
PAC006233,60,84.4,205,20.1,119,105,162,89,86,124,7.9,244,30,162,150,1.37,74,6.6,26.5,16.9,2,3750,7.5,0,0,3,7.7,9,F,no,ligero
PAC006234,24,55.1,178,17.4,99,86,133,73,77,80,5.5,163,65,67,207,0.95,105,4.9,17.8,11.7,3,16211,6.8,24,29,3,10.0,8,M,si,sedentario
PAC006235,86,81.2,140,41.4,100,110,147,90,74,113,6.1,192,34,158,249,0.48,84,3.0,36.3,15.1,0,3812,7.1,17,17,0,14.6,6,M,si,sedentario
PAC006236,22,65.7,157,26.7,94,88,124,93,86,105,4.0,197,73,97,80,0.89,116,0.1,27.8,13.1,2,6347,7.5,31,17,4,8.1,5,M,no,activo
PAC006237,39,45.3,165,16.6,98,87,145,77,82,86,4.7,170,71,109,73,1.03,75,5.0,15.1,14.2,9,9112,7.4,24,25,2,7.2,6,F,no,activo
PAC006238,56,80.3,205,19.1,122,87,156,85,87,113,7.1,246,42,185,294,1.4,63,9.5,43.6,17.4,0,6511,9.6,9,9,3,12.4,4,M,si,ligero
PAC006239,72,90.5,192,24.5,124,107,114,89,67,132,7.1,243,36,168,334,0.91,73,5.6,24.9,15.0,0,6697,7.9,5,11,3,10.3,5,M,no,activo
PAC006240,35,61.4,159,24.3,95,91,142,78,79,113,4.7,166,55,162,164,1.1,100,3.4,20.6,14.4,7,7999,8.3,21,20,1,7.2,9,F,si,ligero
PAC006241,78,85.4,153,36.5,100,90,141,111,100,98,5.9,241,48,110,141,0.4,91,3.0,36.5,17.5,0,5940,5.8,8,0,3,14.7,7,M,no,ligero
PAC006242,47,82.3,160,32.1,87,86,123,84,88,110,5.5,164,52,100,88,1.14,105,2.4,5.0,10.5,8,7643,9.0,19,34,2,10.0,10,F,no,ligero
PAC006243,66,89.9,191,24.6,106,95,133,97,87,139,7.9,264,26,153,203,0.97,85,6.6,33.8,17.6,2,4496,9.2,8,0,0,6.8,6,M,no,sedentario
PAC006244,90,71.4,140,36.4,110,86,114,93,86,94,6.4,276,47,127,182,0.48,48,3.9,29.8,16.4,0,1431,3.6,16,0,2,10.9,3,M,no,ligero
PAC006245,68,111.8,205,26.6,107,112,106,83,78,116,5.5,260,32,188,190,1.52,68,6.5,25.3,17.2,2,9344,8.1,19,2,2,9.6,9,M,si,sedentario
PAC006246,35,71.5,183,21.4,60,115,144,85,75,60,5.6,126,77,83,123,1.05,97,3.5,21.5,16.2,9,15352,9.3,4,0,7,3.3,2,M,no,activo
PAC006247,54,43.1,178,13.6,64,104,119,72,82,108,5.5,172,75,40,97,1.07,93,0.1,52.2,15.4,8,12741,7.5,4,5,3,9.4,0,M,no,ligero
PAC006248,65,89.2,166,32.4,78,96,154,89,68,115,6.3,218,49,133,120,0.44,48,3.0,52.2,14.3,0,4073,6.3,7,0,2,10.9,5,F,si,sedentario
PAC006249,39,61.3,170,21.2,98,92,136,71,98,93,5.2,175,54,131,124,0.75,104,7.0,32.7,12.0,10,7863,7.3,12,20,4,6.4,10,M,si,ligero
PAC006250,71,80.5,142,39.9,92,78,146,98,47,82,5.8,223,50,180,192,0.44,56,2.1,26.6,13.4,4,5550,5.3,25,0,0,11.7,5,M,no,ligero
PAC006251,18,49.1,157,19.9,74,101,118,70,72,67,4.5,210,68,89,48,1.25,87,0.1,32.3,17.2,7,11013,9.1,0,6,6,10.0,6,F,no,activo
PAC006252,90,75.2,179,23.5,117,88,122,84,50,144,7.1,279,40,169,218,1.16,64,2.6,44.7,15.2,0,4053,8.9,15,0,0,9.0,6,M,si,ligero
PAC006253,33,72.6,175,23.7,88,97,143,72,67,76,5.2,158,56,125,89,1.05,108,3.5,27.2,14.6,8,14895,9.4,0,0,8,6.4,1,M,no,ligero
PAC006254,85,66.9,159,26.5,122,99,138,112,78,97,6.5,239,55,110,163,0.4,90,5.8,28.6,14.8,1,7343,6.7,8,2,0,11.7,6,F,no,sedentario
PAC006255,73,108.8,205,25.9,118,106,136,91,83,118,6.5,259,26,101,282,1.23,78,7.0,33.3,14.2,0,5489,7.9,19,0,1,8.5,10,M,si,sedentario
PAC006256,27,71.8,154,30.3,66,105,157,56,55,80,5.0,167,46,107,92,1.17,111,0.2,35.7,14.7,9,11858,7.8,0,0,3,3.8,0,M,si,activo
PAC006257,90,72.0,140,36.7,82,94,181,92,73,103,5.5,205,52,109,167,0.4,76,2.8,31.0,17.2,2,5427,6.8,6,5,2,10.9,6,F,si,ligero
PAC006258,18,104.4,171,35.7,65,81,104,69,62,97,5.5,178,57,125,62,0.91,88,3.2,30.3,14.5,8,10991,8.8,0,0,4,8.1,1,M,no,sedentario
PAC006259,18,58.2,170,20.1,89,105,143,57,74,60,5.2,176,74,107,54,1.32,87,0.1,37.4,15.2,8,12022,7.7,1,0,5,8.5,7,F,no,activo
PAC006260,38,71.6,150,31.8,87,96,123,83,59,108,4.9,135,63,85,175,1.04,90,5.3,23.2,16.3,3,13470,7.4,6,0,5,7.8,3,M,si,activo
PAC006261,61,89.8,196,23.4,128,95,130,98,92,122,7.3,272,27,171,304,0.78,49,10.1,43.2,15.7,0,3718,8.1,15,5,1,10.4,10,F,no,ligero
PAC006262,23,80.3,168,28.5,94,91,103,71,77,102,4.7,214,84,55,40,0.92,120,0.1,30.6,14.5,7,12306,10.2,0,0,6,5.3,2,F,si,ligero
PAC006263,29,65.5,183,19.6,78,75,101,71,61,92,4.8,142,76,160,96,0.59,124,2.4,14.4,17.4,9,11449,6.5,1,1,7,6.6,0,M,si,sedentario
PAC006264,18,62.5,156,25.7,70,89,92,80,75,81,5.5,201,47,156,40,1.02,105,0.1,22.1,10.7,8,8259,7.7,22,13,3,9.5,8,M,no,sedentario
PAC006265,58,89.6,149,40.4,106,91,143,108,70,91,5.2,200,62,158,184,0.44,60,3.8,24.8,15.5,2,6712,5.1,7,15,1,15.3,5,F,no,ligero
PAC006266,31,49.2,175,16.1,68,100,102,102,61,68,4.2,183,80,85,109,1.11,95,3.7,37.7,14.5,6,12114,7.2,0,8,5,2.0,4,M,si,sedentario
PAC006267,61,99.6,205,23.7,112,109,135,97,64,124,7.8,251,38,165,267,1.25,60,6.7,28.7,15.2,0,815,7.6,20,9,3,8.8,7,F,si,sedentario
PAC006268,53,70.7,146,33.2,78,89,130,75,89,89,4.8,179,31,185,113,1.21,88,3.4,33.4,12.7,3,6683,8.4,23,18,2,7.0,9,F,no,sedentario
PAC006269,66,108.4,141,54.5,114,75,175,103,86,85,5.9,191,31,103,138,0.4,65,6.2,33.8,15.7,4,2551,6.3,0,12,0,13.2,9,F,no,ligero
PAC006270,29,56.5,165,20.8,80,88,130,81,67,84,5.7,170,82,143,129,1.14,91,0.1,34.1,14.4,8,11170,6.9,2,3,6,5.4,0,M,no,ligero
PAC006271,27,61.6,169,21.6,73,75,123,67,75,98,4.7,182,52,80,115,0.85,116,0.1,30.0,13.6,5,8192,8.3,26,40,3,12.5,7,F,no,sedentario
PAC006272,45,97.4,140,49.7,105,82,118,70,70,96,5.8,191,61,113,45,1.09,87,2.1,22.1,12.1,4,10075,9.4,35,16,3,5.0,6,F,no,sedentario
PAC006273,33,78.8,169,27.6,66,120,90,79,65,88,5.9,166,71,79,114,1.08,110,1.3,30.5,13.4,11,14066,10.8,0,0,3,7.8,3,F,no,ligero
PAC006274,18,65.2,166,23.7,71,88,130,74,88,111,5.5,156,35,108,145,1.17,91,4.7,31.3,11.5,8,5544,8.5,14,29,4,6.2,10,F,si,ligero
PAC006275,48,79.7,172,26.9,101,88,106,83,68,117,4.6,132,54,99,51,1.15,88,2.4,42.1,15.6,10,9726,9.2,0,0,4,7.7,5,M,no,ligero
PAC006276,18,67.9,167,24.3,82,99,120,80,51,83,5.8,182,86,81,103,1.26,92,3.7,32.4,15.8,11,11596,8.3,0,0,4,8.4,3,M,no,activo
PAC006277,56,68.2,198,17.4,96,99,119,84,79,104,6.9,241,40,150,254,1.37,67,6.6,37.6,14.8,1,2000,9.3,21,2,1,13.4,9,F,si,sedentario
PAC006278,74,75.2,151,33.0,114,122,168,95,84,78,5.7,209,62,154,187,0.57,65,5.7,20.9,17.4,3,4034,6.6,22,4,2,9.6,3,M,si,sedentario
PAC006279,57,97.3,159,38.5,87,82,163,114,90,112,5.4,234,52,134,125,0.41,94,5.0,31.5,15.0,0,5269,7.5,4,0,3,11.7,7,M,no,sedentario
PAC006280,56,91.2,203,22.1,124,106,140,97,86,131,7.4,267,25,161,208,1.03,77,7.6,32.9,14.4,0,958,9.7,19,4,1,5.2,9,F,no,ligero
PAC006281,71,90.2,162,34.4,114,103,158,101,63,102,5.2,243,44,140,131,0.68,52,0.9,28.3,13.8,1,2448,5.4,0,0,4,11.2,6,M,si,sedentario
PAC006282,80,123.2,205,29.3,103,128,134,99,95,144,6.4,274,25,142,351,1.09,64,5.6,37.5,16.0,0,6230,9.7,14,12,1,12.8,6,M,no,sedentario
PAC006283,23,66.8,164,24.8,92,86,139,82,75,100,4.0,180,62,129,84,0.73,95,2.9,16.5,10.0,4,9479,7.3,5,21,1,4.4,6,M,no,sedentario
PAC006284,44,51.6,154,21.8,99,93,123,65,80,128,4.0,205,77,112,40,1.19,100,5.2,15.0,11.4,4,10056,8.5,24,25,0,8.7,6,F,no,sedentario
PAC006285,46,111.5,148,50.9,128,103,162,102,71,104,6.2,183,34,192,243,0.41,54,5.4,58.9,14.7,1,3609,7.6,8,9,1,13.8,4,F,no,ligero
PAC006286,18,78.1,169,27.3,83,90,121,78,87,83,5.5,237,59,176,81,0.74,101,6.2,14.1,11.4,4,4424,6.4,14,22,0,9.5,10,F,no,sedentario
PAC006287,30,43.9,168,15.6,71,86,94,71,72,100,5.0,145,70,102,136,1.34,102,0.1,37.0,16.9,19,11623,8.1,3,9,3,6.9,4,F,no,activo
PAC006288,69,78.3,201,19.4,89,93,129,80,75,105,7.3,176,49,143,259,1.22,68,8.2,29.8,16.5,0,2128,8.3,17,5,2,13.5,9,F,si,sedentario
PAC006289,18,50.7,158,20.3,83,96,105,83,66,97,4.6,194,54,147,84,0.97,118,4.9,26.4,9.7,6,7440,8.2,31,16,1,11.9,4,F,si,activo
PAC006290,54,84.7,149,38.2,87,87,159,90,83,117,6.7,264,55,111,196,0.41,57,6.5,35.1,15.8,0,3796,6.4,9,4,0,11.4,6,F,si,sedentario
PAC006291,18,68.7,166,24.9,79,99,113,67,91,84,5.0,202,54,82,57,0.92,104,1.8,17.7,11.3,3,10068,8.3,24,24,3,5.8,10,F,si,activo
PAC006292,90,104.5,201,25.9,114,115,139,81,60,158,6.9,253,25,203,322,0.92,85,5.0,48.4,16.1,5,1201,10.1,11,0,0,12.4,9,M,no,sedentario
PAC006293,18,75.1,163,28.3,63,111,152,65,54,82,5.3,155,72,124,80,1.1,119,0.5,28.0,13.6,13,13869,9.9,0,4,5,7.1,0,F,no,ligero
PAC006294,43,76.8,179,24.0,95,100,132,88,78,106,5.4,187,54,77,155,0.94,98,7.9,6.6,9.7,5,11440,7.9,16,16,0,5.5,5,M,no,sedentario
PAC006295,51,82.0,205,19.5,135,97,134,95,89,109,6.7,290,44,160,210,1.27,79,6.0,41.3,12.0,0,1344,10.4,18,7,3,12.1,9,F,si,sedentario
PAC006296,29,66.1,144,31.9,101,92,145,95,81,97,5.5,257,46,135,182,0.73,94,9.6,31.8,16.1,3,4522,6.2,11,2,4,10.2,3,F,si,sedentario
PAC006297,82,67.9,145,32.3,105,106,166,109,89,117,5.9,224,43,152,247,0.71,72,3.0,36.3,18.4,0,1409,4.5,15,14,4,13.7,9,M,si,sedentario
PAC006298,63,110.2,178,34.8,91,87,154,80,89,145,6.1,298,25,164,253,1.17,106,7.9,38.1,16.1,1,2449,9.2,6,5,1,15.1,9,F,si,sedentario
PAC006299,85,80.8,155,33.6,104,108,151,74,63,92,5.9,260,49,130,127,0.63,70,7.6,45.5,15.8,4,2462,6.8,17,0,1,12.2,9,M,si,sedentario
PAC006300,90,75.6,163,28.5,104,100,141,101,79,90,6.3,282,46,124,165,0.59,58,7.2,49.2,14.8,2,4463,4.4,16,0,4,9.4,7,F,no,ligero
PAC006301,66,99.0,189,27.7,122,87,120,79,93,85,8.7,224,30,158,238,1.29,65,10.8,35.7,14.1,3,4647,8.4,14,6,1,7.7,4,M,si,sedentario
PAC006302,20,53.4,166,19.4,73,97,103,89,46,82,5.0,180,68,111,135,0.91,93,0.1,28.9,14.4,10,10961,7.8,11,0,6,8.4,0,M,no,ligero
PAC006303,59,111.0,184,32.8,133,104,153,82,77,124,8.1,274,44,183,296,1.02,99,7.8,46.3,14.5,0,4574,7.9,8,19,1,10.0,7,M,no,ligero
PAC006304,54,61.8,145,29.4,92,87,161,97,83,124,5.6,211,39,192,163,0.62,53,4.8,28.0,14.9,0,7133,4.4,4,13,2,15.5,7,M,si,activo
PAC006305,34,59.6,177,19.0,87,110,121,85,67,99,5.8,115,53,95,70,1.13,92,1.2,24.5,16.4,4,14016,9.0,0,1,3,6.3,5,M,no,sedentario
PAC006306,49,111.1,205,26.4,107,95,136,83,79,112,6.9,249,25,182,285,1.27,68,7.0,36.2,18.7,0,7787,7.9,5,5,4,13.5,5,F,si,sedentario
PAC006307,32,63.1,175,20.6,70,96,122,79,85,88,5.2,200,47,77,162,0.89,108,3.0,17.3,13.9,5,6439,8.2,26,25,0,5.8,5,F,si,sedentario
PAC006308,69,101.7,146,47.7,102,110,160,98,72,112,6.0,227,48,143,134,0.4,85,2.7,21.8,17.4,4,2541,6.7,21,0,3,14.6,6,F,no,sedentario
PAC006309,48,95.7,205,22.8,92,111,137,97,81,116,7.8,216,25,141,225,0.95,103,9.4,42.1,13.9,0,3217,9.1,17,4,0,10.3,8,M,no,activo
PAC006310,79,90.0,140,45.9,126,112,162,96,94,86,5.0,226,51,148,243,0.51,70,6.0,17.0,15.9,4,4264,4.9,14,0,3,11.4,10,M,no,ligero
PAC006311,90,84.4,140,43.1,98,80,150,92,73,92,6.1,230,50,145,219,0.73,89,7.6,29.4,16.8,2,2823,6.1,3,7,0,12.6,7,M,si,sedentario
PAC006312,18,73.3,162,27.9,70,111,107,90,67,108,5.1,162,72,143,117,0.83,90,1.3,42.7,15.2,10,11178,9.6,0,0,6,2.8,1,M,no,activo
PAC006313,35,59.0,180,18.2,74,99,111,71,47,78,4.4,227,59,168,45,1.46,113,1.5,35.2,12.5,5,5530,6.4,9,2,2,9.1,6,F,si,activo
PAC006314,18,79.9,154,33.7,79,80,153,73,82,80,5.0,167,47,131,93,0.92,112,5.0,11.3,14.2,7,6317,7.5,23,34,2,3.5,7,M,no,sedentario
PAC006315,21,77.3,165,28.4,89,90,148,86,73,72,5.2,192,91,109,180,1.19,69,0.1,42.0,14.7,9,17024,9.6,2,0,4,7.5,0,M,no,ligero
PAC006316,74,103.7,154,43.7,99,97,179,102,83,128,5.8,219,60,79,263,0.6,45,6.5,25.4,18.1,4,4384,5.4,1,3,0,12.4,5,M,si,sedentario
PAC006317,24,72.2,155,30.1,95,113,104,76,87,97,4.6,173,37,113,43,0.97,103,4.9,11.0,10.2,8,9686,7.3,22,14,3,6.7,7,M,no,sedentario
PAC006318,20,62.7,165,23.0,80,84,95,73,77,84,4.9,149,48,118,138,0.72,98,2.8,11.1,10.9,3,6601,8.6,24,21,4,7.5,8,M,no,activo
PAC006319,30,87.5,140,44.6,98,91,112,65,73,92,5.5,185,46,73,188,1.0,76,2.2,22.9,13.5,6,6175,6.5,29,19,2,8.5,6,F,si,sedentario
PAC006320,67,64.9,205,15.4,97,104,157,90,79,126,8.4,278,36,176,185,1.03,46,7.2,40.1,13.4,0,2438,7.7,16,11,3,7.5,10,M,si,ligero
PAC006321,47,66.8,154,28.2,109,95,129,80,69,92,4.6,218,82,93,108,1.09,106,2.4,22.3,15.2,10,13551,9.8,8,14,5,4.5,5,M,no,ligero
PAC006322,55,54.9,163,20.7,99,119,130,74,74,109,4.1,125,52,125,61,1.26,116,5.3,33.2,13.1,9,10650,8.5,0,0,7,5.0,1,M,si,ligero
PAC006323,18,40.0,167,14.3,75,100,132,79,70,80,4.3,216,70,87,129,0.81,130,2.5,31.3,15.5,8,11540,9.3,0,1,5,8.2,1,F,no,sedentario
PAC006324,58,69.6,147,32.2,105,108,156,95,64,118,6.4,212,34,128,184,0.73,72,3.7,34.8,14.6,0,2945,4.5,8,0,0,14.3,9,F,si,sedentario
PAC006325,32,54.1,167,19.4,93,100,102,61,53,94,6.0,184,64,117,53,1.3,92,0.1,41.4,16.1,5,9117,6.3,2,8,4,2.0,0,M,no,sedentario
PAC006326,59,66.8,149,30.1,96,92,142,101,86,85,5.1,175,65,152,94,0.51,68,5.9,24.2,17.6,2,5301,6.9,9,7,2,14.4,10,M,no,sedentario
PAC006327,24,59.8,149,26.9,66,122,143,62,85,99,5.1,195,84,69,80,0.75,81,2.2,53.3,16.4,9,17403,9.3,14,4,5,6.4,3,F,no,sedentario
PAC006328,18,72.5,172,24.5,117,78,116,72,87,86,6.4,238,48,128,139,1.29,81,7.8,17.6,9.5,6,13316,9.0,26,17,2,12.5,10,F,si,activo
PAC006329,56,87.6,200,21.9,97,118,126,90,72,122,7.0,257,58,195,267,1.08,93,10.2,32.6,15.5,0,3295,5.4,20,10,0,7.9,8,F,no,sedentario
PAC006330,29,83.0,159,32.8,76,75,120,67,84,78,5.6,153,49,77,95,0.88,93,5.1,31.0,12.5,5,8570,8.9,20,10,0,9.7,5,F,no,sedentario
PAC006331,18,57.7,150,25.6,87,100,120,76,60,94,5.4,137,81,79,40,1.19,67,0.1,26.5,14.7,3,12529,8.8,0,0,4,4.0,2,M,si,activo
PAC006332,82,90.0,205,21.4,96,99,138,83,77,135,6.2,285,47,117,443,1.13,66,6.6,52.5,17.3,2,5485,11.0,7,2,1,6.6,9,M,si,sedentario
PAC006333,18,46.7,159,18.5,77,82,122,86,78,89,4.0,137,64,156,121,0.98,105,5.8,13.8,12.1,4,14605,7.5,13,18,3,5.8,7,F,no,ligero
PAC006334,75,100.9,205,24.0,95,86,119,88,81,121,7.1,261,25,154,220,1.32,96,4.3,27.4,17.0,1,500,9.3,4,16,1,10.3,9,M,si,ligero
PAC006335,18,85.0,169,29.8,97,106,132,82,61,95,4.4,223,72,117,40,1.25,83,0.1,39.2,14.9,8,11358,7.1,13,0,6,10.2,6,M,no,ligero
PAC006336,50,85.1,188,24.1,127,105,121,90,72,111,7.3,256,25,125,254,1.33,89,4.6,19.4,14.2,0,716,9.7,26,7,0,12.2,10,F,no,sedentario
PAC006337,21,67.2,154,28.3,86,111,120,71,60,94,6.2,219,64,109,117,1.02,106,2.5,39.1,13.8,8,9243,6.4,0,0,7,6.9,5,F,no,activo
PAC006338,34,59.9,171,20.5,69,90,120,89,80,77,4.9,157,89,123,80,0.98,124,0.4,18.7,15.9,11,15004,9.6,14,1,6,7.2,2,F,no,ligero
PAC006339,18,63.7,158,25.5,63,95,129,70,68,81,6.1,164,32,115,40,1.08,97,0.1,20.2,16.6,7,10163,6.8,0,0,6,8.2,4,M,no,activo
PAC006340,25,56.9,166,20.6,81,101,105,79,62,78,5.7,171,68,106,140,0.87,91,1.4,31.9,13.7,10,11883,9.7,0,0,5,6.7,3,F,no,ligero
PAC006341,67,85.2,186,24.6,111,116,116,73,72,138,5.8,236,25,163,181,1.34,74,7.7,40.5,14.8,0,500,8.8,4,0,2,9.0,9,M,no,sedentario
PAC006342,40,81.6,193,21.9,117,105,147,78,58,120,7.7,216,25,168,172,1.36,78,8.0,42.5,13.9,0,7051,7.3,5,0,3,10.9,8,M,no,sedentario
PAC006343,68,94.8,147,43.9,116,113,167,93,76,106,6.4,250,39,173,206,0.4,73,5.3,35.9,17.2,2,5277,5.4,12,6,2,16.0,6,M,no,sedentario
PAC006344,38,58.2,175,19.0,76,94,104,79,86,78,5.3,132,48,71,98,1.03,108,4.6,23.4,15.9,7,11215,7.4,0,0,7,7.2,1,F,no,ligero
PAC006345,18,76.7,152,33.2,113,113,128,65,83,84,4.0,206,70,130,149,0.96,84,1.7,31.4,11.9,6,11029,8.2,12,19,0,2.6,10,F,no,activo
PAC006346,18,71.8,166,26.1,60,96,124,75,60,76,5.1,212,100,122,109,1.04,100,0.1,22.7,12.9,6,14244,6.9,1,1,4,2.8,1,M,no,ligero
PAC006347,44,92.3,141,46.4,102,93,167,107,83,115,4.9,209,32,93,181,0.62,88,3.3,25.7,14.5,2,4847,4.4,17,2,2,11.2,9,F,no,activo
PAC006348,84,103.8,191,28.5,113,111,130,72,79,149,6.9,234,31,123,245,1.23,98,8.0,48.3,15.7,1,4967,8.2,12,1,0,12.1,7,F,no,sedentario
PAC006349,59,72.3,160,28.2,107,101,165,102,67,131,5.8,252,47,157,152,0.8,77,6.2,25.6,15.8,0,5021,6.2,10,2,4,14.8,10,M,si,ligero
PAC006350,33,57.2,166,20.8,74,89,129,61,91,92,5.5,147,32,115,122,0.53,91,0.1,15.9,13.7,9,9251,8.0,25,25,2,6.1,7,F,si,sedentario
PAC006351,42,61.8,173,20.6,82,106,126,79,71,77,4.9,168,63,141,115,1.0,95,0.9,23.8,15.8,11,16361,8.4,3,0,5,5.8,1,M,no,ligero
PAC006352,28,64.1,174,21.2,73,100,90,79,54,71,5.8,129,58,121,115,0.87,109,0.1,52.6,15.8,8,13075,10.2,7,0,7,6.3,3,F,no,ligero
PAC006353,27,72.4,160,28.3,82,75,118,62,79,71,5.1,223,45,125,127,0.9,96,1.6,27.7,13.0,5,8874,7.0,24,22,3,6.7,8,F,no,activo
PAC006354,81,58.4,140,29.8,89,86,149,108,70,105,5.7,182,57,136,135,0.57,43,2.8,37.1,15.8,0,11271,6.1,13,0,2,16.9,4,M,si,ligero
PAC006355,73,83.4,145,39.7,109,106,170,103,70,110,6.0,255,28,151,182,0.71,79,2.0,25.4,16.3,3,3669,5.8,11,8,1,13.4,6,F,no,sedentario
PAC006356,18,91.1,183,27.2,122,110,156,82,84,110,7.0,193,65,176,255,1.12,52,5.4,44.1,14.5,1,3239,11.0,0,6,1,12.5,4,F,si,activo
PAC006357,54,58.5,163,22.0,90,106,122,79,45,91,5.4,155,69,67,48,1.02,93,1.9,31.8,15.0,8,9254,7.7,10,5,6,6.5,3,M,no,sedentario
PAC006358,57,62.5,170,21.6,81,91,112,80,64,95,6.0,200,61,101,40,1.12,81,0.1,32.3,15.0,12,11863,8.4,0,1,6,6.4,0,F,no,sedentario
PAC006359,31,70.2,168,24.9,90,92,123,61,62,105,4.5,201,95,90,40,1.18,112,5.2,34.2,15.2,6,10764,9.6,6,0,4,7.6,0,M,no,activo
PAC006360,32,69.0,140,35.2,89,105,124,81,72,92,6.5,215,58,124,205,0.66,128,3.1,15.1,10.0,9,8160,9.8,8,15,1,7.3,9,M,no,ligero
PAC006361,36,53.0,174,17.5,79,107,117,76,48,83,4.2,140,87,75,89,0.91,98,2.0,40.0,15.5,8,13272,8.0,0,0,4,7.7,2,F,no,activo
PAC006362,51,80.3,168,28.5,88,90,119,71,89,84,5.4,144,55,76,100,0.77,99,0.1,24.6,11.4,2,6936,7.9,24,31,4,10.2,7,F,no,activo
PAC006363,23,91.2,166,33.1,71,91,136,67,83,116,5.1,149,44,117,116,0.86,87,5.7,21.1,12.3,11,15464,8.3,11,20,4,10.3,6,M,si,ligero
PAC006364,25,58.9,177,18.8,60,94,101,87,53,83,5.1,161,80,106,41,1.17,78,1.5,28.2,14.1,9,13567,8.2,7,0,4,7.1,3,M,si,activo
PAC006365,21,68.9,156,28.3,78,106,107,75,75,89,5.8,194,63,106,133,0.79,116,5.0,29.3,11.3,5,11085,8.1,21,31,1,6.1,10,M,no,activo
PAC006366,70,110.7,194,29.4,90,121,138,96,87,147,8.8,252,39,143,298,1.12,61,5.6,39.6,14.2,0,7982,7.7,8,2,4,10.6,4,M,si,activo
PAC006367,75,104.8,148,47.8,99,90,152,98,72,122,6.0,223,60,181,233,0.51,47,6.9,23.2,15.0,7,3074,3.4,1,1,2,9.0,5,F,si,sedentario
PAC006368,59,110.9,205,26.4,106,93,118,87,92,148,6.9,225,36,176,264,1.42,90,6.3,18.6,15.7,0,6906,9.3,19,5,1,9.8,6,M,si,sedentario
PAC006369,37,48.5,158,19.4,88,76,129,82,82,81,4.0,151,60,110,105,0.68,77,1.1,19.3,12.1,4,4645,8.3,19,20,0,6.5,8,F,si,ligero
PAC006370,27,58.7,169,20.6,81,102,114,61,66,79,5.6,115,53,67,130,1.22,110,1.7,42.3,13.9,9,10525,10.2,5,0,4,10.2,0,F,no,activo
PAC006371,38,87.5,187,25.0,68,112,117,66,59,76,4.0,157,74,119,146,0.99,82,0.1,23.8,14.4,13,13121,8.1,5,1,4,7.8,5,F,si,ligero
PAC006372,51,83.6,192,22.7,109,98,150,87,99,141,7.0,238,25,148,276,1.13,61,5.0,40.4,12.3,3,500,9.1,6,0,1,11.9,10,F,no,sedentario
PAC006373,34,53.0,170,18.3,89,83,104,84,83,93,4.4,191,49,107,95,1.21,105,3.2,15.4,13.7,3,10178,8.1,21,28,1,6.2,5,M,no,ligero
PAC006374,56,83.3,140,42.5,88,108,168,111,89,125,4.4,196,56,121,158,0.56,52,6.7,41.7,18.1,4,500,7.1,10,8,4,11.1,9,F,no,ligero
PAC006375,60,91.2,194,24.2,108,103,134,89,81,164,6.4,236,49,146,271,0.8,107,3.1,51.9,11.8,0,3600,8.8,0,5,0,13.7,5,M,si,sedentario
PAC006376,18,61.5,182,18.6,84,107,130,75,61,90,6.1,193,72,102,113,1.04,126,4.6,41.3,14.1,4,11463,9.1,4,0,2,2.0,4,F,no,ligero
PAC006377,26,74.0,163,27.9,91,115,115,69,63,62,4.6,184,55,68,46,0.93,99,3.3,32.8,13.9,8,11235,8.7,3,2,4,7.0,3,M,no,activo
PAC006378,58,74.8,147,34.6,62,88,109,67,88,99,5.0,239,50,121,94,1.07,92,5.3,29.2,11.5,2,8163,7.6,29,24,1,6.7,10,M,no,activo
PAC006379,26,55.2,153,23.6,91,109,97,85,79,98,5.1,227,39,99,43,0.95,98,3.4,6.3,10.6,3,6575,9.8,28,21,0,10.8,3,F,si,ligero
PAC006380,26,80.8,161,31.2,97,84,117,75,81,98,5.6,179,68,95,157,1.07,91,4.0,25.2,14.7,5,8663,7.7,18,23,1,9.6,8,M,si,activo
PAC006381,27,57.1,160,22.3,76,102,90,68,88,76,7.0,207,55,109,54,1.1,105,6.5,29.9,11.9,5,5182,7.7,15,26,3,12.4,4,F,si,ligero
PAC006382,52,82.3,162,31.4,60,98,116,77,50,100,4.0,179,43,89,40,0.98,100,0.8,45.5,15.6,7,9109,8.5,0,0,5,9.0,0,F,no,sedentario
PAC006383,19,62.9,164,23.4,94,87,102,60,85,73,5.3,145,62,110,40,1.15,118,0.1,44.0,14.6,10,9219,7.6,0,7,6,7.3,1,M,no,activo
PAC006384,71,85.8,147,39.7,113,88,161,100,78,106,4.6,271,41,133,233,0.73,64,5.8,32.6,16.8,1,9156,5.8,4,12,3,8.6,8,M,si,sedentario
PAC006385,64,93.5,155,38.9,96,111,160,80,72,91,5.2,235,39,98,143,0.4,63,7.5,30.2,16.7,4,4312,5.5,7,12,2,11.0,3,F,no,ligero
PAC006386,69,93.9,146,44.1,97,94,171,109,64,121,6.1,206,49,174,180,0.54,76,7.4,25.1,15.3,0,3935,4.3,1,2,1,13.4,5,F,no,sedentario
PAC006387,64,80.1,205,19.1,123,105,139,114,66,143,6.7,290,51,148,174,1.33,113,6.4,31.5,14.8,0,2639,8.7,9,1,0,12.9,7,F,si,sedentario
PAC006388,18,63.5,155,26.4,85,79,145,80,84,73,5.5,173,53,117,55,1.11,110,4.4,17.0,13.0,3,13519,9.5,16,30,1,12.6,7,F,si,ligero
PAC006389,30,61.2,147,28.3,103,83,116,71,68,69,5.2,167,61,136,59,0.6,73,3.7,23.2,12.1,7,8724,6.1,20,26,3,8.6,9,F,no,ligero
PAC006390,78,85.0,140,43.4,95,106,149,112,62,93,5.8,226,44,87,142,0.4,95,9.1,32.7,14.0,0,2812,6.0,0,3,2,9.3,3,F,no,ligero
PAC006391,63,93.7,185,27.4,115,91,135,75,79,100,7.8,191,26,159,245,1.22,81,7.3,32.1,14.3,1,3930,10.3,14,0,1,10.2,7,F,no,sedentario
PAC006392,18,83.9,162,32.0,86,101,134,79,61,60,4.5,180,63,89,81,0.87,97,0.1,40.7,14.3,8,12769,7.4,13,0,6,5.0,4,M,si,ligero
PAC006393,77,78.2,160,30.5,94,91,160,87,76,105,6.3,225,53,128,179,0.54,56,3.2,44.1,15.9,3,1103,6.2,2,0,3,13.5,7,F,si,sedentario
PAC006394,33,71.8,175,23.4,97,88,131,80,61,113,4.9,167,59,100,92,0.92,123,4.6,22.4,11.7,5,9759,6.4,29,18,1,7.2,4,M,no,activo
PAC006395,58,82.2,201,20.3,120,105,135,98,73,111,6.3,171,58,139,293,1.09,92,3.1,29.6,17.0,0,543,8.2,5,3,3,12.4,10,M,si,ligero
PAC006396,68,83.8,142,41.6,118,90,166,89,100,105,6.6,264,31,186,146,0.45,49,6.8,11.8,15.3,1,8326,6.9,0,17,2,13.9,8,M,no,sedentario
PAC006397,19,59.0,163,22.2,109,75,126,78,93,90,5.0,177,52,122,127,1.06,86,1.7,25.5,15.0,8,9822,8.6,30,30,3,12.3,3,F,no,ligero
PAC006398,71,56.3,151,24.7,104,77,155,93,72,63,6.0,180,30,148,287,0.4,83,8.5,38.4,17.8,0,2532,5.3,8,9,2,16.7,10,M,no,ligero
PAC006399,78,79.5,202,19.5,100,117,150,87,80,132,7.0,198,32,157,354,1.08,77,5.1,25.9,18.0,1,5749,8.5,15,14,2,13.1,8,M,si,activo
PAC006400,54,52.6,175,17.2,73,93,148,68,55,84,5.5,151,70,111,101,0.85,88,4.6,48.9,14.5,11,12470,10.8,0,3,5,10.3,2,F,si,activo
PAC006401,21,69.5,153,29.7,80,86,128,59,88,117,6.1,203,86,126,166,1.21,102,3.1,19.8,11.2,1,10904,6.9,23,21,1,11.5,7,M,no,activo
PAC006402,73,89.7,197,23.1,130,100,152,92,74,144,7.2,214,25,154,176,1.06,104,7.1,37.2,16.3,1,5820,9.3,8,1,0,12.1,7,F,si,ligero
PAC006403,36,87.9,184,26.0,111,102,152,92,63,108,6.5,273,25,159,298,1.31,55,5.2,31.1,15.2,2,4876,8.3,9,12,1,13.1,6,F,si,sedentario
PAC006404,18,69.3,173,23.2,90,106,110,73,76,95,4.3,198,55,98,40,0.92,104,1.5,25.0,16.3,6,14887,7.6,20,0,5,4.2,4,M,si,sedentario
PAC006405,69,74.3,140,37.9,110,108,139,95,76,95,5.0,245,49,149,242,0.53,60,6.1,38.0,14.5,2,500,5.9,12,5,1,6.8,7,F,no,sedentario
PAC006406,72,79.7,154,33.6,105,101,150,94,66,103,6.6,225,46,148,125,0.4,82,6.5,21.9,14.0,3,5047,6.1,8,0,1,12.9,6,F,si,sedentario
PAC006407,90,76.3,147,35.3,91,110,166,111,89,113,4.3,245,33,98,101,0.4,92,2.7,34.1,19.0,2,1778,5.8,5,0,3,14.5,7,F,si,sedentario
PAC006408,78,90.1,140,46.0,101,99,168,99,84,80,6.3,228,62,159,120,0.4,79,6.0,45.3,17.4,2,4876,5.7,16,6,3,12.0,6,M,no,ligero
PAC006409,36,80.8,185,23.6,128,122,128,85,83,151,6.2,240,48,182,297,1.19,92,5.5,37.4,14.5,0,1141,9.3,7,11,0,8.1,7,F,no,sedentario
PAC006410,64,87.4,191,24.0,127,93,120,92,79,139,6.2,303,69,176,202,1.28,92,4.7,45.4,15.4,0,500,8.3,13,6,2,6.7,7,F,si,sedentario
PAC006411,83,86.5,140,44.1,124,86,130,101,80,98,5.4,213,28,154,133,0.65,105,6.7,42.4,15.5,0,3274,6.4,13,5,0,11.9,7,M,no,sedentario
PAC006412,27,54.8,171,18.7,85,75,135,84,72,102,5.0,163,49,141,106,1.06,103,6.8,15.3,13.8,8,12673,7.6,17,36,3,12.4,9,F,si,sedentario
PAC006413,18,49.0,158,19.6,94,96,143,65,73,91,5.8,171,64,103,102,0.95,113,7.1,12.0,14.1,8,7476,8.3,26,28,2,6.4,9,M,si,ligero
PAC006414,31,70.5,161,27.2,81,95,103,82,71,68,4.7,165,85,85,40,0.74,106,0.6,22.0,15.5,10,10554,9.9,0,2,5,3.2,0,F,no,activo
PAC006415,24,73.2,152,31.7,114,82,117,73,80,85,4.2,172,32,115,40,0.67,104,0.7,28.3,9.2,2,11036,5.5,17,19,3,10.4,8,F,si,ligero
PAC006416,68,101.0,198,25.8,116,110,139,102,86,138,7.5,228,34,110,312,1.4,67,4.3,33.8,15.3,5,3304,7.6,13,7,2,9.2,5,M,no,ligero
PAC006417,18,51.8,180,16.0,89,97,113,67,52,61,4.9,167,69,79,111,0.9,99,2.8,25.3,13.7,10,12181,8.5,0,0,5,8.5,0,M,no,activo
PAC006418,82,111.0,201,27.5,124,82,129,91,65,145,5.6,204,37,132,225,1.27,73,11.1,33.9,13.5,0,7176,9.9,9,0,2,9.1,10,F,si,sedentario
PAC006419,18,59.4,162,22.6,82,103,92,71,64,61,4.8,166,69,113,40,1.27,123,3.3,43.0,15.0,9,8753,8.6,0,0,4,2.3,0,M,si,ligero
PAC006420,72,94.4,149,42.5,102,106,166,89,73,101,5.5,204,36,145,165,0.81,43,5.6,39.9,16.8,0,4255,4.2,7,12,2,7.4,3,F,no,sedentario
PAC006421,63,78.6,154,33.1,104,95,148,115,80,87,5.3,270,48,158,117,0.74,70,5.3,19.4,12.6,4,5187,6.7,13,0,3,17.2,6,F,si,sedentario
PAC006422,42,56.0,157,22.7,95,95,122,67,71,94,4.7,179,91,40,78,0.96,83,3.2,38.3,14.0,6,12437,8.1,8,0,8,4.0,3,F,si,ligero
PAC006423,22,65.2,169,22.8,69,98,117,71,45,86,4.2,171,98,145,67,1.06,84,1.7,41.5,17.5,8,10856,6.1,0,0,5,5.0,4,M,si,activo
PAC006424,81,83.6,140,42.7,109,102,175,94,78,107,5.0,188,52,77,85,0.4,78,4.1,25.5,14.4,0,1788,6.9,9,0,3,16.3,6,M,no,ligero
PAC006425,47,56.6,156,23.3,80,83,125,63,84,60,5.7,156,45,103,109,1.17,112,6.9,21.0,11.8,2,6321,6.6,14,21,3,8.2,6,M,no,sedentario
PAC006426,45,102.0,165,37.5,73,107,140,74,74,102,5.1,164,74,93,112,1.16,125,0.1,42.0,15.2,11,13113,8.6,0,0,5,2.0,1,F,no,activo
PAC006427,22,77.7,164,28.9,89,87,123,77,74,64,4.4,197,58,98,151,0.89,110,3.6,17.4,12.8,11,7533,8.2,26,24,1,8.1,8,F,no,activo
PAC006428,51,89.2,201,22.1,117,108,127,88,80,114,6.3,262,47,173,325,1.16,87,8.0,45.5,15.1,0,500,9.7,19,7,2,9.9,4,M,si,ligero
PAC006429,18,63.7,163,24.0,84,95,112,64,73,78,5.0,160,67,120,72,1.11,104,2.9,52.0,14.4,12,12856,9.3,0,3,4,6.5,2,F,no,ligero
PAC006430,34,89.1,163,33.5,60,94,100,54,68,105,5.9,153,69,124,148,0.9,107,1.8,18.4,15.4,10,11248,9.8,13,13,4,4.4,1,M,no,sedentario
PAC006431,71,97.6,205,23.2,110,109,162,77,80,143,7.4,258,25,191,348,1.6,70,6.7,51.8,15.2,0,6636,7.4,21,9,2,13.4,6,M,si,ligero
PAC006432,41,43.4,181,13.2,88,99,122,64,46,113,5.6,140,64,108,74,1.04,84,0.1,46.2,14.2,6,8817,7.9,0,4,5,5.5,0,M,si,ligero
PAC006433,30,73.2,178,23.1,87,98,133,77,59,81,5.9,154,59,131,136,1.47,110,0.1,40.9,15.2,13,11556,8.5,14,2,4,7.6,5,M,no,ligero
PAC006434,46,73.6,160,28.7,89,100,161,78,73,109,5.8,164,57,110,102,0.49,75,5.5,22.5,15.9,2,1127,6.4,0,13,2,10.1,4,F,no,ligero
PAC006435,51,63.9,155,26.6,92,90,127,74,53,99,4.7,225,82,94,111,1.22,110,0.1,32.9,15.2,8,16370,7.9,0,9,7,3.0,2,F,no,ligero
PAC006436,22,76.3,161,29.4,88,103,118,66,51,105,5.8,205,65,151,108,0.92,110,1.3,27.8,14.9,10,13065,8.9,0,0,4,7.2,3,M,no,sedentario
PAC006437,55,82.7,193,22.2,93,99,138,93,72,172,6.2,275,25,144,333,1.14,64,7.7,39.9,15.6,1,3510,7.9,4,0,3,10.0,5,M,si,ligero
PAC006438,18,77.3,165,28.4,87,96,130,70,82,94,7.1,224,85,155,112,0.81,94,0.1,41.9,13.1,6,7432,7.1,17,24,3,9.4,7,F,si,sedentario
PAC006439,37,67.1,165,24.6,72,95,94,84,75,76,5.9,161,58,127,107,1.0,94,5.1,35.5,14.6,9,13947,9.0,1,0,5,7.2,3,M,no,sedentario
PAC006440,61,96.3,140,49.1,100,104,157,95,80,90,5.8,165,70,179,180,0.4,80,4.0,31.8,18.1,0,5649,8.0,12,0,3,11.5,10,M,no,sedentario
PAC006441,18,54.9,164,20.4,78,107,108,71,74,80,5.0,164,41,98,160,0.78,103,1.9,24.1,12.6,5,11096,8.6,9,9,1,9.9,10,M,no,ligero
PAC006442,81,93.6,205,22.3,110,91,108,80,86,162,7.1,263,33,158,197,1.36,54,7.8,17.1,14.0,0,3302,10.8,10,0,1,15.3,8,F,si,sedentario
PAC006443,47,45.5,150,20.2,99,109,139,68,66,103,4.9,169,57,120,57,0.98,114,0.5,47.2,17.0,9,10771,9.2,0,0,4,6.6,1,F,no,activo
PAC006444,34,68.4,150,30.4,92,87,128,76,71,81,7.1,228,73,151,40,0.83,130,4.2,30.2,13.0,3,7201,7.9,17,25,4,9.4,10,F,no,ligero
PAC006445,84,73.7,152,31.9,104,94,135,93,83,90,4.6,226,47,143,107,0.64,92,4.8,41.1,16.0,2,6316,6.9,17,11,0,11.4,4,F,no,ligero
PAC006446,23,51.8,162,19.7,62,85,110,80,53,91,5.2,210,58,89,88,1.11,89,2.6,27.2,16.5,11,16090,10.1,0,5,5,7.0,5,F,si,sedentario
PAC006447,18,56.0,175,18.3,86,82,114,71,51,71,5.3,146,80,77,57,1.26,99,3.2,38.3,14.6,6,11102,9.5,10,0,7,7.0,1,F,no,ligero
PAC006448,82,84.6,149,38.1,117,100,171,101,56,60,6.2,208,26,139,259,0.56,65,5.5,30.1,13.7,3,500,5.2,7,3,0,10.5,3,M,si,ligero
PAC006449,84,78.3,180,24.2,140,121,126,72,77,143,6.7,261,25,137,267,1.27,59,3.2,25.3,15.7,0,6740,9.9,3,5,4,11.9,7,F,si,sedentario
PAC006450,30,82.9,154,35.0,94,84,107,79,76,78,5.5,210,52,94,219,0.9,108,6.4,8.7,13.8,3,10642,8.5,13,35,4,11.4,7,F,no,sedentario
PAC006451,18,75.7,168,26.8,88,82,109,52,45,76,5.5,238,59,97,136,0.95,90,0.1,38.6,13.8,8,11632,8.4,8,3,5,10.2,3,M,no,ligero
PAC006452,27,58.3,166,21.2,61,95,102,64,53,75,6.4,185,76,134,68,1.0,101,1.9,48.2,13.5,7,13375,9.7,0,0,6,5.5,1,M,no,ligero
PAC006453,31,49.1,161,18.9,71,92,95,59,71,97,5.2,220,64,175,76,0.9,97,0.6,28.4,16.1,3,12685,7.1,7,0,7,5.1,2,M,no,sedentario
PAC006454,18,85.0,159,33.6,82,108,117,81,83,125,5.6,180,77,167,95,0.73,83,4.9,15.6,11.1,1,11544,6.9,16,36,2,8.8,7,F,no,ligero
PAC006455,18,95.6,166,34.7,81,102,103,66,52,83,6.4,149,61,88,64,1.15,110,0.1,51.2,13.9,7,9575,7.8,5,3,6,7.8,4,F,si,activo
PAC006456,30,55.9,171,19.1,96,82,104,77,72,72,4.2,208,64,105,115,0.88,89,4.7,43.1,14.2,10,12715,8.1,10,5,5,2.0,6,F,si,activo
PAC006457,75,91.6,144,44.2,116,106,128,107,73,81,5.0,231,39,128,228,0.72,82,4.2,39.0,14.8,2,5850,6.6,20,3,2,9.4,6,M,si,sedentario
PAC006458,40,78.0,157,31.6,86,87,138,95,57,105,5.6,246,58,168,129,0.4,78,6.5,28.4,15.0,3,3193,5.7,19,1,3,13.6,9,M,si,ligero
PAC006459,29,66.9,157,27.1,99,76,126,63,87,73,5.9,235,47,142,89,0.86,104,4.1,18.2,13.5,8,11361,8.6,26,26,0,9.2,8,M,no,sedentario
PAC006460,22,86.1,162,32.8,86,88,111,57,98,78,5.6,239,31,85,152,0.76,130,4.3,22.3,12.5,7,11630,5.8,12,17,1,11.5,10,F,no,ligero
PAC006461,57,93.1,201,23.0,138,110,149,64,72,127,8.1,262,37,130,263,1.16,102,4.9,42.1,13.9,0,4379,10.2,12,1,2,10.9,6,F,si,sedentario
PAC006462,79,100.5,140,51.3,80,99,152,104,79,114,6.1,206,42,170,202,0.63,54,3.1,41.5,17.5,6,1836,7.2,5,3,0,12.9,5,F,si,ligero
PAC006463,27,59.9,163,22.5,95,95,109,55,75,90,5.5,195,55,149,40,0.84,99,2.1,8.0,9.8,8,12673,7.3,21,28,3,9.4,5,M,no,sedentario
PAC006464,39,42.4,159,16.8,97,100,134,62,63,79,5.4,144,66,93,178,1.28,95,1.2,43.1,15.4,4,11317,9.1,2,4,8,4.2,0,F,no,ligero
PAC006465,51,81.8,202,20.0,123,90,127,78,85,131,5.9,212,25,172,337,1.01,92,8.7,20.2,13.2,0,4628,10.9,15,17,1,16.3,8,F,si,sedentario
PAC006466,23,64.7,153,27.6,80,89,108,65,86,126,5.5,216,49,110,67,1.08,121,2.2,34.7,8.8,4,7660,8.4,30,20,3,9.9,4,F,no,sedentario
PAC006467,36,112.3,190,31.1,109,92,124,106,77,114,7.5,212,66,159,200,1.04,66,10.9,29.2,16.3,0,5652,9.6,10,10,2,9.5,6,F,si,activo
PAC006468,18,52.7,152,22.8,74,88,124,59,64,95,5.8,163,67,94,72,0.78,83,2.5,39.0,16.6,8,5993,7.6,8,0,6,11.0,0,M,no,sedentario
PAC006469,64,92.3,183,27.6,109,85,139,98,86,123,6.7,260,46,126,271,0.95,65,7.5,36.8,15.8,0,3559,8.4,14,3,0,10.7,6,F,si,ligero
PAC006470,37,85.9,160,33.6,79,98,99,82,79,75,5.0,202,54,71,97,0.95,99,3.5,27.7,14.3,7,10338,7.9,13,0,4,8.7,4,M,no,activo
PAC006471,31,56.0,152,24.2,104,101,127,78,72,75,4.6,189,62,57,133,1.18,94,1.5,32.0,13.7,7,9592,9.6,0,3,4,5.3,2,F,no,ligero
PAC006472,18,89.9,149,40.5,61,76,145,68,83,109,4.5,208,41,124,104,1.28,121,3.9,30.3,10.2,6,9693,5.5,27,29,0,8.4,10,M,no,ligero
PAC006473,83,84.8,145,40.3,119,111,162,112,74,104,5.8,191,49,109,71,0.4,81,6.1,39.7,16.0,8,3809,7.0,6,2,0,14.3,7,F,si,sedentario
PAC006474,88,93.0,140,47.4,108,103,155,90,51,89,6.2,205,38,127,300,0.43,70,1.9,48.1,14.3,1,3932,8.0,13,7,1,9.3,8,M,no,ligero
PAC006475,32,75.1,150,33.4,64,108,112,81,76,78,4.8,169,41,51,164,1.0,81,0.4,21.4,11.0,2,9793,8.6,10,16,5,9.9,5,F,no,sedentario
PAC006476,80,64.7,140,33.0,103,88,139,103,74,108,6.0,245,46,94,147,0.56,88,3.9,26.0,16.5,5,2210,5.3,9,3,3,7.9,7,F,si,ligero
PAC006477,86,89.0,156,36.6,97,107,188,103,87,88,5.4,250,63,165,192,0.69,31,4.9,24.2,17.5,3,4768,6.5,10,0,3,13.2,3,F,si,ligero
PAC006478,77,120.2,183,35.9,117,100,132,87,80,119,7.5,247,41,174,250,1.24,89,7.6,31.5,15.5,0,3986,8.2,11,7,0,8.3,8,F,no,ligero
PAC006479,74,54.8,147,25.4,121,91,124,116,60,98,4.0,215,44,106,244,0.54,59,8.2,24.7,15.0,2,5544,5.0,16,13,1,12.9,10,M,si,ligero
PAC006480,31,55.6,179,17.4,88,111,129,67,59,95,5.4,144,54,62,103,1.36,92,0.1,35.5,14.5,8,14106,8.9,8,8,4,8.2,3,M,si,ligero
PAC006481,57,94.0,159,37.2,117,99,173,93,75,91,5.8,253,25,178,176,0.61,63,2.3,28.0,14.3,1,5390,7.9,3,3,4,9.5,7,F,si,ligero
PAC006482,87,97.5,147,45.1,102,122,158,102,84,118,6.2,235,42,87,101,0.4,59,5.6,40.9,15.8,6,5480,6.2,10,8,0,16.7,10,M,si,ligero
PAC006483,18,41.4,169,14.5,88,118,110,63,57,92,4.8,212,83,138,44,1.23,124,0.1,41.4,15.5,11,9438,9.1,17,5,3,2.0,5,M,no,sedentario
PAC006484,64,115.9,186,33.5,126,112,136,84,76,111,7.3,240,25,161,242,1.05,57,8.3,35.9,17.6,1,5303,10.4,17,0,2,13.5,10,F,no,sedentario
PAC006485,38,56.8,172,19.2,91,86,104,75,60,60,4.0,110,46,111,92,0.85,75,4.6,40.3,16.4,9,9293,7.0,4,0,6,9.5,6,F,no,activo
PAC006486,19,74.8,180,23.1,108,99,132,60,64,60,5.4,178,56,96,40,0.73,97,0.1,40.0,15.6,6,15123,7.3,0,12,4,5.5,4,F,no,activo
PAC006487,25,70.1,158,28.1,98,93,134,91,72,91,5.6,194,63,118,40,1.0,107,0.1,12.1,14.4,5,12308,9.3,0,1,7,4.9,3,F,no,sedentario
PAC006488,25,51.4,155,21.4,80,91,144,71,85,96,4.5,149,65,87,215,0.73,101,2.5,22.6,12.1,9,9790,9.4,21,19,3,9.1,8,M,no,ligero
PAC006489,83,72.1,155,30.0,100,94,165,102,95,89,5.6,205,54,150,193,0.68,68,5.5,50.1,15.1,2,6369,4.9,10,8,0,12.8,5,M,si,sedentario
PAC006490,84,69.9,159,27.6,95,101,164,90,68,117,6.0,202,41,133,199,0.65,75,5.3,25.3,14.5,3,5778,4.6,4,12,4,9.8,5,F,no,ligero
PAC006491,39,59.0,168,20.9,60,96,95,70,50,79,4.7,191,87,88,40,1.46,103,0.1,48.7,14.5,11,13329,8.2,0,9,6,6.0,0,F,si,sedentario
PAC006492,69,74.4,202,18.2,116,121,120,88,86,127,7.0,263,33,144,197,1.26,88,5.5,33.9,14.3,0,3390,9.4,7,9,1,15.4,9,F,no,ligero
PAC006493,29,54.4,162,20.7,102,105,127,54,63,74,5.6,201,53,101,74,1.2,97,1.9,17.4,11.7,5,4546,10.2,19,31,1,8.6,3,M,no,ligero
PAC006494,35,64.5,171,22.1,81,96,133,92,75,104,5.6,186,65,102,120,1.17,130,0.7,20.5,12.0,6,6897,7.9,11,16,2,5.6,9,M,no,activo
PAC006495,18,60.0,154,25.3,67,81,127,76,68,117,5.5,190,38,137,169,0.95,129,1.5,24.5,13.0,6,12534,7.3,20,30,1,10.0,4,F,no,sedentario
PAC006496,74,105.5,188,29.8,122,103,140,100,79,130,6.5,255,29,139,355,1.21,71,7.6,34.8,16.7,0,2631,10.7,17,0,0,15.7,6,M,no,activo
PAC006497,49,93.0,205,22.1,113,106,138,98,82,113,7.6,194,25,144,267,1.48,69,5.3,35.8,16.0,4,4739,8.5,10,4,0,13.5,7,M,si,sedentario
PAC006498,48,79.2,147,36.7,114,93,164,108,76,134,6.3,253,39,119,281,0.4,88,2.4,29.7,15.9,6,8166,4.4,12,5,3,12.8,2,M,no,sedentario
PAC006499,67,92.3,189,25.8,113,106,122,85,95,104,6.8,217,41,154,281,0.92,79,10.8,51.5,15.8,0,1180,9.8,7,12,2,12.9,6,F,no,sedentario
PAC006500,58,104.7,205,24.9,112,107,139,71,78,138,7.4,221,34,149,212,0.94,71,7.3,17.1,14.7,0,4511,7.1,6,2,0,5.7,4,M,no,sedentario
PAC006501,78,68.1,158,27.3,102,86,171,91,68,103,7.1,247,48,114,200,0.72,99,1.4,37.8,14.2,2,500,7.2,9,1,2,10.1,7,M,si,sedentario
PAC006502,81,90.7,195,23.9,127,115,130,99,84,132,6.3,256,32,213,330,1.09,79,6.8,27.7,12.1,0,3308,8.9,9,0,4,12.5,9,M,no,ligero
PAC006503,18,63.1,182,19.0,66,90,117,80,74,103,4.4,130,64,58,253,1.34,83,0.4,39.1,13.3,3,12606,9.2,4,5,3,2.0,4,F,no,ligero
PAC006504,18,49.6,166,18.0,74,87,104,76,55,66,5.1,172,73,119,40,0.55,81,0.1,28.7,15.4,11,7171,9.1,0,0,7,8.3,1,M,no,sedentario
PAC006505,64,93.3,197,24.0,117,118,129,90,71,136,8.0,231,29,192,232,1.03,43,9.9,34.1,15.8,0,2444,7.7,11,0,2,10.4,9,F,si,sedentario
PAC006506,68,112.2,185,32.8,99,119,122,85,82,120,6.8,272,50,165,146,1.16,70,10.8,25.3,14.8,4,500,8.6,10,10,2,10.1,10,M,no,sedentario
PAC006507,18,69.3,157,28.1,75,95,134,70,85,89,5.7,241,42,79,111,0.86,122,7.8,32.0,11.2,3,10991,7.5,14,35,4,10.5,9,M,no,activo
PAC006508,90,67.2,143,32.9,112,80,189,97,76,123,6.0,240,35,106,195,0.86,45,0.9,18.5,15.9,0,9134,7.7,0,14,1,10.1,5,M,no,sedentario
PAC006509,42,80.5,164,29.9,60,118,114,50,64,64,4.7,175,81,119,40,1.49,130,2.4,44.8,13.7,13,10057,8.5,14,9,7,2.0,4,F,no,activo
PAC006510,48,91.8,205,21.8,116,99,118,87,84,127,6.4,226,33,154,235,1.41,111,8.2,41.0,16.0,5,500,8.5,0,0,3,16.7,10,F,no,sedentario
PAC006511,90,87.9,161,33.9,98,88,141,101,83,80,5.7,197,59,166,161,0.43,70,8.6,35.0,15.6,4,3012,5.2,19,0,2,11.6,5,F,no,sedentario
PAC006512,52,51.0,155,21.2,79,82,135,71,59,80,4.0,227,72,57,162,1.16,95,4.1,34.8,16.2,12,14150,7.9,10,5,5,3.3,2,F,no,ligero
PAC006513,76,96.1,141,48.3,103,97,150,94,71,92,6.1,228,47,155,238,0.49,91,2.1,30.1,16.0,7,4413,7.1,6,16,1,14.3,5,M,si,sedentario
PAC006514,64,84.3,205,20.1,123,111,140,72,77,140,7.2,282,73,123,167,1.41,88,4.3,24.4,15.8,1,500,5.4,10,10,2,9.0,8,F,si,sedentario
PAC006515,49,89.5,182,27.0,74,97,114,77,73,79,7.5,168,78,65,122,0.89,87,2.0,22.5,15.8,8,16525,7.5,1,15,3,8.7,0,F,si,ligero
PAC006516,65,97.9,205,23.3,131,115,115,77,76,128,6.2,254,30,164,262,1.34,69,9.5,28.2,13.5,4,2699,8.5,9,11,0,7.7,7,M,si,sedentario
PAC006517,59,60.5,186,17.5,110,90,131,87,65,146,7.5,281,60,203,201,1.21,69,6.1,43.1,14.3,2,5594,8.6,5,5,1,10.5,5,M,no,sedentario
PAC006518,41,58.3,147,27.0,94,102,165,109,74,95,5.0,233,42,138,203,0.46,68,5.6,15.8,16.7,2,3522,5.1,18,5,6,9.8,8,M,no,sedentario
PAC006519,80,98.4,148,44.9,113,101,155,93,83,112,5.3,212,38,128,136,0.4,66,5.3,34.8,15.9,0,2589,6.3,11,0,3,10.2,5,M,no,sedentario
PAC006520,84,88.0,143,43.0,110,85,157,98,58,114,5.4,220,46,136,125,0.45,54,9.1,34.3,13.7,1,4082,5.5,8,0,2,9.9,9,F,no,activo
PAC006521,18,71.0,149,32.0,84,98,134,79,96,104,5.2,157,57,62,103,0.94,130,2.4,29.4,8.5,10,8749,6.1,24,26,2,9.4,6,F,no,activo
PAC006522,53,85.9,196,22.4,121,103,114,93,78,117,7.4,305,54,157,219,0.98,64,5.5,33.2,11.8,1,1281,10.6,10,1,3,10.2,3,M,no,sedentario
PAC006523,49,41.2,151,18.1,63,106,123,73,51,80,4.7,115,60,112,40,0.8,86,1.8,30.2,12.3,14,11136,8.4,4,10,8,5.1,6,M,no,ligero
PAC006524,35,61.1,162,23.3,74,87,127,54,93,105,4.9,153,93,101,40,0.97,104,3.2,11.2,12.7,11,11932,6.7,18,23,5,12.5,6,M,si,sedentario
PAC006525,61,105.1,183,31.4,116,91,142,100,107,126,6.7,218,34,204,234,1.03,62,12.0,42.2,14.0,0,1419,9.1,18,1,1,9.3,5,F,si,sedentario
PAC006526,67,87.3,190,24.2,137,123,143,94,74,144,8.2,208,25,144,96,1.17,60,8.7,38.8,14.8,0,1346,9.1,9,7,1,11.5,7,F,si,sedentario
PAC006527,69,81.3,167,29.2,119,95,169,90,69,87,5.2,247,56,130,66,0.78,58,6.6,36.1,15.3,0,5479,5.2,11,0,3,11.8,4,F,si,sedentario
PAC006528,60,96.1,197,24.8,138,93,154,97,84,177,6.8,241,45,168,347,1.12,84,11.9,37.7,15.0,0,1451,9.7,1,16,2,13.0,10,M,si,sedentario
PAC006529,32,50.6,161,19.5,92,104,134,90,69,86,4.0,134,64,114,126,0.92,100,2.3,24.0,14.9,9,14278,10.1,21,0,7,7.0,1,F,si,sedentario
PAC006530,78,103.7,184,30.6,130,113,127,77,72,132,7.9,213,34,153,255,1.22,59,4.5,45.7,14.1,3,6071,8.8,12,0,0,12.8,6,M,si,ligero
PAC006531,77,95.5,192,25.9,135,89,137,92,92,147,6.9,218,45,143,233,1.27,83,9.9,47.8,16.1,0,3185,8.2,9,7,0,11.0,8,M,si,ligero
PAC006532,18,64.6,144,31.2,72,94,118,83,71,90,5.7,169,41,146,155,0.71,102,1.5,37.0,10.9,1,5226,9.0,9,29,5,10.0,10,F,no,ligero
PAC006533,26,83.5,155,34.8,70,83,130,76,72,93,5.7,193,57,144,75,0.8,99,5.9,36.0,13.8,6,8614,9.6,14,18,4,16.2,9,F,si,ligero
PAC006534,67,95.9,200,24.0,132,87,129,82,62,130,7.0,237,25,165,303,1.11,63,3.4,45.3,14.9,0,500,9.2,5,2,3,9.0,7,F,si,ligero
PAC006535,26,65.7,177,21.0,85,100,127,76,57,76,6.2,157,43,48,40,0.92,80,3.4,26.4,13.8,7,10193,9.5,7,0,7,5.9,4,M,no,sedentario
PAC006536,18,69.3,150,30.8,75,99,130,68,57,95,5.5,125,58,113,40,1.14,92,2.5,51.6,14.6,7,11655,7.0,0,1,3,6.9,0,M,no,sedentario
PAC006537,83,97.1,185,28.4,121,110,149,86,68,132,6.5,239,30,160,324,1.22,79,4.8,51.0,14.0,0,6935,10.0,18,7,0,11.7,9,M,si,ligero
PAC006538,24,68.8,163,25.9,95,102,98,70,60,88,5.6,156,72,91,40,1.15,93,0.6,42.2,16.6,7,17032,8.4,14,6,7,6.2,2,F,no,ligero
PAC006539,18,96.3,171,32.9,87,119,104,72,57,68,4.1,172,88,63,40,1.32,77,0.5,29.2,17.9,8,13108,7.4,2,4,6,9.6,1,F,no,activo
PAC006540,38,55.5,165,20.4,74,106,99,71,58,79,5.6,180,72,88,72,0.72,113,3.6,42.7,13.1,8,9686,9.2,6,0,5,3.2,5,F,no,sedentario
PAC006541,20,40.0,163,15.1,100,87,126,76,80,79,5.0,232,81,115,217,0.76,130,4.2,12.6,9.4,7,6629,6.4,19,29,2,11.7,7,F,no,ligero
PAC006542,38,49.0,167,17.6,60,103,105,81,71,85,4.2,189,56,111,40,1.16,84,0.5,27.0,13.7,9,14370,8.8,0,1,8,9.7,1,M,no,sedentario
PAC006543,24,89.1,168,31.6,101,85,119,70,61,70,5.2,150,64,128,78,0.86,114,0.1,26.5,13.6,9,8957,9.3,2,5,5,6.9,4,M,no,activo
PAC006544,36,88.2,205,21.0,89,92,149,59,73,147,6.9,205,34,190,241,1.36,85,5.2,28.9,15.0,0,2083,7.9,19,12,0,7.7,7,M,si,sedentario
PAC006545,72,73.5,172,24.8,111,104,131,93,90,108,7.6,213,43,142,267,1.3,67,7.3,38.2,15.2,0,500,9.6,6,12,0,14.7,7,F,no,sedentario
PAC006546,77,75.9,149,34.2,110,107,162,88,80,111,6.1,200,51,152,232,0.59,75,3.5,35.6,14.3,3,3573,7.3,0,6,1,10.4,8,F,no,sedentario
PAC006547,29,59.5,176,19.2,73,88,125,77,71,86,5.3,244,47,113,40,0.96,122,4.1,43.6,14.7,7,13157,8.3,3,0,3,2.5,7,M,no,activo
PAC006548,74,105.1,188,29.7,127,95,128,91,81,141,7.0,199,44,171,267,1.37,90,4.8,49.6,14.4,0,3515,8.7,11,7,2,7.6,10,F,si,ligero
PAC006549,61,95.6,152,41.4,100,93,175,106,84,106,5.6,252,57,178,259,0.44,86,6.3,28.5,18.5,4,6993,5.9,18,1,3,20.0,7,M,si,sedentario
PAC006550,81,113.3,142,56.2,130,111,163,108,89,96,5.7,226,54,135,168,0.56,80,1.7,23.6,17.0,0,1292,5.4,0,17,4,12.0,4,M,si,ligero
PAC006551,43,66.3,161,25.6,72,88,96,79,50,83,4.6,189,73,98,40,1.29,116,0.2,51.1,16.3,11,12640,7.4,6,0,7,9.2,5,M,no,activo
PAC006552,88,93.6,198,23.9,142,123,170,78,83,124,6.5,215,28,129,339,1.04,72,8.0,24.8,13.8,1,3221,9.2,9,8,0,13.8,9,F,si,sedentario
PAC006553,31,75.3,146,35.3,63,93,115,82,85,100,4.7,173,62,133,174,1.04,114,5.7,5.7,9.3,4,12681,7.9,16,29,2,11.8,10,M,no,activo
PAC006554,18,56.8,166,20.6,93,119,136,65,61,87,6.7,165,57,111,166,1.35,81,0.9,46.7,17.3,10,7676,8.9,0,8,7,6.8,7,M,si,activo
PAC006555,55,92.2,188,26.1,115,119,152,96,75,145,8.0,268,40,161,295,1.14,74,3.8,30.0,18.2,5,4211,8.9,19,8,2,14.5,3,M,si,ligero
PAC006556,72,85.7,140,43.7,95,101,175,91,72,113,6.7,235,60,133,247,0.64,75,0.6,34.8,14.8,0,2343,7.2,11,0,4,7.3,10,M,si,sedentario
PAC006557,88,80.4,140,41.0,108,96,155,114,78,104,6.6,192,28,161,147,0.49,86,4.3,24.6,13.4,0,4715,4.2,0,0,4,9.0,7,F,si,sedentario
PAC006558,74,95.2,141,47.9,102,97,180,94,92,79,6.8,259,30,151,119,0.4,70,4.7,30.4,14.8,5,1814,7.0,14,0,4,13.5,7,F,si,sedentario
PAC006559,35,60.1,188,17.0,74,97,98,75,74,62,6.3,127,74,76,147,1.26,74,0.1,35.5,14.6,2,11371,8.6,7,0,4,4.6,4,M,si,ligero
PAC006560,40,88.2,154,37.2,100,94,119,71,81,72,4.9,166,72,106,66,1.07,120,1.9,23.8,10.6,5,8750,8.5,18,32,1,4.7,4,F,no,activo
PAC006561,45,77.9,153,33.3,88,99,115,76,75,60,5.4,156,70,171,40,0.87,120,4.0,27.0,10.2,9,11172,7.8,15,22,2,12.6,8,M,no,sedentario
PAC006562,25,94.5,191,25.9,116,107,120,103,80,135,7.5,235,51,184,176,1.29,61,7.8,31.5,15.5,0,1761,9.4,7,12,1,10.2,10,M,si,ligero
PAC006563,39,86.4,171,29.5,65,92,146,66,69,65,5.0,137,58,130,40,1.27,98,3.1,33.3,16.9,10,17645,9.4,0,4,5,4.5,5,F,no,ligero
PAC006564,28,74.8,168,26.5,95,92,131,66,64,72,5.0,166,48,104,117,1.33,94,0.1,31.3,16.3,7,12293,7.6,0,8,7,7.2,3,M,no,activo
PAC006565,89,95.6,205,22.7,128,102,139,75,78,151,7.1,246,46,159,277,0.97,91,7.4,35.0,16.3,0,2894,7.8,24,5,2,7.1,4,F,si,ligero
PAC006566,46,98.7,140,50.4,113,92,189,84,80,112,6.1,184,52,54,173,0.4,66,5.0,44.6,15.1,1,2905,7.7,14,3,2,14.8,10,M,si,ligero
PAC006567,50,90.7,190,25.1,106,108,117,77,69,145,8.0,193,51,165,283,0.76,49,3.0,21.6,15.1,0,6506,11.0,4,5,3,9.6,5,F,si,sedentario
PAC006568,18,50.5,157,20.5,73,86,123,80,75,83,4.0,178,59,82,112,1.03,74,1.3,16.5,14.4,1,14194,5.9,21,24,0,9.0,8,F,no,ligero
PAC006569,58,84.6,160,33.0,98,88,114,65,90,80,5.3,143,38,110,158,1.17,125,3.7,19.7,11.3,0,5994,7.5,29,35,4,12.8,6,F,no,ligero
PAC006570,80,93.0,194,24.7,128,92,175,90,76,121,7.6,208,53,91,338,1.24,56,10.7,30.2,12.8,3,5333,10.4,14,10,2,12.3,5,F,si,activo
PAC006571,18,66.8,161,25.8,71,109,91,59,63,84,5.5,133,57,93,114,1.17,110,0.1,43.7,17.4,11,12989,8.7,0,2,3,8.5,3,M,si,activo
PAC006572,90,99.5,156,40.9,109,95,157,80,86,114,6.5,204,35,160,120,0.4,82,8.2,20.0,16.5,1,500,6.7,2,0,1,6.1,7,F,si,sedentario
PAC006573,73,76.2,196,19.8,112,105,120,91,84,136,8.2,239,51,140,284,0.84,62,10.1,42.2,14.7,0,3881,8.5,25,14,0,7.0,10,M,si,ligero
PAC006574,59,96.7,155,40.2,111,75,174,92,73,105,4.6,208,66,167,130,0.79,69,1.4,37.1,16.1,2,1454,7.1,7,0,3,11.6,7,F,no,sedentario
PAC006575,32,61.0,164,22.7,64,105,96,67,71,109,4.4,220,59,75,146,1.11,96,0.1,28.7,16.1,10,13692,8.0,1,1,4,5.4,1,M,si,activo
PAC006576,19,46.7,163,17.6,91,92,110,81,77,69,4.6,228,56,92,177,0.87,111,5.5,11.6,12.3,3,8998,8.0,12,26,2,8.9,7,F,si,sedentario
PAC006577,28,79.7,165,29.3,82,108,93,68,93,70,5.2,163,46,67,71,1.13,95,3.9,26.7,13.3,6,8541,6.9,17,18,0,7.5,5,M,si,ligero
PAC006578,24,50.4,140,25.7,88,93,136,68,69,115,5.1,193,53,75,73,0.54,40,5.0,22.4,11.8,8,10770,8.4,11,24,2,12.1,10,F,no,sedentario
PAC006579,38,51.0,159,20.2,66,94,114,70,89,127,4.0,181,39,110,123,0.85,96,4.3,30.1,8.0,8,5080,7.5,23,30,1,9.2,5,M,si,activo
PAC006580,57,51.7,179,16.1,107,91,121,73,74,102,5.2,221,50,71,159,0.64,115,3.4,21.2,13.1,7,10718,7.6,25,24,2,9.7,4,F,no,activo
PAC006581,90,83.2,191,22.8,114,100,148,90,80,115,7.7,212,32,163,350,1.3,74,7.7,33.2,12.6,5,1857,10.4,16,0,1,9.6,9,F,no,sedentario
PAC006582,63,85.9,201,21.3,95,95,154,80,81,103,6.8,232,25,170,287,1.17,104,7.2,44.8,16.0,5,6461,10.1,22,10,2,13.2,7,M,si,activo
PAC006583,72,53.4,140,27.2,88,96,162,99,92,96,5.3,252,56,152,169,0.64,89,1.3,23.6,16.9,3,5504,6.1,9,0,2,11.0,7,M,no,ligero
PAC006584,51,89.6,154,37.8,100,105,178,108,77,99,5.9,176,25,93,203,0.4,75,5.7,38.8,17.7,0,500,5.6,6,10,3,15.3,4,M,no,sedentario
PAC006585,79,77.5,140,39.5,111,75,159,111,68,108,7.1,147,55,170,195,0.56,82,1.4,23.0,16.2,1,4370,6.4,14,8,3,10.5,5,F,si,ligero
PAC006586,60,99.3,181,30.3,119,99,125,90,67,130,5.8,330,25,124,171,1.12,67,3.2,32.1,14.5,0,1963,8.1,3,3,1,9.8,8,F,si,sedentario
PAC006587,26,68.3,149,30.8,79,85,126,83,52,82,4.5,141,67,44,158,0.94,90,0.1,43.5,14.6,9,12814,8.0,0,0,6,3.8,5,M,no,sedentario
PAC006588,54,75.1,152,32.5,92,87,101,73,88,91,4.0,189,66,94,170,1.05,95,1.7,31.3,12.7,3,5000,7.8,27,32,5,12.3,6,M,si,activo
PAC006589,19,73.1,143,35.7,70,93,101,68,50,73,4.3,175,55,111,77,1.59,105,2.5,36.6,15.7,9,14818,5.0,0,3,4,5.0,2,F,no,sedentario
PAC006590,77,87.8,142,43.5,102,93,155,93,80,86,5.6,200,38,141,162,0.73,37,0.1,24.9,15.3,0,7263,6.1,20,3,4,11.4,7,M,si,ligero
PAC006591,22,51.4,157,20.9,73,102,126,71,56,88,4.3,197,68,133,87,1.48,116,4.0,29.6,16.5,7,10916,8.1,4,3,4,6.4,3,M,no,ligero
PAC006592,45,64.4,153,27.5,89,100,140,77,91,84,4.9,184,53,90,40,0.71,111,2.4,5.0,10.9,1,11174,6.8,20,34,2,10.2,4,F,no,ligero
PAC006593,18,60.2,156,24.7,65,97,90,79,64,78,5.1,157,77,96,99,1.09,107,0.1,47.7,13.6,10,9417,8.1,0,0,5,7.2,0,M,no,activo
PAC006594,79,74.6,151,32.7,107,93,196,92,72,83,5.6,267,50,133,248,0.4,86,7.9,26.0,15.2,0,500,5.1,7,1,3,15.6,9,F,si,sedentario
PAC006595,53,59.6,158,23.9,117,76,165,92,89,79,5.3,247,25,148,218,0.53,88,6.1,37.4,13.7,0,4753,6.5,9,0,1,9.9,10,F,no,sedentario
PAC006596,36,90.7,159,35.9,84,96,138,77,59,106,5.7,247,73,98,166,0.83,130,3.0,29.9,15.5,7,11841,6.3,0,4,3,5.3,0,F,no,ligero
PAC006597,65,94.5,178,29.8,121,98,145,95,72,165,7.9,216,41,165,188,1.05,71,4.4,23.4,14.0,1,5060,10.3,13,9,1,5.1,10,M,no,sedentario
PAC006598,18,57.7,151,25.3,71,93,102,67,85,86,5.8,188,66,68,121,1.07,96,3.5,29.7,13.9,3,9960,8.7,3,19,3,7.5,8,F,no,ligero
PAC006599,90,64.4,149,29.0,93,89,164,94,91,104,5.8,195,44,121,135,0.56,48,0.9,37.3,16.1,0,1977,6.5,12,2,5,14.7,3,M,no,sedentario
PAC006600,26,76.4,167,27.4,82,75,130,77,85,84,5.7,208,64,153,69,0.95,118,2.1,28.7,10.0,6,9290,9.3,18,32,0,8.9,10,F,no,sedentario
PAC006601,56,70.1,157,28.4,67,111,119,58,65,113,5.5,166,64,95,74,1.18,90,0.1,26.0,15.3,9,7610,9.1,3,0,6,6.7,0,F,no,activo
PAC006602,80,85.2,143,41.7,116,80,152,82,72,116,6.4,249,53,144,114,0.61,107,3.7,32.5,16.0,0,8552,6.1,11,0,2,15.6,10,M,si,ligero
PAC006603,74,78.0,157,31.6,96,112,167,80,77,125,6.9,212,41,155,199,0.49,57,2.2,43.6,15.3,0,672,6.4,7,11,0,12.3,8,M,no,ligero
PAC006604,28,72.7,154,30.7,79,110,126,70,69,65,5.8,174,66,102,49,0.95,84,2.1,54.2,14.6,9,14432,8.0,7,4,7,8.8,4,M,si,activo
PAC006605,18,63.8,171,21.8,88,100,118,73,63,80,5.1,170,59,83,46,0.92,84,4.6,31.4,16.1,9,18170,10.2,0,7,5,2.0,3,F,si,activo
PAC006606,48,84.8,140,43.3,113,98,159,94,59,89,5.7,233,55,135,76,0.6,75,0.1,28.9,17.6,0,8130,6.2,7,9,2,13.7,6,M,si,ligero
PAC006607,25,66.6,174,22.0,72,99,96,78,62,95,4.4,132,93,131,91,1.3,88,0.1,43.9,16.6,11,13404,6.8,0,2,6,5.3,1,F,no,ligero
PAC006608,18,51.3,159,20.3,66,116,117,58,59,78,4.1,220,74,124,40,0.9,85,0.2,45.4,15.0,11,7430,7.1,0,0,9,6.7,8,F,si,sedentario
PAC006609,18,76.6,167,27.5,70,99,111,76,64,77,5.3,161,77,95,108,1.22,130,0.6,51.9,17.1,7,7357,9.7,4,0,6,6.7,0,F,si,ligero
PAC006610,31,92.5,176,29.9,93,95,145,78,78,106,5.4,162,55,149,122,1.16,104,4.1,18.4,11.4,7,14572,7.3,26,32,0,7.8,7,M,no,sedentario
PAC006611,18,67.9,167,24.3,91,102,117,71,59,69,4.4,184,67,105,46,0.94,109,5.3,27.3,11.8,5,5528,8.7,16,38,1,11.3,7,M,si,sedentario
PAC006612,78,75.8,152,32.8,105,89,159,105,85,118,5.7,258,40,122,176,0.4,65,4.1,42.9,17.4,1,9854,3.8,31,5,1,18.1,8,F,no,sedentario
PAC006613,50,64.4,148,29.4,93,107,101,67,74,84,5.6,126,75,125,82,1.2,77,0.7,28.2,16.8,2,13587,9.7,0,0,8,8.6,4,M,no,activo
PAC006614,73,63.5,154,26.8,118,98,188,89,77,114,4.7,256,42,178,169,0.46,65,5.4,18.2,13.6,3,4932,5.6,12,0,4,12.5,8,F,no,ligero
PAC006615,18,72.9,161,28.1,93,97,115,61,75,79,4.5,162,70,93,215,0.96,73,5.0,26.1,12.4,3,3866,7.3,25,26,2,9.5,8,M,no,activo
PAC006616,18,73.7,160,28.8,76,95,107,77,66,106,5.7,168,74,105,147,0.77,110,4.6,39.1,14.0,8,12062,8.0,0,0,4,2.0,1,M,no,sedentario
PAC006617,77,70.9,148,32.4,117,79,132,102,80,99,6.6,232,50,192,165,0.7,55,6.1,36.6,15.2,0,1332,5.4,11,13,2,12.5,6,F,no,sedentario
PAC006618,41,81.2,158,32.5,72,100,100,66,59,76,5.8,210,60,98,109,1.02,86,2.8,28.1,16.8,11,9066,9.8,2,7,5,8.1,0,F,si,activo
PAC006619,37,51.1,176,16.5,84,118,90,62,53,68,4.5,154,62,90,197,0.93,116,1.6,32.9,16.2,8,18877,8.2,4,0,5,2.0,5,F,no,sedentario
PAC006620,18,40.0,178,12.6,90,75,98,69,74,100,6.0,190,41,84,162,0.89,95,2.8,34.7,12.0,8,7623,9.0,18,18,0,9.6,4,M,si,sedentario
PAC006621,18,55.7,153,23.8,89,96,113,77,89,110,5.6,142,48,103,40,0.89,82,0.1,42.8,10.1,6,7958,7.0,9,23,4,8.4,8,F,no,sedentario
PAC006622,25,54.1,170,18.7,86,98,130,65,73,74,5.3,232,66,137,66,1.02,95,2.7,32.7,14.9,10,10951,4.7,13,5,7,2.8,0,M,no,ligero
PAC006623,22,52.1,149,23.5,79,116,151,65,53,132,5.2,211,58,78,141,0.97,100,0.1,33.1,15.0,11,13399,7.5,7,0,3,7.9,2,M,si,ligero
PAC006624,24,56.6,161,21.8,96,102,143,72,66,60,4.5,224,58,106,83,1.03,83,3.5,25.3,10.8,2,8545,7.5,28,21,2,6.1,9,F,no,sedentario
PAC006625,35,54.9,174,18.1,81,104,120,62,74,93,4.8,146,46,103,40,1.07,104,0.1,31.9,12.8,9,10433,6.8,9,0,4,4.1,0,M,no,activo
PAC006626,20,74.9,183,22.4,81,90,105,72,71,72,5.9,199,65,121,72,1.3,107,0.6,44.0,14.8,12,17308,8.8,3,2,7,5.0,0,M,no,ligero
PAC006627,18,42.3,166,15.4,67,111,128,66,69,103,5.0,205,62,86,82,1.05,99,1.8,31.9,15.3,3,12142,8.8,2,0,7,9.2,2,M,no,sedentario
PAC006628,19,63.6,162,24.2,84,104,140,67,66,85,5.6,179,57,87,72,1.18,96,0.1,52.7,13.7,7,14163,9.2,0,0,5,2.0,0,M,no,sedentario
PAC006629,37,43.3,171,14.8,80,109,122,76,64,127,4.8,156,65,90,40,1.16,86,0.1,29.9,16.9,3,8651,9.2,6,4,4,6.0,2,M,no,ligero
PAC006630,44,58.3,167,20.9,95,105,104,74,52,90,6.3,205,57,96,125,0.83,116,4.0,38.3,14.1,7,12744,9.8,22,35,0,7.7,8,M,no,activo
PAC006631,49,52.0,162,19.8,79,93,129,79,66,103,6.6,139,48,100,102,1.17,85,4.5,39.0,14.8,12,11627,9.9,12,0,2,7.0,6,F,no,activo
PAC006632,90,89.8,172,30.4,102,96,129,101,88,86,7.0,214,53,127,80,0.45,71,5.4,31.8,14.6,2,7141,5.2,9,15,1,14.8,7,F,no,ligero
PAC006633,64,91.0,193,24.4,108,101,126,74,82,115,6.8,257,35,140,334,1.12,56,5.7,30.2,16.2,5,3366,9.8,14,9,1,11.4,7,F,si,activo
PAC006634,51,70.8,182,21.4,72,104,131,74,64,96,4.6,177,59,125,83,0.83,93,0.1,38.2,13.8,7,13060,9.7,0,0,8,3.3,2,F,si,activo
PAC006635,69,68.3,141,34.4,105,107,129,91,68,105,5.2,214,55,137,119,0.55,74,3.7,35.4,14.1,3,2674,3.2,11,2,2,10.2,0,F,no,ligero
PAC006636,70,99.6,205,23.7,119,117,123,85,87,126,6.1,216,36,180,258,1.24,35,8.3,30.7,17.2,0,500,8.3,0,3,2,7.6,6,M,si,ligero
PAC006637,71,90.6,140,46.2,102,104,160,106,76,104,5.7,271,67,113,131,0.4,87,3.5,48.4,16.2,0,4140,5.6,10,9,1,7.2,1,M,si,sedentario
PAC006638,18,75.3,168,26.7,83,99,109,61,76,91,5.0,167,43,135,107,0.71,102,0.1,15.2,13.6,6,9299,6.1,29,15,1,8.2,10,F,no,ligero
PAC006639,74,51.2,144,24.7,109,98,142,91,89,82,6.0,266,28,141,189,0.74,79,5.8,16.4,15.1,4,3166,7.2,4,5,6,14.9,8,M,si,sedentario
PAC006640,60,81.0,147,37.5,126,104,158,113,80,104,7.2,272,56,120,218,0.4,44,7.6,40.3,15.8,0,1884,7.3,6,5,6,6.9,6,F,no,activo
PAC006641,36,56.5,162,21.5,79,80,110,79,101,67,6.1,167,56,102,102,1.05,94,5.2,18.1,13.0,3,7960,7.9,31,36,4,8.6,10,M,si,sedentario
PAC006642,18,68.5,163,25.8,76,80,126,74,96,104,4.8,146,81,73,116,0.83,100,3.6,22.6,10.9,5,6538,8.2,15,23,0,4.2,9,M,no,ligero
PAC006643,33,59.4,161,22.9,88,104,110,89,74,78,4.7,189,55,124,141,0.84,85,2.1,28.5,8.9,7,3702,6.9,29,32,1,11.3,6,M,no,ligero
PAC006644,27,59.9,140,30.6,97,82,126,79,91,105,4.6,181,35,135,60,0.92,108,4.3,30.5,12.3,5,7401,6.4,28,24,1,10.3,6,F,no,sedentario
PAC006645,53,116.6,190,32.3,119,104,135,74,70,117,6.7,298,42,128,287,1.02,110,11.1,48.2,17.3,5,2514,9.7,7,9,1,15.8,9,M,si,sedentario
PAC006646,39,83.2,202,20.4,133,109,138,82,83,90,8.0,211,45,180,256,0.98,55,5.9,29.8,14.2,0,4113,7.4,15,2,2,13.2,10,F,si,activo
PAC006647,57,89.6,205,21.3,112,87,128,87,61,122,8.1,219,29,140,319,1.26,77,5.7,43.9,14.2,0,5969,8.1,18,2,0,5.6,10,M,no,sedentario
PAC006648,18,77.2,146,36.2,80,80,110,67,87,90,4.6,228,57,98,51,0.93,103,2.8,26.2,9.8,6,9811,8.2,25,28,2,7.1,8,F,no,ligero
PAC006649,71,95.5,184,28.2,124,84,144,92,93,94,8.7,210,50,128,279,1.21,81,6.2,31.3,13.6,0,596,9.6,6,14,3,9.3,8,F,no,sedentario
PAC006650,72,77.0,194,20.5,103,109,144,102,84,149,7.6,234,25,190,187,1.07,68,7.3,49.7,14.9,0,500,7.3,15,10,0,7.6,6,F,si,sedentario
PAC006651,24,61.5,169,21.5,97,103,124,79,58,68,5.9,153,81,68,133,1.28,117,1.1,40.4,15.5,12,16920,7.5,0,0,5,11.1,3,M,no,ligero
PAC006652,58,83.5,141,42.0,107,118,144,101,86,109,4.3,220,53,129,212,0.71,68,1.8,26.3,15.6,0,6357,6.2,17,0,2,13.7,9,F,no,sedentario
PAC006653,70,87.8,156,36.1,90,98,192,100,70,107,6.6,239,32,171,173,0.49,73,6.6,17.9,15.4,0,6301,5.7,4,0,4,15.4,8,M,si,ligero
PAC006654,39,83.7,140,42.7,78,98,121,75,56,87,4.8,181,50,111,68,0.61,80,7.9,22.2,12.5,0,8352,8.6,11,23,0,9.8,7,M,no,ligero
PAC006655,70,81.9,149,36.9,97,101,156,85,87,100,5.6,218,74,128,131,0.49,94,6.6,38.6,17.7,1,5199,6.7,9,0,2,12.3,8,F,si,sedentario
PAC006656,33,66.3,180,20.5,80,103,118,74,55,99,5.2,157,42,106,40,1.23,98,0.7,29.5,14.2,9,8955,8.6,5,9,9,9.2,7,F,si,ligero
PAC006657,47,72.5,160,28.3,105,85,105,93,66,122,4.4,211,68,140,40,1.25,92,1.9,44.0,16.3,5,12139,8.6,0,6,6,5.6,3,F,si,activo
PAC006658,18,59.8,165,22.0,67,99,123,76,71,118,4.8,205,68,112,159,0.83,99,7.6,13.3,13.1,4,8914,11.0,9,29,1,7.3,8,F,no,sedentario
PAC006659,44,81.9,165,30.1,75,104,123,65,59,79,4.6,244,38,97,109,1.25,113,0.1,33.6,13.9,9,9821,7.4,0,5,6,5.7,3,F,no,sedentario
PAC006660,28,52.8,171,18.1,96,96,101,71,53,85,4.0,162,56,123,53,1.38,80,0.1,36.0,14.6,9,14477,10.3,6,0,8,3.4,0,F,no,ligero
PAC006661,84,64.3,151,28.2,111,106,147,100,84,126,4.7,242,85,158,153,0.4,71,6.3,32.8,15.8,1,4714,3.9,12,9,1,9.1,6,M,si,ligero
PAC006662,42,42.6,160,16.6,90,112,113,79,73,67,4.8,168,78,120,82,1.04,105,2.4,34.3,17.2,8,11035,8.7,9,4,5,4.5,4,F,no,activo
PAC006663,75,121.9,156,50.1,118,91,167,110,86,107,5.4,181,44,183,150,0.6,50,2.6,35.0,13.2,2,3943,6.6,3,5,4,12.5,9,M,no,ligero
PAC006664,18,40.0,162,15.2,91,93,118,88,84,79,4.4,170,33,107,107,1.09,65,2.6,22.5,14.8,13,11657,8.3,6,0,6,9.6,0,F,no,ligero
PAC006665,75,100.8,151,44.2,103,96,130,87,59,73,5.7,273,39,136,106,0.4,55,3.3,25.6,16.0,1,6019,4.9,15,11,1,13.6,5,F,no,sedentario
PAC006666,24,74.3,162,28.3,82,87,120,68,103,60,5.3,149,66,93,96,1.07,77,1.6,33.7,11.1,7,8322,6.9,27,27,1,8.1,8,M,no,ligero
PAC006667,64,46.9,147,21.7,120,88,174,110,80,92,5.2,255,43,169,95,0.4,84,2.1,28.8,15.3,4,7991,6.8,14,0,2,10.8,4,M,si,ligero
PAC006668,61,72.0,143,35.2,108,75,142,100,81,111,6.6,235,42,147,140,0.59,66,4.1,22.3,17.2,0,3447,6.8,11,4,3,11.9,7,F,no,sedentario
PAC006669,67,61.3,151,26.9,92,98,168,113,73,90,4.3,279,28,133,184,0.76,80,3.5,41.6,16.0,0,4690,8.1,19,0,5,13.9,6,M,si,sedentario
PAC006670,54,74.6,191,20.4,105,121,151,99,84,117,7.4,258,28,100,335,1.26,94,9.7,35.9,14.8,0,4005,8.8,3,4,3,13.0,9,F,no,ligero
PAC006671,34,44.2,165,16.2,60,91,133,67,60,87,5.2,121,51,130,89,1.05,96,3.0,44.3,15.1,8,7153,8.3,8,8,7,2.0,3,M,no,ligero
PAC006672,85,83.4,200,20.8,109,111,150,100,77,145,6.0,274,25,156,338,0.97,64,6.6,38.8,14.9,0,4487,9.3,9,1,0,14.8,6,M,no,ligero
PAC006673,44,124.6,196,32.4,118,115,121,94,68,123,6.7,182,35,163,224,1.26,44,2.9,32.0,12.8,2,2846,7.8,19,1,1,13.0,5,F,no,ligero
PAC006674,18,78.8,148,36.0,92,88,129,69,84,93,4.9,216,49,128,96,0.84,89,3.1,16.0,14.8,1,14040,8.2,28,30,3,7.0,7,M,no,ligero
PAC006675,22,76.1,161,29.4,90,99,115,81,82,96,5.2,177,61,75,94,0.56,92,6.1,18.1,12.4,8,4367,8.2,22,25,3,9.6,8,M,si,ligero
PAC006676,26,56.0,155,23.3,84,104,127,68,90,85,4.6,179,57,102,148,0.88,89,4.6,34.5,10.9,5,5055,9.0,26,17,0,9.7,5,F,no,sedentario
PAC006677,41,90.6,160,35.4,75,101,146,77,77,84,5.5,163,57,93,213,0.75,102,0.1,14.8,11.9,7,9890,6.8,17,31,3,4.9,3,M,no,ligero
PAC006678,58,101.6,167,36.4,120,100,159,103,71,118,5.0,176,55,113,223,0.4,96,4.9,42.4,15.5,0,500,7.0,4,17,0,10.6,9,M,si,sedentario
PAC006679,26,52.2,161,20.1,72,92,148,77,77,89,5.3,176,40,100,207,0.73,99,6.3,21.7,12.7,9,7404,7.1,24,13,3,7.2,10,M,si,ligero
PAC006680,27,43.7,160,17.1,94,107,115,72,57,88,5.6,164,63,148,180,1.16,129,3.7,25.4,14.4,10,17823,9.4,18,0,5,8.4,4,F,si,activo
PAC006681,26,60.8,141,30.6,71,91,147,71,70,80,5.4,179,60,63,40,1.02,88,8.0,33.1,12.3,5,6516,6.3,17,23,2,11.4,10,M,no,sedentario
PAC006682,73,88.4,147,40.9,116,99,159,89,72,71,6.2,248,61,133,148,0.4,51,4.7,43.9,15.3,4,3278,5.2,10,8,2,10.5,3,M,no,sedentario
PAC006683,60,72.7,152,31.5,105,139,154,104,77,82,5.7,266,43,118,217,0.43,76,2.4,26.3,15.7,0,5921,5.0,0,2,0,12.0,6,F,no,sedentario
PAC006684,18,64.3,154,27.1,88,96,119,83,85,99,5.2,153,85,118,70,0.91,83,3.3,23.2,12.0,7,7105,8.6,18,31,2,12.6,6,M,no,ligero
PAC006685,38,69.7,149,31.4,91,92,116,85,84,119,5.3,194,39,118,191,1.16,130,2.6,21.0,10.5,5,6080,9.4,25,18,3,3.8,8,F,no,activo
PAC006686,64,70.4,189,19.7,118,113,164,89,72,126,7.6,258,36,164,260,1.16,60,4.3,46.0,15.1,0,6951,8.1,14,10,0,10.9,8,M,no,ligero
PAC006687,73,82.7,150,36.8,85,113,138,104,79,89,5.9,178,42,138,137,0.44,79,0.2,25.6,17.0,0,5279,6.6,8,10,2,20.0,8,F,si,ligero
PAC006688,26,76.5,161,29.5,86,98,112,80,78,91,5.9,230,43,84,120,0.64,102,5.2,38.4,8.7,3,10138,7.4,22,27,0,5.5,8,M,no,ligero
PAC006689,43,54.8,163,20.6,71,102,118,76,57,109,5.4,178,76,83,64,1.14,79,2.3,19.9,12.4,9,13310,7.2,6,0,5,4.4,4,M,si,ligero
PAC006690,80,92.5,179,28.9,130,118,132,85,81,124,7.8,234,34,147,303,1.1,75,3.9,31.4,13.7,0,7631,9.0,0,12,3,11.3,9,F,no,ligero
PAC006691,25,51.6,167,18.5,63,102,131,71,62,89,5.3,219,59,86,95,1.2,130,4.6,34.3,16.3,7,14441,9.6,0,0,6,8.0,0,F,si,sedentario
PAC006692,19,73.0,158,29.2,60,105,113,73,60,125,5.8,145,69,106,243,0.89,86,1.9,40.3,13.5,9,14632,7.1,16,1,5,7.2,0,M,no,sedentario
PAC006693,83,108.6,182,32.8,135,93,117,72,85,130,7.0,278,27,174,301,1.41,56,8.4,19.1,14.9,3,3972,8.5,12,18,2,11.2,7,F,si,sedentario
PAC006694,18,83.4,145,39.7,107,87,141,70,76,96,4.2,166,41,84,70,0.88,99,2.5,16.9,10.9,7,8063,8.7,17,20,3,11.0,8,F,si,sedentario
PAC006695,25,68.9,164,25.6,78,97,116,72,83,66,5.1,131,79,102,126,1.22,96,5.8,17.3,12.6,2,5005,9.7,22,29,1,10.9,10,M,si,ligero
PAC006696,85,62.7,153,26.8,102,107,140,120,80,111,6.3,272,58,137,188,0.81,63,3.7,30.3,13.8,0,9538,5.8,11,3,1,11.2,9,F,si,ligero
PAC006697,83,68.1,156,28.0,111,98,140,97,83,113,6.3,251,62,132,168,0.72,67,4.3,44.3,16.2,0,4871,5.6,12,0,2,16.6,6,M,si,ligero
PAC006698,83,105.6,144,50.9,113,83,153,103,80,110,5.8,216,43,121,207,0.54,59,6.0,33.5,16.3,1,3687,5.6,14,2,2,15.3,8,F,no,ligero
PAC006699,41,41.9,178,13.2,81,101,115,71,57,73,5.4,163,78,110,70,1.02,87,0.1,34.2,16.2,9,13993,7.6,0,0,5,8.5,7,M,no,sedentario
PAC006700,18,70.6,156,29.0,81,105,129,69,53,65,5.1,185,67,104,97,0.89,93,0.1,37.4,12.5,7,12573,8.4,1,0,5,3.8,1,F,no,sedentario
PAC006701,63,74.9,148,34.2,112,92,146,103,79,86,6.1,174,58,160,182,0.4,61,2.1,45.0,17.2,1,4392,6.4,2,0,1,15.9,5,M,si,sedentario
PAC006702,74,103.6,205,24.7,106,88,158,95,79,150,6.9,240,39,182,276,1.41,70,9.2,28.3,14.7,0,4561,8.9,11,7,1,12.6,10,M,no,sedentario
PAC006703,78,76.4,141,38.4,115,109,154,100,82,132,6.2,186,49,112,194,0.71,82,1.5,27.5,15.7,0,2252,6.1,12,0,3,9.9,9,F,no,ligero
PAC006704,21,53.9,173,18.0,95,92,106,83,49,79,4.9,205,50,100,40,1.18,130,0.7,32.3,13.6,8,9803,8.1,2,0,7,2.1,4,F,si,sedentario
PAC006705,28,57.6,154,24.3,71,92,105,59,57,63,4.3,204,71,105,87,1.31,107,5.4,29.5,15.0,14,11516,9.0,0,9,3,3.6,5,M,si,ligero
PAC006706,88,98.3,205,23.4,110,92,142,91,82,118,6.4,239,39,208,189,1.4,85,3.8,31.0,15.2,0,3238,9.0,16,13,4,12.2,6,M,si,ligero
PAC006707,61,87.9,197,22.6,91,109,119,94,99,127,7.2,261,35,119,242,1.12,83,2.1,40.9,15.3,2,5377,10.5,11,6,1,6.5,6,M,no,sedentario
PAC006708,23,64.8,161,25.0,82,113,90,63,76,66,4.7,110,74,157,156,0.93,110,2.1,28.1,16.0,7,11807,9.8,0,7,6,5.1,1,F,si,activo
PAC006709,27,40.4,171,13.8,87,99,105,76,51,82,4.7,184,41,61,127,1.17,97,4.7,45.6,15.4,6,8246,7.6,0,0,6,4.9,3,F,no,sedentario
PAC006710,74,97.7,140,49.8,112,103,141,104,68,89,7.7,195,33,136,232,0.72,89,0.1,41.5,15.6,8,4213,5.0,20,11,3,14.0,6,F,no,sedentario
PAC006711,64,69.6,156,28.6,107,115,166,117,82,102,5.8,201,30,176,202,0.7,86,3.6,33.5,16.1,4,2318,5.0,11,3,4,12.8,1,M,si,sedentario
PAC006712,80,74.6,187,21.3,132,108,134,82,75,106,5.4,257,31,174,321,1.06,59,7.5,35.1,10.5,1,4288,6.9,7,0,4,10.3,10,F,no,sedentario
PAC006713,39,86.2,156,35.4,86,92,136,83,91,99,4.5,165,89,82,237,0.83,119,5.9,28.0,10.1,4,10189,8.5,17,17,0,4.2,7,M,no,ligero
PAC006714,18,61.7,154,26.0,88,75,132,67,71,64,6.2,154,58,113,82,0.73,122,0.1,37.8,12.3,4,1015,9.8,20,33,5,9.7,8,F,no,sedentario
PAC006715,49,73.3,170,25.4,93,103,112,81,76,82,4.9,174,40,157,126,0.69,71,0.6,18.4,12.2,4,11079,8.0,20,29,0,9.1,6,F,no,ligero
PAC006716,27,59.0,168,20.9,67,100,126,67,59,81,5.6,157,74,89,40,0.78,98,0.1,40.2,16.7,6,7421,7.1,0,2,4,5.1,4,F,no,sedentario
PAC006717,83,94.3,140,48.1,98,85,158,107,70,97,5.7,235,57,111,194,0.4,59,6.7,34.5,15.1,0,2802,8.2,0,7,1,11.2,6,M,si,activo
PAC006718,51,62.8,149,28.3,83,91,121,79,75,89,4.1,196,66,112,88,0.98,83,6.6,48.9,11.7,4,7773,7.6,20,27,0,6.1,8,M,si,sedentario
PAC006719,77,68.2,180,21.0,105,110,124,85,73,136,7.2,203,50,155,193,1.32,91,5.4,51.1,15.9,0,3310,10.4,4,2,0,9.4,7,M,si,ligero
PAC006720,71,88.8,153,37.9,99,100,128,110,77,95,6.5,216,45,86,169,0.4,65,3.1,33.2,15.3,1,980,6.6,8,0,3,8.0,9,M,si,sedentario
PAC006721,19,66.4,177,21.2,85,118,121,76,54,71,5.0,207,64,113,76,1.37,115,0.1,34.3,14.1,4,14957,9.5,0,12,7,4.3,3,M,no,activo
PAC006722,90,86.9,143,42.5,94,96,136,93,73,104,6.1,224,31,91,165,0.44,55,3.6,27.4,18.0,2,625,7.1,13,2,0,13.7,3,F,no,sedentario
PAC006723,36,101.0,201,25.0,104,105,134,98,87,160,6.2,255,29,125,297,1.2,78,6.4,43.6,17.0,1,1275,8.6,15,6,0,9.2,5,M,si,sedentario
PAC006724,69,89.5,159,35.4,113,90,172,85,74,83,5.6,222,37,158,283,0.49,69,4.1,26.5,14.5,0,2011,6.0,7,15,3,12.6,7,F,si,sedentario
PAC006725,82,76.1,148,34.7,103,81,144,108,84,100,5.1,276,32,116,175,0.64,73,3.9,32.5,14.9,3,500,7.0,11,5,1,14.6,8,M,no,activo
PAC006726,18,48.5,167,17.4,91,102,137,68,63,109,4.9,149,98,89,50,0.89,109,0.7,33.3,16.4,9,14350,8.6,0,0,7,2.2,3,M,no,activo
PAC006727,66,60.1,143,29.4,114,82,176,93,69,77,6.4,244,43,137,139,0.53,68,5.9,26.9,15.1,4,7394,4.0,4,0,3,11.2,7,M,si,activo
PAC006728,37,56.3,159,22.3,85,97,120,76,86,105,4.5,216,74,139,160,1.23,117,3.3,9.1,11.7,5,11693,7.2,19,24,2,12.8,5,M,si,sedentario
PAC006729,50,94.9,142,47.1,110,101,166,101,76,76,6.1,244,42,133,199,0.43,47,8.1,39.9,15.8,0,5306,8.0,4,2,1,9.4,9,F,no,sedentario
PAC006730,67,94.4,205,22.5,111,110,135,73,58,156,8.8,215,36,162,275,1.26,68,12.4,43.1,13.5,0,4884,9.6,21,12,1,9.9,10,M,no,sedentario
PAC006731,18,79.9,165,29.3,61,99,90,83,83,84,4.3,181,69,130,57,0.66,117,4.8,25.1,13.4,6,7987,8.7,19,21,4,12.3,8,M,si,activo
PAC006732,42,74.1,157,30.1,69,95,106,71,49,91,5.6,152,46,108,114,1.17,78,1.2,24.9,12.0,10,15481,7.9,0,0,5,4.2,2,F,no,sedentario
PAC006733,72,118.0,149,53.2,118,92,168,107,75,99,4.7,212,53,133,130,0.64,66,7.0,38.5,15.2,0,2256,4.1,7,3,1,16.0,8,M,si,sedentario
PAC006734,36,65.9,178,20.8,65,109,110,63,74,66,5.3,235,71,49,107,1.09,87,0.6,26.5,14.9,8,9366,7.8,2,0,5,4.2,0,F,no,sedentario
PAC006735,18,73.0,177,23.3,77,114,110,58,77,86,4.7,180,59,83,262,0.89,98,1.9,6.1,13.3,9,11916,6.3,16,35,2,11.6,6,F,no,sedentario
PAC006736,18,78.5,158,31.4,80,101,100,78,67,120,5.3,136,58,112,72,0.95,114,0.1,36.4,13.0,11,11490,8.1,10,0,7,2.8,8,F,no,sedentario
PAC006737,73,98.1,187,28.1,111,113,140,78,82,108,6.5,212,43,178,227,0.94,71,5.5,43.9,12.0,3,5737,8.3,21,11,2,7.9,6,F,si,sedentario
PAC006738,34,67.5,169,23.6,76,100,145,75,76,91,5.0,220,59,85,71,1.27,100,5.6,21.2,15.3,4,18043,8.4,3,2,7,5.2,0,F,no,ligero
PAC006739,53,59.9,160,23.4,92,111,116,76,51,81,4.9,163,47,102,80,0.61,105,5.3,47.4,15.1,9,8925,7.8,3,0,6,4.5,0,F,no,ligero
PAC006740,87,80.8,151,35.4,91,108,168,95,96,107,6.0,223,49,119,177,0.51,90,4.4,7.6,14.4,0,1463,6.3,13,8,1,15.6,4,F,si,activo
PAC006741,72,93.5,202,22.9,100,115,154,90,87,154,6.8,209,25,153,203,1.19,72,2.7,31.7,14.0,4,3777,9.5,15,6,1,7.8,7,F,no,sedentario
PAC006742,60,81.0,160,31.6,106,108,143,104,83,67,5.6,223,59,126,229,0.51,39,8.1,37.9,15.0,3,4342,6.8,18,3,2,13.1,7,M,no,sedentario
PAC006743,79,91.3,198,23.3,112,107,137,80,64,124,6.4,249,46,152,172,1.15,92,8.6,32.9,14.3,0,1807,8.6,18,0,0,6.6,9,M,si,sedentario
PAC006744,18,71.0,161,27.4,60,89,113,78,80,97,5.7,163,44,66,151,1.05,97,1.6,27.9,9.8,9,10378,8.5,5,30,4,9.7,6,F,si,sedentario
PAC006745,54,115.7,198,29.5,123,119,141,86,98,131,6.7,206,47,158,227,1.38,74,3.5,45.9,15.2,0,9643,8.0,7,3,3,9.4,3,M,no,sedentario
PAC006746,28,69.1,168,24.5,81,92,136,81,71,64,4.0,141,67,104,83,1.34,121,0.7,36.8,14.8,13,13225,9.3,9,0,9,6.0,1,M,no,sedentario
PAC006747,65,104.5,192,28.3,92,89,141,92,70,141,5.9,250,46,175,245,1.34,69,4.7,25.0,13.0,0,3465,7.4,0,7,0,5.6,10,M,si,sedentario
PAC006748,20,57.3,179,17.9,107,91,131,72,104,82,4.6,174,52,86,106,0.7,87,2.4,24.2,10.3,8,11066,6.6,27,14,0,5.7,9,F,si,sedentario
PAC006749,75,93.7,186,27.1,117,100,152,90,78,111,6.2,222,25,142,233,1.31,85,6.5,58.7,15.2,1,4357,9.1,6,0,1,11.8,7,M,si,ligero
PAC006750,50,114.5,191,31.4,111,98,173,86,59,125,6.9,246,39,138,223,1.13,76,5.5,36.0,13.2,0,2556,7.8,17,3,2,6.1,10,F,si,sedentario
PAC006751,18,66.2,156,27.2,84,101,101,66,81,91,5.7,153,40,91,189,1.05,77,3.1,19.5,10.6,2,7926,7.4,15,23,1,9.9,10,M,no,activo
PAC006752,33,53.3,153,22.8,106,107,140,78,81,75,4.6,183,47,126,40,1.09,130,1.8,9.2,12.1,8,8039,9.7,20,23,0,6.5,9,F,no,activo
PAC006753,58,72.6,149,32.7,94,103,126,75,58,102,5.1,149,52,85,103,0.89,92,1.9,31.9,15.0,7,13129,8.9,6,0,9,3.1,3,M,si,sedentario
PAC006754,38,60.2,172,20.3,93,89,93,66,59,95,4.8,123,72,89,66,1.14,121,0.1,42.7,14.4,10,12746,9.2,21,0,4,7.5,2,F,no,activo
PAC006755,47,85.4,147,39.5,104,110,152,106,81,104,4.5,208,65,169,156,0.68,52,6.9,18.1,16.1,0,6306,7.7,19,3,3,13.2,5,M,no,sedentario
PAC006756,22,66.0,163,24.8,69,87,126,67,59,79,5.6,158,74,150,137,1.11,121,5.9,37.4,13.7,7,5084,10.8,0,1,6,2.5,2,F,no,sedentario
PAC006757,29,65.0,148,29.7,85,75,126,70,86,84,5.7,189,68,132,94,0.92,108,3.8,44.2,12.3,8,7027,6.6,16,23,1,8.5,8,F,si,sedentario
PAC006758,46,51.1,158,20.5,101,95,114,72,93,66,6.3,211,63,103,170,0.68,88,0.1,17.4,12.2,8,9535,8.0,21,31,2,11.2,5,M,si,ligero
PAC006759,40,72.8,190,20.2,101,113,152,82,77,111,7.6,222,25,178,246,1.23,81,5.5,45.6,17.9,0,3231,8.4,8,9,2,13.9,7,M,si,sedentario
PAC006760,63,61.2,205,14.6,119,87,133,91,76,108,6.6,290,48,165,172,1.11,52,5.9,34.3,14.2,1,5166,8.9,5,6,0,13.4,10,M,no,sedentario
PAC006761,18,64.2,153,27.4,97,85,114,72,82,83,5.2,169,54,122,112,1.12,97,4.7,28.7,12.7,5,4702,9.9,19,28,3,8.9,9,M,no,ligero
PAC006762,21,55.1,155,22.9,109,81,115,76,90,95,5.5,205,45,104,142,0.55,104,1.8,13.0,13.5,2,7000,9.9,31,28,3,9.8,8,M,no,ligero
PAC006763,33,71.9,160,28.1,86,114,127,65,64,94,5.4,182,68,126,154,1.23,87,5.9,38.7,14.9,9,10489,7.2,5,0,3,7.6,4,F,no,activo
PAC006764,61,106.1,186,30.7,89,105,129,86,77,119,8.4,271,37,164,268,1.18,49,7.7,35.5,14.1,0,4338,7.8,5,9,3,10.2,6,M,si,sedentario
PAC006765,22,69.3,172,23.4,85,121,128,78,56,103,5.3,179,83,131,40,0.94,99,0.9,41.7,14.1,12,13700,7.0,9,0,6,7.1,2,F,no,activo
PAC006766,36,65.1,156,26.8,96,96,128,75,50,88,6.0,185,78,147,59,0.7,70,8.0,15.7,10.8,7,6302,8.7,27,20,2,12.5,10,M,no,sedentario
PAC006767,68,82.2,140,41.9,100,80,163,92,82,92,4.6,251,69,133,196,0.4,68,4.4,32.1,16.9,3,5357,5.7,6,3,3,16.8,8,F,si,activo
PAC006768,90,77.0,151,33.8,97,100,159,84,66,132,5.3,205,25,153,215,0.4,66,5.1,35.8,15.6,0,3014,7.0,4,10,3,17.6,5,M,no,sedentario
PAC006769,57,90.9,140,46.4,122,106,140,101,71,100,5.7,284,25,181,95,0.6,42,3.0,27.9,18.0,0,1868,5.7,12,8,1,13.0,7,F,si,activo
PAC006770,34,65.4,151,28.7,78,95,127,63,48,79,5.3,135,68,86,40,0.91,87,0.1,54.4,14.2,10,15180,8.6,11,2,4,4.2,1,M,no,ligero
PAC006771,19,71.1,162,27.1,98,101,90,87,63,106,5.5,110,71,119,52,1.15,110,1.2,50.1,13.8,5,11660,6.1,7,0,6,4.1,0,M,no,activo
PAC006772,18,76.1,160,29.7,77,93,122,64,60,76,6.0,196,71,91,131,0.89,81,2.8,41.4,15.8,10,13895,8.5,8,5,8,7.5,3,F,si,activo
PAC006773,30,87.7,158,35.1,60,81,105,89,76,78,5.7,142,60,106,151,1.09,109,0.1,39.1,11.9,8,9164,7.3,17,22,3,8.0,6,F,si,sedentario
PAC006774,53,101.8,200,25.4,129,86,140,81,49,137,7.4,290,35,114,205,1.38,52,8.6,34.0,16.7,2,2273,9.5,21,4,1,13.2,5,M,no,sedentario
PAC006775,21,86.2,166,31.3,85,113,94,79,47,60,4.1,207,46,136,132,0.99,94,4.2,33.6,14.1,11,14370,7.6,8,0,5,7.7,5,M,si,activo
PAC006776,18,56.1,165,20.6,61,76,133,70,76,94,5.0,181,63,105,110,0.96,105,0.1,51.4,15.2,11,13520,6.9,1,0,6,9.2,2,M,no,sedentario
PAC006777,74,84.0,143,41.1,116,82,179,105,86,81,5.6,186,30,112,216,0.4,82,3.5,19.9,14.9,4,7670,4.3,3,2,1,14.6,7,F,no,ligero
PAC006778,25,47.1,153,20.1,85,88,116,54,78,64,4.4,231,35,158,103,1.38,67,2.3,27.5,13.8,11,8813,8.9,28,35,0,10.4,6,F,no,ligero
PAC006779,33,68.0,166,24.7,81,96,125,71,62,68,4.3,158,84,65,90,1.33,96,2.4,19.1,18.3,7,14488,10.8,12,0,6,5.6,5,M,no,sedentario
PAC006780,49,101.3,182,30.6,116,101,148,96,74,129,6.9,197,26,147,296,1.42,75,8.1,24.1,16.5,1,500,7.6,13,0,1,8.8,7,F,si,ligero
PAC006781,64,72.5,146,34.0,101,92,157,99,86,130,4.8,230,38,142,177,0.88,87,3.5,29.0,14.6,0,6172,6.1,7,7,0,10.5,9,F,si,sedentario
PAC006782,90,69.3,202,17.0,117,116,143,93,63,125,8.2,271,25,141,183,1.3,80,5.9,37.2,12.6,4,10979,7.3,15,0,0,10.0,7,F,no,sedentario
PAC006783,18,45.8,161,17.7,87,109,118,87,89,96,5.4,217,54,111,245,0.71,74,3.8,34.9,9.1,2,9490,7.2,5,21,1,9.2,6,M,si,sedentario
PAC006784,43,54.9,167,19.7,82,88,92,82,75,60,5.4,172,62,93,40,0.84,75,0.1,34.8,15.6,8,9578,7.7,9,1,5,9.4,4,F,no,ligero
PAC006785,34,55.6,163,20.9,87,78,97,59,74,90,6.2,168,53,91,169,0.88,86,1.6,17.2,10.9,3,7956,7.5,20,11,1,5.9,7,M,no,sedentario
PAC006786,38,77.1,192,20.9,109,104,132,95,71,113,6.4,195,26,148,260,1.01,57,6.6,40.6,14.1,0,1860,9.8,7,0,3,11.1,8,M,si,ligero
PAC006787,82,87.1,147,40.3,116,84,152,93,81,121,6.2,208,50,129,136,0.4,77,3.0,31.6,13.8,0,6446,7.7,11,10,5,9.0,7,F,si,sedentario
PAC006788,60,96.2,205,22.9,121,92,170,90,94,149,6.3,238,25,165,292,1.29,89,6.1,45.9,15.0,0,4498,8.6,6,0,4,7.1,8,M,si,ligero
PAC006789,68,87.0,197,22.4,106,90,129,87,81,113,6.0,240,32,151,298,1.01,66,3.8,29.3,16.7,0,1150,11.0,16,15,0,13.0,10,F,si,sedentario
PAC006790,65,107.8,148,49.2,130,110,166,94,87,95,6.0,220,60,153,208,0.4,96,4.9,17.8,16.5,4,4390,4.8,17,4,3,12.6,5,M,si,ligero
PAC006791,29,73.2,154,30.9,75,95,133,82,83,113,6.5,195,66,152,79,1.0,130,3.0,30.8,10.6,7,9746,9.0,18,15,0,12.9,8,F,no,sedentario
PAC006792,58,92.5,186,26.7,115,107,110,86,71,140,6.6,248,42,80,272,1.08,54,8.7,38.2,14.4,0,6338,10.0,23,3,1,6.5,7,F,no,ligero
PAC006793,18,62.7,166,22.8,76,95,125,77,65,71,4.8,179,89,65,74,0.96,97,0.1,42.3,16.4,8,11835,8.3,1,0,3,2.0,3,F,no,activo
PAC006794,45,65.6,174,21.7,60,89,118,77,71,104,5.8,164,41,51,133,1.27,126,2.1,37.1,14.0,9,13832,8.2,10,11,3,6.6,3,M,si,ligero
PAC006795,18,54.5,155,22.7,104,97,106,90,96,96,4.1,176,57,72,74,1.08,76,4.2,15.7,13.0,9,6639,7.2,16,17,2,10.4,5,F,si,sedentario
PAC006796,18,92.7,186,26.8,79,114,122,91,86,60,4.8,163,61,100,95,1.12,100,0.1,40.1,14.6,8,8760,7.8,11,0,8,2.3,6,M,no,ligero
PAC006797,28,78.4,171,26.8,102,117,120,66,61,83,4.3,173,73,96,60,1.09,110,0.7,33.7,15.2,7,12291,9.4,6,0,4,10.8,1,F,no,sedentario
PAC006798,26,84.7,181,25.9,92,89,129,68,53,125,4.7,152,73,90,85,1.16,123,2.7,32.3,15.7,7,10978,7.3,6,6,4,3.5,5,M,no,ligero
PAC006799,62,101.9,189,28.5,119,100,152,93,78,138,6.6,217,42,96,268,1.09,83,6.3,30.7,17.0,0,5393,11.0,12,0,1,9.0,7,F,si,sedentario
PAC006800,73,78.2,142,38.8,113,84,160,90,78,107,6.9,254,60,117,205,0.4,64,3.1,17.6,15.9,3,4263,5.0,1,0,5,7.4,3,M,no,sedentario
PAC006801,61,89.0,154,37.5,106,102,167,120,78,130,6.0,226,38,148,159,0.58,43,3.2,30.0,17.0,0,2859,4.7,13,0,2,12.6,3,M,no,activo
PAC006802,70,96.7,151,42.4,106,87,145,86,78,81,4.9,194,57,127,243,0.59,51,3.9,28.4,16.3,0,500,6.1,2,7,0,2.8,5,M,si,sedentario
PAC006803,53,73.7,156,30.3,109,105,152,110,68,93,5.9,247,62,130,158,0.49,84,5.2,28.6,18.1,0,3423,4.9,10,4,6,15.4,5,F,si,sedentario
PAC006804,73,85.4,158,34.2,106,102,146,100,79,124,5.9,178,68,129,157,0.4,71,3.1,26.7,15.9,0,6010,4.8,8,8,1,8.5,4,F,no,ligero
PAC006805,45,51.4,154,21.7,92,87,126,93,91,108,5.1,202,47,167,217,0.88,89,0.1,17.5,13.5,6,5984,8.0,5,27,3,12.6,7,F,no,sedentario
PAC006806,65,94.7,200,23.7,86,83,126,75,63,140,7.2,167,34,180,345,1.12,63,8.3,39.4,15.6,1,2535,8.0,20,4,3,10.1,6,M,no,sedentario
PAC006807,18,79.6,152,34.5,91,95,136,65,91,60,5.7,136,67,129,185,0.72,86,1.6,16.6,9.7,7,9538,7.0,30,17,1,9.2,4,F,no,activo
PAC006808,60,79.0,205,18.8,117,105,131,89,75,123,7.3,236,65,130,233,0.78,85,6.1,38.2,14.8,0,672,8.3,8,0,3,10.6,9,M,si,ligero
PAC006809,22,49.4,163,18.6,98,85,112,82,78,78,5.3,230,63,74,69,1.06,84,1.9,31.2,17.7,6,11835,7.5,4,0,5,8.7,1,M,no,activo
PAC006810,82,109.1,145,51.9,102,99,147,93,75,120,6.3,287,60,120,100,0.44,63,1.9,38.8,17.2,0,3455,3.0,13,0,3,12.6,6,M,si,sedentario
PAC006811,80,87.4,148,39.9,89,97,180,102,80,74,5.7,288,56,126,79,0.65,35,4.4,36.4,16.1,3,7533,6.2,12,6,5,10.8,6,F,si,ligero
PAC006812,83,69.6,150,30.9,102,101,140,107,79,113,5.5,177,64,173,159,0.4,79,2.9,23.9,16.9,3,4240,5.6,10,8,3,9.3,8,F,no,sedentario
PAC006813,30,73.9,173,24.7,60,100,121,73,66,60,4.4,190,78,104,52,0.89,108,1.3,29.3,11.7,4,15482,9.4,10,1,5,8.2,3,F,si,ligero
PAC006814,62,101.3,183,30.2,125,102,146,83,70,157,7.3,259,25,129,287,1.29,61,4.0,29.1,13.7,2,1805,8.2,7,11,3,10.6,10,M,no,sedentario
PAC006815,29,72.1,162,27.5,88,105,104,66,68,87,5.6,169,63,103,72,1.11,81,0.1,26.1,14.8,8,17095,7.2,8,0,6,4.6,4,M,no,ligero
PAC006816,89,77.4,164,28.8,104,79,166,102,99,132,6.9,247,34,195,173,0.59,75,3.5,54.6,18.1,2,2563,6.3,18,13,1,5.9,4,F,no,ligero
PAC006817,30,78.3,165,28.8,73,116,100,64,69,88,4.3,180,76,82,62,1.05,71,0.1,44.7,13.5,8,15352,8.1,8,1,7,4.5,0,F,no,ligero
PAC006818,68,78.3,140,39.9,110,101,144,95,83,92,6.5,230,47,120,103,0.58,56,4.5,28.8,17.5,1,3152,7.6,2,0,3,8.9,8,F,no,ligero
PAC006819,59,76.6,182,23.1,107,95,150,77,84,132,6.3,218,57,145,272,1.14,78,3.3,38.2,13.8,0,1869,7.3,7,1,0,8.5,10,F,no,sedentario
PAC006820,39,69.6,149,31.3,70,82,149,76,88,92,4.9,180,25,154,110,0.91,102,2.1,17.2,13.5,11,6791,7.5,31,30,0,11.1,9,F,no,activo
PAC006821,43,76.2,157,30.9,99,108,108,74,70,84,5.8,169,64,109,73,1.02,114,2.4,26.3,14.5,6,10065,9.4,0,7,4,2.9,2,F,no,ligero
PAC006822,48,71.7,160,28.0,85,102,144,70,61,97,5.3,174,76,105,91,0.96,111,0.8,25.8,16.3,8,13420,8.2,0,0,6,8.2,0,M,si,ligero
PAC006823,65,96.0,140,49.0,112,110,155,102,85,102,5.1,244,55,179,163,0.4,69,0.7,25.7,17.4,5,500,6.7,0,15,2,14.6,2,M,no,sedentario
PAC006824,27,62.3,167,22.3,67,102,124,68,52,75,4.9,153,64,117,83,1.1,121,1.1,26.3,15.8,7,13701,7.9,4,12,5,4.5,3,F,no,ligero
PAC006825,18,80.9,151,35.5,79,101,97,69,58,99,5.5,168,73,115,115,1.16,77,1.6,37.4,16.1,13,11931,7.8,0,0,5,7.2,8,F,no,ligero
PAC006826,35,60.9,165,22.4,60,105,137,74,57,124,4.0,175,55,107,66,1.3,66,2.1,56.3,17.1,10,10459,8.3,5,0,6,6.3,2,M,si,sedentario
PAC006827,41,60.6,166,22.0,71,96,107,53,65,63,5.0,161,73,109,126,0.93,91,0.4,35.7,16.3,14,12677,9.3,0,11,5,4.4,1,F,si,ligero
PAC006828,18,57.5,159,22.7,83,85,138,85,86,82,5.1,197,64,108,40,1.23,75,0.1,30.1,12.2,7,8936,5.8,19,11,1,10.9,4,F,si,sedentario
PAC006829,47,106.9,183,31.9,124,80,156,90,86,135,6.5,248,46,180,257,1.02,79,6.8,32.4,17.8,0,6256,11.0,0,7,3,8.0,9,F,si,ligero
PAC006830,81,68.2,148,31.1,102,100,151,89,76,101,5.9,249,52,173,171,0.67,74,5.3,14.5,13.0,0,9684,4.1,12,7,1,10.8,5,M,si,sedentario
PAC006831,27,69.3,171,23.7,76,99,102,52,53,113,4.6,161,55,122,121,1.17,130,1.7,50.3,14.4,7,8293,7.6,6,0,5,5.2,4,M,no,sedentario
PAC006832,57,66.2,145,31.5,86,93,161,96,64,110,5.5,231,49,107,166,0.4,55,6.6,22.7,19.0,0,774,4.4,16,7,5,14.8,7,F,si,sedentario
PAC006833,50,89.6,167,32.1,103,118,125,52,53,96,4.7,195,65,127,40,1.07,91,0.1,34.2,14.8,9,12927,8.7,0,0,9,7.2,5,F,si,ligero
PAC006834,29,87.4,169,30.6,70,79,91,73,75,96,5.2,175,45,52,40,1.23,114,2.7,43.5,15.9,6,13019,7.1,3,3,6,7.5,7,F,no,activo
PAC006835,38,88.5,140,45.2,99,76,166,102,71,131,6.8,280,38,118,204,0.63,95,1.7,49.1,15.7,2,7356,4.7,6,14,3,9.7,7,M,si,ligero
PAC006836,68,100.9,186,29.2,110,118,136,106,79,145,7.0,233,46,142,166,1.28,83,3.8,23.1,15.1,0,4029,10.3,28,9,2,11.8,7,F,no,ligero
PAC006837,65,83.1,192,22.5,117,104,172,91,82,137,7.2,266,44,166,358,1.28,98,8.6,37.9,14.1,0,5569,9.7,10,1,2,12.4,9,M,si,ligero
PAC006838,58,77.4,145,36.8,104,92,168,92,79,117,4.5,255,56,109,269,0.4,75,1.2,61.0,16.8,0,961,4.8,13,15,1,6.0,6,M,no,activo
PAC006839,18,53.4,149,24.1,92,86,126,75,87,104,4.8,146,67,123,93,0.83,119,5.6,18.8,10.3,9,10092,8.8,23,19,1,12.6,6,M,no,sedentario
PAC006840,65,65.5,149,29.5,96,92,159,94,74,97,4.4,219,41,147,101,0.74,68,7.5,39.2,17.4,0,2266,8.9,20,14,0,13.5,7,F,no,sedentario
PAC006841,18,48.1,177,15.4,82,94,93,65,64,87,4.9,144,50,61,100,1.26,88,0.4,17.1,14.0,10,12216,9.3,0,2,8,2.0,4,M,no,ligero
PAC006842,48,59.6,158,23.9,60,95,117,90,70,79,4.9,162,74,85,129,1.04,75,3.4,45.9,16.1,9,14976,7.9,3,0,6,4.0,2,M,no,activo
PAC006843,46,98.7,155,41.1,103,87,105,75,74,85,5.0,180,67,122,40,0.98,104,0.1,26.6,10.1,3,8454,9.4,18,25,0,7.2,10,M,si,sedentario
PAC006844,37,75.4,159,29.8,81,87,95,67,68,88,4.3,182,79,107,117,1.51,86,0.1,34.6,16.6,7,14091,8.9,0,0,3,8.4,6,M,si,sedentario
PAC006845,66,116.4,205,27.7,139,93,148,83,63,144,6.4,262,26,178,317,1.24,57,6.1,37.8,14.2,0,6333,8.1,4,5,3,10.4,8,M,si,sedentario
PAC006846,40,58.2,170,20.1,82,87,111,71,62,82,4.8,194,76,40,166,1.38,95,4.1,25.0,16.1,4,11113,7.6,0,0,6,6.3,8,M,no,ligero
PAC006847,18,64.1,172,21.7,96,87,118,90,75,100,4.8,180,59,127,106,0.81,122,5.5,28.2,9.4,6,12411,6.3,8,26,4,13.5,4,F,no,activo
PAC006848,28,57.2,149,25.8,77,121,90,81,91,79,4.6,178,61,109,83,0.84,67,0.1,35.5,10.9,3,7047,7.7,17,28,2,6.5,2,M,no,ligero
PAC006849,60,88.4,183,26.4,121,85,135,93,70,142,6.9,208,51,148,200,1.41,71,3.9,35.2,13.1,0,2056,6.0,3,13,3,9.9,6,M,si,sedentario
PAC006850,18,45.7,158,18.3,86,83,104,64,97,100,4.0,186,59,123,170,0.93,71,2.0,22.2,10.2,3,6154,6.9,29,22,0,12.5,8,F,si,activo
PAC006851,90,71.5,148,32.6,108,99,177,101,82,137,5.6,251,50,177,253,0.53,88,5.2,36.9,17.3,2,5693,7.7,11,0,3,16.0,9,F,si,sedentario
PAC006852,87,112.6,201,27.9,123,108,146,99,78,136,6.7,256,61,128,288,1.18,89,3.2,47.4,14.3,0,8347,8.0,17,0,3,14.6,8,F,no,sedentario
PAC006853,22,77.7,152,33.6,83,108,129,75,71,82,4.5,212,56,120,128,0.72,89,3.9,27.1,12.0,7,2500,6.4,7,30,0,9.5,9,F,no,sedentario
PAC006854,23,80.0,191,21.9,87,85,119,68,54,80,5.9,243,75,101,164,1.05,106,1.1,33.6,16.0,7,12110,8.2,18,2,3,11.4,3,M,si,ligero
PAC006855,58,93.9,140,47.9,99,97,170,99,93,87,5.8,222,41,131,300,0.4,64,0.3,37.2,16.6,0,3508,5.4,11,5,0,12.4,7,F,no,sedentario
PAC006856,81,66.5,145,31.6,91,111,160,119,85,74,5.9,211,46,154,172,0.56,81,5.3,36.9,17.9,3,6206,5.6,14,12,2,10.0,8,F,si,ligero
PAC006857,64,112.2,205,26.7,118,115,159,77,87,143,7.6,198,25,154,296,1.14,109,4.6,35.2,16.2,3,640,7.8,16,0,3,11.0,7,M,no,sedentario
PAC006858,36,65.1,171,22.3,89,81,103,70,76,94,4.8,156,73,141,76,1.0,113,1.4,20.4,11.6,5,8030,9.0,17,28,0,9.9,7,F,si,ligero
PAC006859,34,55.3,177,17.7,88,112,124,64,68,71,4.0,180,68,90,42,1.27,122,2.2,27.2,13.8,11,15965,7.3,11,0,6,5.3,0,M,si,sedentario
PAC006860,37,86.0,205,20.5,112,102,122,86,79,130,7.2,227,50,143,282,1.04,71,8.3,26.9,15.5,0,2513,10.8,11,3,0,7.1,6,F,no,ligero
PAC006861,42,110.7,179,34.5,110,105,123,79,69,150,8.5,215,49,171,308,1.4,82,14.4,27.3,16.1,0,6582,7.6,15,10,1,11.3,10,F,si,sedentario
PAC006862,55,95.5,184,28.2,126,83,145,86,83,132,7.6,228,46,178,245,1.42,74,7.4,30.7,16.7,1,5128,9.6,3,5,2,8.0,10,M,si,sedentario
PAC006863,89,83.8,205,19.9,125,96,147,77,56,124,6.9,253,38,115,307,1.45,81,8.7,37.3,13.8,0,4547,9.0,10,6,0,9.3,1,F,si,sedentario
PAC006864,78,85.2,140,43.5,124,94,167,90,86,99,5.8,253,49,108,181,0.4,60,1.9,27.8,16.7,0,500,5.1,5,2,2,14.5,8,M,si,sedentario
PAC006865,82,98.6,183,29.4,126,94,154,84,78,125,7.2,224,44,104,354,0.9,75,4.5,30.1,12.3,5,1459,10.7,0,2,1,15.1,6,F,no,ligero
PAC006866,66,109.1,195,28.7,130,81,150,86,84,134,6.9,244,36,138,294,1.2,81,3.7,19.4,13.6,0,500,9.9,11,2,2,11.5,5,F,si,ligero
PAC006867,18,51.0,156,21.0,68,93,129,68,79,78,5.0,191,50,131,89,1.1,70,4.2,28.3,12.7,5,5624,7.5,25,31,2,12.2,10,M,no,activo
PAC006868,90,78.5,160,30.7,112,113,154,86,86,110,5.3,273,29,157,142,0.46,55,3.2,38.5,14.7,1,5262,5.7,0,0,2,14.3,8,F,si,ligero
PAC006869,28,81.2,151,35.6,88,77,118,81,95,97,6.2,199,69,66,40,1.09,114,0.6,42.4,11.1,6,15014,9.0,17,23,3,7.6,10,M,no,ligero
PAC006870,61,108.8,146,51.0,102,106,151,79,77,130,5.8,248,35,144,139,0.52,71,5.4,33.8,15.6,0,5372,5.9,7,12,2,12.0,3,F,no,sedentario
PAC006871,21,63.9,154,26.9,76,98,126,89,91,77,4.3,134,76,90,70,1.21,110,7.5,26.7,10.5,3,6784,6.9,23,12,0,11.0,10,M,si,ligero
PAC006872,90,94.0,148,42.9,105,93,169,97,79,118,6.8,226,42,131,134,0.52,81,3.9,28.3,19.0,2,5518,6.4,18,7,3,15.3,5,F,no,sedentario
PAC006873,79,104.7,155,43.6,118,95,163,106,72,84,5.1,181,28,125,296,0.4,110,6.9,15.4,15.6,1,7628,7.2,18,5,4,6.4,9,M,no,ligero
PAC006874,35,65.5,143,32.0,77,102,115,79,72,81,6.2,201,71,57,118,0.95,104,4.8,26.7,15.2,6,12752,6.8,21,26,1,7.9,8,F,no,sedentario
PAC006875,39,81.9,151,35.9,80,105,113,70,88,89,6.5,180,65,117,72,0.98,73,5.1,30.3,11.8,2,10964,8.0,21,19,0,10.0,10,F,si,sedentario
PAC006876,67,97.3,205,23.2,106,107,171,74,62,131,6.9,189,50,215,436,1.31,53,6.8,31.7,13.6,0,5134,10.5,7,2,0,13.0,9,M,si,ligero
PAC006877,70,101.0,195,26.6,115,119,152,79,79,116,6.9,236,34,178,226,1.49,70,9.3,45.3,16.0,2,2413,8.9,3,6,1,13.4,3,F,si,sedentario
PAC006878,21,51.5,168,18.2,93,97,99,69,83,90,4.7,199,61,115,157,1.19,97,2.3,26.0,15.1,9,9763,6.6,12,0,4,10.4,2,M,si,sedentario
PAC006879,57,95.8,187,27.4,109,103,167,80,73,129,6.4,170,33,135,286,1.25,61,7.4,44.7,13.7,0,1542,8.4,13,13,1,11.9,5,F,no,sedentario
PAC006880,40,53.4,166,19.4,78,102,106,70,66,97,6.0,147,30,142,40,0.99,126,1.2,21.2,16.1,9,8505,7.1,0,3,5,7.5,1,F,no,activo
PAC006881,35,50.9,147,23.6,89,97,106,72,82,87,5.5,209,47,81,71,1.03,75,2.8,13.0,10.3,2,7172,6.8,26,28,4,9.2,3,M,no,activo
PAC006882,87,92.8,140,47.3,134,101,161,111,103,106,5.9,234,55,154,184,0.4,61,5.5,19.9,18.2,7,3921,5.2,13,14,0,11.7,4,M,si,sedentario
PAC006883,85,96.3,198,24.6,111,111,144,83,77,143,6.8,257,43,146,260,1.18,52,5.6,44.7,16.4,0,2535,9.4,21,14,2,14.7,9,F,no,sedentario
PAC006884,18,64.7,162,24.7,99,78,132,50,67,95,5.5,179,70,106,78,1.02,68,0.3,37.2,13.7,8,17607,8.3,0,1,5,5.6,3,M,no,activo
PAC006885,54,75.2,155,31.3,103,106,164,84,53,93,6.3,237,46,96,100,0.68,55,4.1,52.7,17.6,0,4051,7.0,5,2,2,12.1,10,F,no,sedentario
PAC006886,51,86.3,156,35.5,121,101,169,100,76,104,6.8,234,39,144,210,0.4,66,6.0,38.3,14.4,0,4334,6.6,6,5,3,11.2,6,F,si,sedentario
PAC006887,48,66.6,160,26.0,97,102,130,70,60,85,4.0,185,39,117,57,1.25,96,0.5,24.7,15.7,16,9412,8.5,5,0,7,9.3,1,M,si,activo
PAC006888,48,40.0,155,16.6,65,94,142,71,57,82,6.4,172,52,76,89,1.01,81,1.1,27.5,14.8,10,13579,10.1,2,3,5,8.6,2,F,no,ligero
PAC006889,28,60.0,183,17.9,60,79,125,70,86,90,6.0,174,39,72,40,0.47,84,0.7,30.8,13.1,8,10406,4.0,25,25,2,11.3,1,F,si,activo
PAC006890,33,55.5,172,18.8,98,84,126,82,78,101,4.8,200,34,56,142,0.83,129,5.5,37.1,13.5,3,11431,7.1,32,21,4,8.7,6,F,no,ligero
PAC006891,49,80.8,151,35.4,106,104,141,92,64,113,6.6,246,67,104,177,0.68,38,1.8,18.2,19.0,0,5103,5.9,3,0,0,14.1,7,F,si,sedentario
PAC006892,31,70.5,162,26.9,63,115,137,70,52,74,5.2,202,66,101,61,0.88,96,2.5,39.8,15.4,10,13331,7.0,0,8,5,4.6,0,F,si,ligero
PAC006893,55,67.7,140,34.5,117,96,153,102,73,81,4.0,234,44,131,117,0.61,77,1.8,32.4,16.1,0,5434,6.9,12,1,2,16.5,1,M,no,sedentario
PAC006894,18,60.1,170,20.8,71,110,117,68,66,60,4.4,191,69,70,57,1.12,103,0.1,35.7,15.2,10,15332,8.0,0,9,5,6.4,1,F,si,sedentario
PAC006895,61,82.3,145,39.1,100,108,172,87,79,119,6.6,229,67,145,161,0.71,78,3.1,30.7,17.6,3,3303,7.5,1,0,1,17.1,10,M,si,sedentario
PAC006896,31,59.2,167,21.2,87,88,116,56,50,91,4.8,164,64,90,73,0.68,123,5.0,38.4,14.7,10,7413,9.7,0,0,5,10.4,1,F,si,ligero
PAC006897,89,70.3,158,28.2,98,92,187,87,74,129,5.9,215,50,138,133,0.55,96,5.1,43.7,16.1,0,6435,6.5,17,6,0,13.6,6,F,no,sedentario
PAC006898,39,71.0,143,34.7,99,93,127,80,87,100,4.5,197,58,135,106,0.83,98,3.6,23.9,13.0,0,9608,8.8,22,5,2,6.3,10,M,no,ligero
PAC006899,35,84.0,156,34.5,99,91,105,77,85,66,5.4,188,80,107,146,0.82,106,3.2,14.3,13.3,2,4625,6.7,21,27,2,6.0,3,M,si,sedentario
PAC006900,41,97.2,205,23.1,105,120,160,76,77,113,7.0,202,25,126,307,1.26,66,4.4,31.8,15.1,5,1505,9.1,21,0,0,13.2,7,M,si,sedentario
PAC006901,18,56.4,157,22.9,103,87,146,96,84,126,4.4,179,63,125,140,0.99,94,4.2,33.7,11.6,2,6739,6.5,22,17,3,10.9,8,F,si,ligero
PAC006902,83,74.0,145,35.2,126,92,168,94,74,83,6.3,229,71,140,236,0.59,99,8.9,28.0,14.2,1,3520,4.5,19,8,3,14.1,4,F,si,activo
PAC006903,18,77.1,145,36.7,95,98,127,66,84,102,5.5,228,53,161,199,0.89,89,2.2,34.9,12.7,2,7273,8.6,15,21,0,2.1,6,F,no,sedentario
PAC006904,65,102.8,200,25.7,115,99,136,96,69,128,6.4,237,29,204,245,1.36,99,11.4,34.3,15.7,1,1078,8.6,22,5,0,10.8,5,F,no,sedentario
PAC006905,31,80.1,169,28.0,96,127,103,73,46,102,5.4,162,70,114,120,1.08,118,0.1,40.8,17.5,6,13400,8.8,10,0,5,5.9,5,M,no,activo
PAC006906,37,63.4,158,25.4,95,113,126,67,66,80,5.1,178,77,113,98,1.31,88,0.1,30.4,13.9,10,13357,11.0,0,0,8,6.6,5,M,no,sedentario
PAC006907,77,97.2,195,25.6,136,106,125,92,83,167,6.6,270,30,181,267,1.22,54,4.9,55.5,11.7,0,9083,8.9,6,0,2,9.2,10,F,si,ligero
PAC006908,31,68.5,168,24.3,87,101,120,66,57,76,4.9,190,86,179,130,1.39,110,0.1,37.4,16.3,10,10778,8.3,4,0,6,9.1,0,M,si,sedentario
PAC006909,18,66.8,157,27.1,108,102,102,60,93,76,6.5,185,52,122,83,0.97,62,4.0,28.4,10.5,2,11270,8.3,20,23,4,14.0,5,M,si,ligero
PAC006910,53,120.5,152,52.2,82,98,155,84,86,106,6.9,198,52,132,177,0.62,82,5.5,27.2,14.3,0,7778,7.5,10,9,2,14.6,6,F,si,ligero
PAC006911,35,45.8,160,17.9,93,110,105,65,74,89,4.2,169,86,96,40,1.1,96,1.2,36.8,15.7,10,9451,7.5,0,0,6,2.3,0,M,si,sedentario
PAC006912,46,66.7,163,25.1,60,96,120,60,65,63,5.4,220,72,131,60,1.0,105,0.1,48.5,13.8,10,11452,9.6,9,0,5,6.8,0,F,no,activo
PAC006913,23,70.1,160,27.4,68,93,137,95,84,130,5.6,220,64,156,97,0.84,93,3.6,31.2,10.7,6,3732,8.1,24,30,2,7.6,10,M,no,activo
PAC006914,20,61.0,171,20.9,87,94,126,69,65,93,4.6,189,61,147,134,1.12,88,0.1,37.5,15.9,8,13011,9.8,0,0,5,2.0,3,M,no,ligero
PAC006915,79,72.9,158,29.2,101,98,161,89,69,116,5.7,188,71,132,126,0.67,84,6.4,23.4,14.5,2,2157,5.5,5,0,2,16.5,8,M,si,sedentario
PAC006916,18,84.2,169,29.5,101,99,110,66,73,67,5.6,188,82,117,79,1.01,98,0.1,30.1,11.2,10,11743,9.0,5,1,7,10.3,3,F,no,sedentario
PAC006917,56,113.3,200,28.3,105,108,137,107,71,157,7.5,241,38,110,229,1.25,76,9.0,20.0,14.1,3,5925,10.4,7,12,0,13.2,6,F,no,sedentario
PAC006918,66,85.4,150,38.0,121,94,158,103,78,103,5.8,209,28,170,176,0.62,72,5.5,28.4,15.4,0,1581,4.1,7,7,2,10.8,8,F,si,activo
PAC006919,64,100.9,181,30.8,120,119,149,90,86,120,7.5,189,39,112,229,1.16,50,5.5,36.8,16.8,3,3291,8.6,6,0,2,9.4,4,F,si,sedentario
PAC006920,32,59.3,163,22.3,87,113,131,81,82,87,4.9,198,68,142,170,1.04,76,0.3,34.2,12.8,4,8505,8.1,11,30,0,10.7,6,F,si,sedentario
PAC006921,82,91.8,141,46.2,102,108,167,100,80,103,6.0,187,46,143,168,0.4,91,1.2,34.5,17.3,0,4710,8.4,7,2,4,12.1,3,F,si,ligero
PAC006922,71,101.6,168,36.0,113,103,147,105,70,122,6.0,284,50,120,161,0.67,72,9.3,55.0,15.9,0,500,5.8,3,0,3,8.0,6,F,no,sedentario
PAC006923,80,94.1,198,24.0,118,99,109,94,84,154,8.5,205,25,156,309,0.95,63,8.5,42.6,14.8,5,500,8.9,11,10,0,9.0,6,M,no,sedentario
PAC006924,40,71.3,163,26.8,84,104,108,85,86,109,6.7,177,40,79,40,0.83,82,4.4,13.8,11.7,3,4303,7.9,21,21,1,7.6,8,M,no,sedentario
PAC006925,80,100.3,141,50.5,112,99,148,117,79,84,5.4,222,50,137,144,0.4,80,6.2,27.1,18.1,4,7350,6.1,11,8,1,11.4,4,F,no,sedentario
PAC006926,62,80.8,149,36.4,118,105,143,84,81,81,6.0,198,69,154,159,0.43,82,5.6,34.0,14.3,0,5098,6.2,8,6,4,9.9,9,F,si,activo
PAC006927,54,97.0,146,45.5,124,98,158,99,82,95,6.1,197,44,120,136,0.51,65,6.7,26.9,16.2,4,1635,6.1,11,11,0,13.5,4,M,no,activo
PAC006928,18,56.5,170,19.6,91,84,116,72,83,98,6.0,176,89,95,71,1.07,103,0.2,38.3,14.3,5,8193,7.8,1,1,7,2.0,0,F,si,activo
PAC006929,18,85.2,161,32.9,81,93,135,73,83,78,5.1,149,54,128,129,0.8,105,5.2,30.7,9.0,7,8760,8.0,25,21,1,10.9,8,F,si,ligero
PAC006930,23,82.7,160,32.3,77,94,103,81,92,98,5.1,202,58,113,207,0.69,97,3.1,10.4,11.7,10,10070,7.4,19,21,0,7.7,6,F,no,ligero
PAC006931,28,63.2,169,22.1,96,84,126,69,50,80,5.2,158,52,113,40,1.27,101,0.6,31.5,16.4,11,10962,8.3,5,0,3,8.7,0,F,no,activo
PAC006932,90,67.3,141,33.9,113,96,166,100,75,119,6.2,258,39,115,218,0.69,61,3.4,31.6,14.6,3,5334,6.5,3,3,7,14.0,10,F,si,ligero
PAC006933,90,98.7,150,43.9,87,95,163,100,89,76,5.8,258,53,110,223,0.4,73,4.1,26.8,16.4,8,500,5.7,9,1,3,10.0,7,M,no,ligero
PAC006934,27,74.5,157,30.2,81,100,126,68,56,106,4.0,160,56,133,143,0.86,108,0.9,22.5,17.0,10,10960,10.6,8,8,7,5.2,0,F,si,ligero
PAC006935,18,69.7,169,24.4,60,106,116,74,48,70,5.3,213,68,51,62,1.27,86,0.1,28.6,15.2,11,13438,7.8,3,1,7,3.8,2,F,no,activo
PAC006936,18,70.7,156,29.1,84,84,117,90,86,114,6.0,185,56,65,97,1.1,110,0.6,37.0,12.0,3,5891,8.5,25,27,2,12.3,7,M,si,sedentario
PAC006937,78,60.9,141,30.6,92,92,151,118,94,98,6.8,236,60,120,187,0.45,80,7.9,26.1,18.5,0,2589,7.2,11,1,3,13.3,6,M,si,sedentario
PAC006938,18,61.3,161,23.6,98,84,133,84,92,81,4.0,167,64,139,109,1.29,86,4.6,21.9,12.1,6,9053,9.4,28,32,2,11.0,6,F,si,activo
PAC006939,30,67.7,163,25.5,81,81,121,67,67,60,5.3,158,65,91,55,0.88,97,1.1,42.9,16.2,12,9787,7.3,8,5,0,6.3,6,F,no,ligero
PAC006940,40,87.7,167,31.4,91,95,115,81,85,97,4.2,203,52,146,99,1.13,67,0.6,36.0,12.5,5,11397,5.6,25,20,2,6.6,9,M,no,activo
PAC006941,76,89.5,145,42.6,110,83,146,96,75,98,5.5,184,31,185,178,0.4,86,6.1,28.5,15.7,2,5525,4.8,14,0,0,15.3,10,M,si,ligero
PAC006942,76,57.1,145,27.2,111,84,162,102,82,123,5.8,211,52,137,162,0.48,87,2.1,41.5,14.6,0,9317,5.8,12,4,3,14.3,3,F,no,sedentario
PAC006943,37,61.9,140,31.6,69,109,116,76,51,86,4.5,159,93,69,69,1.18,84,0.6,27.2,18.2,11,13440,8.2,9,9,5,7.9,5,M,no,sedentario
PAC006944,34,79.7,178,25.2,60,107,127,70,64,90,5.1,210,58,149,107,0.89,98,0.7,38.3,14.1,12,16020,8.7,0,0,6,8.5,6,M,no,activo
PAC006945,37,78.2,158,31.3,73,85,114,69,78,79,4.4,199,49,140,177,0.9,126,0.4,9.5,13.0,3,7598,8.8,25,29,2,10.3,9,M,no,sedentario
PAC006946,54,81.7,144,39.4,105,108,163,100,78,84,6.3,197,44,121,119,0.58,85,4.0,37.7,16.5,1,6476,3.6,5,7,1,12.0,5,F,si,sedentario
PAC006947,68,67.4,143,33.0,95,101,165,113,84,85,5.5,171,56,131,127,0.66,66,5.5,43.9,18.4,2,927,6.8,14,8,2,15.9,6,M,no,sedentario
PAC006948,40,78.2,201,19.4,111,112,147,89,72,148,6.2,187,25,164,171,1.2,51,6.1,32.7,14.3,2,2830,9.9,1,2,0,8.2,5,F,si,sedentario
PAC006949,50,94.5,147,43.7,103,103,165,82,77,111,5.0,238,50,170,124,0.4,68,5.6,37.6,17.4,2,2446,5.9,8,0,3,13.6,5,M,no,sedentario
PAC006950,58,93.5,197,24.1,99,101,149,108,67,113,6.6,235,47,147,226,1.13,94,10.3,38.8,14.0,1,2197,8.9,3,8,1,11.5,3,F,si,sedentario
PAC006951,21,66.9,161,25.8,97,82,100,82,82,89,5.7,177,60,107,100,0.65,91,3.9,28.1,12.3,5,6916,8.3,21,23,0,11.2,5,F,no,sedentario
PAC006952,48,101.8,183,30.4,84,102,126,87,65,130,7.9,284,33,155,262,1.14,30,8.7,43.4,14.7,0,2910,8.3,19,7,0,12.0,10,F,si,ligero
PAC006953,23,59.0,140,30.1,84,95,123,73,81,101,4.3,169,86,87,141,1.14,104,9.0,14.4,9.3,2,8818,8.9,26,21,1,13.2,6,F,si,sedentario
PAC006954,18,77.0,166,27.9,97,93,124,76,87,83,5.6,223,40,102,134,1.04,100,0.1,17.0,10.8,5,7056,9.3,14,24,0,11.8,10,M,no,sedentario
PAC006955,87,74.2,194,19.7,117,97,126,80,80,133,5.1,192,65,159,266,1.24,75,6.4,25.9,14.8,0,2815,8.0,6,5,2,8.9,7,M,no,activo
PAC006956,58,96.4,198,24.6,115,108,144,84,68,141,6.6,285,27,141,335,1.56,73,7.0,55.1,19.0,1,2099,6.6,2,6,1,12.0,8,M,no,sedentario
PAC006957,63,89.1,173,29.8,128,102,149,74,94,110,6.7,287,41,131,218,1.07,80,6.9,30.8,13.7,1,500,9.2,17,7,0,13.7,1,F,no,sedentario
PAC006958,68,74.3,140,37.9,104,101,145,88,70,98,6.1,234,49,136,130,0.54,63,1.8,42.7,15.5,0,5576,4.2,16,8,2,11.5,6,F,no,sedentario
PAC006959,78,109.2,183,32.6,115,108,148,87,80,107,6.3,261,25,138,278,1.32,59,1.6,40.2,15.0,2,2720,9.4,14,0,1,9.9,8,F,no,sedentario
PAC006960,27,40.0,170,13.8,103,101,125,73,91,86,5.2,203,62,128,132,1.05,115,2.9,21.9,12.4,8,9042,8.8,15,18,1,11.4,10,M,no,activo
PAC006961,50,96.4,192,26.2,116,108,128,83,74,133,5.9,239,32,100,248,0.81,67,10.0,48.3,14.7,1,5096,9.8,4,3,1,9.2,7,F,no,sedentario
PAC006962,18,47.4,176,15.3,73,89,119,73,69,90,4.0,148,65,108,46,0.92,100,1.6,51.2,16.0,7,13510,7.8,18,7,3,7.7,8,M,si,sedentario
PAC006963,78,110.8,199,28.0,103,99,122,87,71,117,7.0,249,54,162,215,0.92,52,5.2,25.4,12.4,0,1923,8.3,0,7,3,14.7,10,F,no,ligero
PAC006964,30,64.2,168,22.7,62,110,115,75,58,96,5.1,216,70,59,156,0.94,114,5.9,28.3,13.7,7,16477,10.2,0,6,6,2.0,4,M,no,ligero
PAC006965,79,90.5,189,25.3,107,95,119,101,107,134,6.5,224,28,157,270,1.32,83,7.6,50.0,16.4,0,8549,8.6,7,4,0,12.5,7,M,no,sedentario
PAC006966,79,95.7,142,47.5,101,116,153,96,81,137,6.3,284,43,202,110,0.64,75,1.9,25.8,12.9,0,5793,6.0,12,2,3,8.3,7,F,si,sedentario
PAC006967,87,75.9,140,38.7,91,89,187,97,81,97,6.2,228,44,215,243,0.52,64,3.5,24.5,15.9,0,11627,5.4,4,12,2,10.6,5,F,no,sedentario
PAC006968,32,53.8,170,18.6,102,93,113,78,75,75,4.9,172,78,92,135,1.1,122,4.5,36.3,14.8,1,11691,10.0,8,0,7,4.1,0,M,si,sedentario
PAC006969,21,80.2,164,29.8,82,94,119,70,79,74,4.6,180,62,99,59,0.81,85,0.8,42.7,14.4,12,16887,9.1,3,5,6,7.2,1,M,si,ligero
PAC006970,25,71.9,167,25.8,81,93,124,66,62,87,6.4,120,72,69,47,1.06,87,0.1,29.0,15.1,7,10569,8.6,13,0,4,3.2,0,M,no,activo
PAC006971,19,56.7,159,22.4,82,112,114,80,61,112,4.6,195,77,145,157,1.3,110,0.1,35.3,13.9,9,12763,7.6,0,0,5,6.1,4,M,si,sedentario
PAC006972,54,86.5,148,39.5,104,96,157,116,76,109,5.3,256,37,124,231,0.4,53,5.1,30.6,16.7,1,4577,7.2,0,0,3,11.5,6,M,si,sedentario
PAC006973,75,99.4,183,29.7,131,96,128,94,73,152,7.5,205,35,169,223,1.2,74,3.9,51.9,16.3,0,500,10.0,12,11,0,14.0,10,F,no,sedentario
PAC006974,18,64.6,163,24.3,96,97,117,73,65,94,5.0,227,60,100,45,1.32,111,0.1,38.8,17.8,6,11562,8.0,1,3,7,7.0,4,M,no,sedentario
PAC006975,70,73.4,145,34.9,101,103,137,111,75,119,5.6,191,31,125,298,0.88,55,3.5,24.2,16.7,2,3121,6.7,16,4,3,9.4,7,F,si,sedentario
PAC006976,33,50.4,146,23.6,60,98,128,59,55,83,5.4,175,67,75,52,1.16,112,1.2,34.5,14.6,10,13567,7.4,0,0,6,11.0,3,F,no,sedentario
PAC006977,71,94.8,183,28.3,117,115,139,86,82,121,7.0,191,37,177,162,1.17,38,7.6,29.4,14.3,1,3449,8.4,19,0,1,7.3,8,M,si,sedentario
PAC006978,18,70.0,163,26.3,82,98,133,83,74,69,4.0,172,49,138,48,0.67,95,0.1,40.0,13.7,9,10459,6.2,5,0,6,3.8,1,M,no,ligero
PAC006979,54,62.4,142,30.9,120,88,146,98,82,103,4.0,201,48,188,312,0.62,73,6.6,35.5,14.5,0,4525,4.5,2,8,2,7.2,9,M,no,sedentario
PAC006980,75,115.5,191,31.7,123,104,137,88,79,136,6.0,248,25,153,221,1.21,65,6.8,37.2,14.1,0,6838,8.0,15,12,0,6.3,10,F,no,ligero
PAC006981,29,67.9,161,26.2,84,120,124,60,66,94,4.6,155,60,94,145,1.3,98,3.4,45.6,12.7,10,11017,8.1,2,2,6,5.9,0,M,no,ligero
PAC006982,50,62.6,154,26.4,72,93,149,77,66,79,5.2,175,62,99,251,0.89,105,3.7,38.2,12.6,7,12211,8.5,17,32,0,11.6,7,M,si,ligero
PAC006983,54,87.2,140,44.5,102,92,164,84,99,114,5.8,188,62,140,93,0.6,75,3.4,19.2,16.2,4,1742,5.2,3,8,2,15.1,8,M,si,sedentario
PAC006984,53,87.5,143,42.8,92,91,139,104,72,98,6.2,231,56,133,196,0.58,62,3.7,27.9,16.6,2,1238,4.9,4,3,2,9.5,4,M,no,sedentario
PAC006985,51,79.8,198,20.4,113,95,131,82,83,131,6.3,264,43,165,197,1.26,81,5.9,17.7,15.1,1,515,8.1,9,12,0,12.0,10,M,no,sedentario
PAC006986,72,86.9,194,23.1,132,100,159,85,83,115,7.1,220,33,142,354,1.51,67,7.5,28.1,15.8,0,6226,9.2,5,3,3,9.1,10,F,si,sedentario
PAC006987,59,106.7,196,27.8,134,99,154,86,58,164,7.4,228,27,137,222,1.35,89,5.4,23.5,13.1,2,3441,8.5,18,11,1,11.3,10,F,no,activo
PAC006988,60,102.7,184,30.3,105,100,152,95,96,138,7.1,224,44,141,273,1.13,77,5.4,25.2,14.3,0,2112,9.1,6,3,2,11.6,9,M,no,sedentario
PAC006989,40,89.4,140,45.6,114,96,162,108,84,114,5.9,255,52,174,232,0.88,68,4.4,29.4,15.6,0,5672,6.7,21,7,0,9.2,4,M,si,sedentario
PAC006990,68,91.2,144,44.0,99,78,162,92,75,114,5.5,242,51,148,175,0.46,90,6.5,38.2,12.4,0,500,5.6,13,11,1,15.2,8,M,no,ligero
PAC006991,75,90.8,153,38.8,98,111,151,105,61,104,6.5,270,56,131,208,0.52,86,7.5,15.8,16.4,0,3642,6.7,10,0,5,15.3,7,M,si,sedentario
PAC006992,38,89.9,140,45.9,78,108,144,94,68,106,6.7,232,51,153,100,0.4,58,5.5,18.2,15.7,5,3456,4.6,1,0,3,9.3,7,M,no,ligero
PAC006993,79,91.1,182,27.5,114,114,142,96,81,132,6.2,285,38,152,195,1.13,78,9.4,16.7,14.1,0,3043,8.8,4,0,1,7.8,6,F,si,sedentario
PAC006994,35,82.2,149,37.0,102,93,120,74,92,77,5.3,158,37,83,40,0.8,95,5.1,25.7,11.7,6,7619,9.0,7,28,1,10.4,7,M,no,ligero
PAC006995,46,102.7,165,37.7,80,79,120,67,82,102,5.8,173,76,108,120,0.93,102,5.7,40.0,10.6,3,6751,7.7,25,10,0,9.3,9,M,no,sedentario
PAC006996,26,71.0,158,28.4,85,104,117,74,58,110,5.4,167,71,105,52,1.16,99,2.0,30.8,14.9,14,9556,7.7,0,0,7,6.8,4,F,si,activo
PAC006997,64,86.6,152,37.5,115,78,154,87,83,94,6.0,263,54,146,229,0.77,72,4.3,25.3,14.9,0,500,3.9,19,15,4,13.1,6,F,no,ligero
PAC006998,37,55.7,160,21.8,81,102,155,64,52,61,4.0,172,44,143,46,1.05,109,0.1,27.9,16.0,8,13490,8.0,5,0,8,7.0,3,F,si,sedentario
PAC006999,18,70.1,167,25.1,70,95,125,88,81,82,5.6,180,60,138,112,1.04,96,1.3,14.2,11.1,6,8855,8.8,21,40,4,5.6,8,M,no,ligero
PAC007000,72,84.2,143,41.2,95,95,154,98,75,107,4.6,218,63,158,130,0.44,53,5.8,42.2,16.0,6,7868,6.6,8,2,3,10.8,7,M,no,ligero
PAC007001,43,40.0,171,13.7,77,83,133,50,63,80,5.1,162,53,161,64,1.22,97,1.3,52.7,14.4,10,15572,9.5,4,11,5,7.1,4,F,no,ligero
PAC007002,41,71.3,140,36.4,109,96,184,89,70,122,5.3,199,64,129,89,0.47,79,7.1,27.7,15.0,4,4562,6.7,8,7,0,16.7,7,M,no,sedentario
PAC007003,56,87.0,140,44.4,87,94,153,92,69,107,5.5,217,52,150,190,0.42,73,7.1,38.7,16.3,3,4564,4.8,11,21,2,9.9,7,F,si,sedentario
PAC007004,18,84.5,163,31.8,82,87,121,89,90,107,5.2,231,52,92,137,0.69,92,5.0,19.3,12.4,4,8699,8.4,29,24,3,7.2,10,F,no,ligero
PAC007005,54,75.8,142,37.6,88,99,144,90,96,98,6.2,248,54,161,167,0.66,70,3.9,39.3,15.7,3,5912,5.3,6,7,1,8.6,4,F,no,sedentario
PAC007006,73,85.3,198,21.8,104,105,130,95,77,144,7.0,195,52,141,255,1.24,81,8.9,16.1,16.3,0,2397,10.1,10,0,4,12.4,7,M,si,ligero
PAC007007,50,77.3,181,23.6,117,94,140,82,79,124,8.3,238,25,152,197,0.95,47,7.2,36.2,15.1,0,1182,8.4,6,4,3,9.3,6,M,si,ligero
PAC007008,79,103.5,144,49.9,107,102,160,87,79,71,6.3,267,52,128,117,0.41,72,5.4,33.9,16.8,0,6850,5.2,16,21,2,15.5,10,M,si,sedentario
PAC007009,18,79.1,173,26.4,74,102,110,59,70,85,5.4,127,66,134,73,1.03,108,4.3,36.3,15.7,7,12677,8.5,0,14,3,8.3,1,F,si,ligero
PAC007010,21,51.7,171,17.7,92,105,111,76,53,85,5.0,197,80,152,151,1.04,113,3.2,33.9,14.8,7,15578,8.9,4,0,5,3.0,4,M,no,activo
PAC007011,43,58.5,173,19.5,66,84,112,72,78,65,5.5,162,46,51,109,1.09,115,5.6,47.7,15.6,10,9670,9.5,0,0,4,2.6,4,M,si,activo
PAC007012,90,63.9,196,16.6,110,93,142,95,87,98,7.4,279,38,205,232,1.13,83,6.0,33.6,13.1,0,5128,8.8,6,0,1,16.7,8,M,no,activo
PAC007013,18,59.7,158,23.9,71,110,115,75,63,75,4.0,134,78,161,40,1.22,95,2.8,35.4,15.2,4,16842,7.5,0,1,8,4.1,5,F,no,activo
PAC007014,84,75.7,140,38.6,130,84,155,106,88,102,6.4,281,66,101,118,0.49,77,5.9,32.7,17.4,1,2000,4.1,8,0,3,13.0,10,M,si,sedentario
PAC007015,18,65.7,163,24.7,66,88,127,75,66,85,4.2,135,71,110,40,1.05,108,1.7,42.8,15.9,5,13219,9.3,0,0,5,6.4,2,M,no,activo
PAC007016,90,94.6,152,40.9,123,103,180,83,84,114,5.4,154,59,190,300,0.66,45,5.7,35.0,14.9,2,9168,5.6,11,3,1,15.6,9,F,si,sedentario
PAC007017,69,64.8,142,32.1,91,94,182,101,67,87,6.3,233,46,110,206,1.0,61,4.5,22.0,18.5,0,8952,6.6,7,6,3,16.1,7,M,no,sedentario
PAC007018,63,82.3,158,33.0,73,87,151,111,77,128,5.3,187,46,143,154,0.53,74,5.4,28.1,17.3,0,4597,5.2,8,14,3,14.9,7,F,si,sedentario
PAC007019,50,41.3,149,18.6,84,100,125,78,54,95,4.8,187,68,90,40,0.9,113,1.0,35.7,15.1,4,15732,8.7,0,13,4,4.1,0,F,no,sedentario
PAC007020,66,96.3,158,38.6,97,104,153,97,94,83,6.4,221,41,167,280,0.53,84,4.9,43.7,16.7,0,2713,5.7,13,6,1,10.7,5,M,si,sedentario
PAC007021,20,84.1,166,30.5,85,95,117,88,61,76,5.7,229,56,117,83,0.96,76,1.6,27.0,10.2,5,11915,9.6,7,26,2,9.2,7,M,no,sedentario
PAC007022,66,72.3,156,29.7,111,95,179,114,85,110,4.4,160,32,160,74,0.57,93,5.8,47.2,17.2,3,9791,7.0,10,3,2,15.8,3,F,no,sedentario
PAC007023,18,68.8,178,21.7,67,95,103,79,71,60,4.9,166,69,102,109,1.24,112,0.1,17.0,14.0,6,14666,8.3,0,0,5,6.4,2,M,si,sedentario
PAC007024,66,95.9,147,44.4,97,102,160,103,81,91,4.7,251,53,143,88,0.83,76,3.7,43.6,18.3,0,2491,7.6,3,0,3,14.5,9,F,no,activo
PAC007025,41,101.1,192,27.4,120,119,152,103,77,107,7.1,211,33,144,299,1.1,71,10.7,48.8,14.0,0,3363,9.5,11,6,0,7.5,7,M,no,sedentario
PAC007026,18,50.4,158,20.2,77,93,132,79,61,60,5.6,187,56,125,124,1.21,90,0.1,49.4,13.3,9,10225,9.1,9,4,3,7.9,1,F,si,sedentario
PAC007027,53,89.0,197,22.9,116,105,134,97,88,129,8.6,193,39,121,304,0.89,79,10.2,49.6,15.2,0,2277,7.9,0,8,2,9.6,9,M,si,sedentario
PAC007028,18,43.9,174,14.5,69,112,156,58,61,105,5.8,163,76,102,83,0.89,103,1.6,23.9,15.7,7,7696,9.6,0,0,6,6.4,1,M,si,sedentario
PAC007029,18,56.3,163,21.2,86,103,128,60,77,77,4.7,201,55,107,152,1.24,102,3.2,14.6,11.6,11,10604,9.2,15,24,2,7.4,7,M,no,ligero
PAC007030,85,87.9,162,33.5,88,110,146,97,87,137,6.1,243,60,155,40,0.74,82,2.1,35.5,16.7,2,2777,6.4,6,9,2,10.3,7,M,si,sedentario
PAC007031,71,84.2,191,23.1,105,117,125,94,93,135,7.3,262,25,165,241,1.19,80,9.4,39.4,15.2,2,4657,10.2,19,22,4,8.6,7,M,si,sedentario
PAC007032,34,74.7,159,29.5,84,98,127,67,99,89,4.3,197,52,103,187,0.88,92,0.1,12.5,12.6,4,7723,7.5,9,25,2,10.0,9,M,no,ligero
PAC007033,53,90.5,165,33.2,113,114,151,92,80,104,4.9,264,60,122,247,0.4,63,6.5,28.5,17.0,6,8333,5.1,8,3,3,8.3,4,M,no,activo
PAC007034,59,88.8,148,40.5,99,110,138,117,82,83,5.2,185,38,153,208,0.55,29,4.0,17.6,17.4,4,2201,6.2,0,1,1,12.0,6,F,no,activo
PAC007035,72,79.5,140,40.6,88,84,120,104,67,110,6.8,189,57,141,169,0.47,81,3.5,31.1,17.8,0,2874,5.5,11,0,1,13.4,9,F,no,sedentario
PAC007036,83,105.1,147,48.6,107,99,158,96,85,113,5.4,202,55,123,231,0.58,83,6.4,40.0,14.3,0,4937,4.9,5,0,0,11.7,8,F,no,sedentario
PAC007037,62,83.2,140,42.4,87,95,151,93,63,96,6.1,204,42,107,216,0.6,78,6.7,31.1,16.7,0,2616,7.4,12,0,4,10.6,3,M,no,sedentario
PAC007038,44,50.6,179,15.8,87,95,111,70,76,99,5.4,186,82,90,82,0.94,89,0.4,8.0,11.4,4,8251,6.7,14,34,0,6.6,8,F,si,activo
PAC007039,18,75.5,164,28.1,73,94,100,67,73,95,5.4,208,79,56,143,1.09,111,0.1,33.2,12.8,7,8022,8.2,22,4,1,8.3,4,M,si,ligero
PAC007040,69,100.5,195,26.4,137,99,141,86,75,112,6.8,302,38,131,234,0.97,100,11.9,41.3,13.3,0,500,6.3,19,15,3,7.9,4,M,no,sedentario
PAC007041,52,54.8,187,15.7,79,103,131,90,69,87,4.0,162,66,99,77,1.21,108,0.1,35.3,13.1,5,18428,8.6,0,0,9,6.6,6,F,si,activo
PAC007042,82,63.4,146,29.7,84,75,177,105,73,92,5.3,205,56,137,201,0.46,58,1.4,30.3,14.8,0,6622,4.9,11,3,4,15.8,8,F,no,ligero
PAC007043,41,65.3,160,25.5,60,99,110,73,47,90,5.3,204,58,76,88,0.92,88,6.3,41.3,12.7,7,17133,9.8,2,6,5,5.3,1,M,no,ligero
PAC007044,18,68.8,154,29.0,95,90,115,75,68,88,4.7,153,57,169,161,1.04,108,0.1,29.2,14.0,8,12228,7.6,7,7,5,6.9,3,F,no,activo
PAC007045,18,94.3,172,31.9,89,85,115,68,73,102,5.1,223,52,73,91,0.83,98,5.8,20.2,10.7,2,4922,10.2,24,26,2,7.6,9,M,si,ligero
PAC007046,69,95.8,177,30.6,104,102,149,74,81,128,6.6,267,38,189,280,1.28,88,3.9,30.0,16.2,0,3795,10.6,15,2,0,10.7,8,F,no,ligero
PAC007047,80,79.1,144,38.1,89,90,157,96,82,93,5.0,246,41,62,223,0.45,60,5.0,33.1,14.8,3,5217,5.5,8,12,0,11.5,8,M,no,sedentario
PAC007048,60,111.8,141,56.2,83,105,158,93,89,91,5.9,209,45,110,181,0.6,91,4.1,20.8,14.9,1,5959,6.1,12,6,3,5.3,7,F,no,sedentario
PAC007049,66,91.2,195,24.0,125,93,148,85,55,126,8.2,243,33,141,231,1.27,78,6.7,27.4,13.1,0,5974,8.7,6,12,3,10.3,8,M,no,sedentario
PAC007050,58,84.4,140,43.1,113,99,177,96,71,109,6.4,258,29,157,142,0.6,82,8.9,33.8,15.3,0,3509,8.1,4,2,3,11.3,7,F,si,sedentario
PAC007051,41,91.2,140,46.5,115,113,174,97,77,127,4.5,223,52,133,204,0.52,105,4.4,32.2,17.5,5,500,5.7,4,8,2,11.7,7,F,si,sedentario
PAC007052,57,98.9,146,46.4,106,114,159,82,56,127,5.9,200,77,146,91,0.4,87,3.5,42.6,11.8,0,500,6.2,17,0,1,12.0,3,F,no,ligero
PAC007053,90,116.2,205,27.7,115,94,108,74,90,151,8.0,253,30,140,270,0.77,60,8.4,48.8,14.7,1,1115,8.5,10,5,2,10.2,8,M,si,sedentario
PAC007054,18,46.9,178,14.8,74,110,119,70,62,62,4.8,195,59,102,153,1.22,105,4.2,22.9,15.1,7,6557,9.2,10,0,8,4.9,3,M,si,ligero
PAC007055,39,62.6,162,23.9,60,98,132,60,49,100,5.2,201,57,97,131,1.1,86,0.1,27.5,14.1,11,10185,8.8,3,3,8,10.3,2,F,no,activo
PAC007056,18,57.8,155,24.1,79,92,90,74,54,88,5.4,115,81,126,101,0.85,105,2.9,32.0,13.2,7,16000,8.2,10,4,6,4.6,2,M,no,activo
PAC007057,40,82.8,191,22.7,126,79,124,74,83,141,6.9,290,46,135,243,0.61,71,3.6,31.0,15.8,2,3679,10.5,6,10,2,9.2,10,M,si,sedentario
PAC007058,63,89.9,140,45.9,110,86,164,105,76,111,5.2,227,47,153,262,0.43,75,4.5,37.1,15.3,0,6838,7.9,6,22,3,12.1,4,F,si,sedentario
PAC007059,59,100.1,182,30.2,120,100,138,88,96,152,7.5,278,50,130,270,1.0,54,3.7,38.3,13.8,1,4513,9.4,25,5,1,5.5,9,F,si,sedentario
PAC007060,46,72.8,165,26.7,106,95,125,70,90,81,4.8,219,81,157,40,1.1,100,0.3,27.6,12.2,6,9403,8.1,13,9,2,10.8,9,M,no,ligero
PAC007061,74,79.0,205,18.8,107,98,143,81,74,131,7.8,228,46,150,315,1.11,73,11.4,35.7,14.8,0,1603,9.6,5,8,0,11.4,6,M,no,sedentario
PAC007062,86,126.4,186,36.5,96,108,141,83,73,138,6.9,275,32,132,248,1.04,76,9.4,35.9,14.5,0,3970,9.6,8,2,3,12.0,10,M,si,ligero
PAC007063,18,50.0,166,18.1,67,87,143,59,64,82,5.4,206,67,127,40,0.97,130,2.4,29.3,13.6,8,10374,9.2,8,0,7,2.5,3,M,no,activo
PAC007064,24,76.3,164,28.4,98,84,108,69,83,80,4.9,212,62,122,107,1.18,72,2.2,14.8,10.1,4,8749,6.3,16,30,2,8.5,5,M,si,ligero
PAC007065,81,83.3,194,22.1,119,98,141,87,75,112,7.2,226,27,180,353,1.08,72,6.0,28.7,15.1,0,5197,9.7,2,3,2,11.1,6,M,si,activo
PAC007066,63,86.9,146,40.8,118,89,154,92,65,73,5.6,223,55,116,109,0.4,58,1.8,19.8,13.5,2,1654,6.9,7,11,1,14.2,7,M,si,sedentario
PAC007067,26,53.4,156,21.9,63,91,127,82,52,108,4.0,193,64,94,142,0.79,86,0.1,36.9,16.9,6,14225,8.5,0,0,7,9.8,0,M,no,activo
PAC007068,70,67.7,149,30.5,116,94,141,89,71,103,5.5,246,55,181,222,0.4,81,5.2,42.0,14.2,4,5836,6.1,13,1,4,7.8,6,F,no,ligero
PAC007069,34,62.5,177,19.9,80,103,119,74,48,92,4.3,155,68,94,40,1.23,130,0.1,39.6,15.8,10,9817,9.6,6,6,6,4.5,1,M,no,ligero
PAC007070,56,87.7,140,44.7,103,113,182,97,59,114,6.4,210,64,154,122,0.64,50,0.1,20.4,18.2,0,5949,7.8,2,0,2,16.6,10,M,si,sedentario
PAC007071,24,68.4,153,29.2,81,94,139,72,89,74,4.9,195,65,128,100,1.01,82,3.0,9.8,12.7,7,7181,7.1,20,31,0,8.0,8,M,no,activo
PAC007072,61,87.7,182,26.5,111,123,149,91,74,161,8.3,257,45,161,334,1.32,96,11.2,60.4,14.7,0,2068,10.1,9,19,0,10.1,9,F,si,sedentario
PAC007073,61,77.0,143,37.7,110,97,169,86,58,86,4.8,261,58,154,153,0.73,89,6.1,43.2,15.9,0,3127,5.1,1,2,1,12.7,8,F,no,ligero
PAC007074,66,68.1,148,31.1,125,111,138,94,78,82,5.7,222,54,157,282,0.6,69,6.4,25.4,13.5,0,500,6.0,14,5,2,13.8,9,M,no,sedentario
PAC007075,75,91.4,186,26.4,112,83,159,90,81,115,7.4,170,38,143,338,1.01,95,9.3,40.5,12.6,1,7207,6.1,18,1,3,6.3,4,M,si,ligero
PAC007076,64,92.5,194,24.6,112,95,116,87,93,133,8.7,208,25,209,190,1.06,82,5.5,25.9,14.6,5,6848,8.6,0,8,2,9.6,5,F,no,ligero
PAC007077,70,91.0,200,22.8,117,99,124,95,92,143,7.0,203,32,164,386,1.07,94,4.1,48.7,15.2,1,8910,9.0,0,4,1,11.9,7,F,no,sedentario
PAC007078,44,91.9,188,26.0,110,107,155,81,69,120,8.5,260,52,144,281,0.95,94,6.2,22.3,14.9,0,6512,10.0,3,2,3,9.9,6,F,si,sedentario
PAC007079,29,58.3,156,24.0,72,98,143,87,68,102,6.1,181,81,96,86,1.18,122,2.8,34.9,15.8,6,16528,8.0,5,0,6,10.9,3,F,no,activo
PAC007080,36,81.0,174,26.8,85,99,124,59,64,110,4.1,202,67,74,107,0.82,105,0.1,41.4,15.5,8,8116,6.0,8,11,5,8.4,2,M,si,ligero
PAC007081,37,119.4,194,31.7,120,128,136,82,79,148,7.8,247,25,165,213,0.74,76,7.5,26.8,16.1,0,6402,9.4,8,5,4,11.0,8,F,si,sedentario
PAC007082,77,71.8,146,33.7,82,108,152,81,81,127,5.9,197,56,129,85,0.42,78,6.6,29.4,15.8,5,3268,4.3,5,5,0,17.0,6,F,si,sedentario
PAC007083,18,72.1,180,22.3,78,99,148,68,53,84,6.1,131,62,71,44,1.03,118,0.1,15.9,13.6,10,14619,8.7,0,16,7,2.0,0,M,si,ligero
PAC007084,32,48.2,159,19.1,74,87,97,77,89,108,5.0,213,75,92,114,0.98,104,1.5,18.8,10.4,2,8969,6.2,18,19,3,11.8,6,M,si,ligero
PAC007085,64,107.5,204,25.8,105,99,131,83,76,132,7.3,258,46,142,235,1.39,70,7.9,25.1,17.3,0,5140,9.2,7,0,3,7.8,7,M,si,sedentario
PAC007086,78,110.8,152,48.0,92,85,188,86,71,131,5.5,236,50,169,206,0.47,74,5.3,26.5,16.7,3,4949,7.0,7,0,1,13.2,6,M,si,ligero
PAC007087,30,68.6,162,26.1,75,105,104,72,65,79,5.6,169,67,94,68,1.16,119,4.6,23.4,14.9,4,15901,7.4,0,0,3,4.0,1,M,no,sedentario
PAC007088,90,93.2,149,42.0,90,107,143,107,80,108,7.0,263,48,133,229,0.61,79,1.4,42.0,14.0,5,3559,6.1,12,4,3,15.9,6,F,no,ligero
PAC007089,19,41.3,175,13.5,82,84,114,76,53,97,5.0,167,58,105,172,1.12,93,1.0,34.0,14.8,7,11890,8.6,0,0,5,6.5,3,F,si,ligero
PAC007090,81,86.5,140,44.1,101,98,151,110,71,140,5.6,256,51,132,142,0.41,42,5.9,21.7,15.2,3,2403,6.3,1,0,3,11.0,4,F,no,sedentario
PAC007091,36,85.6,153,36.6,86,92,110,53,77,68,4.3,146,71,125,62,1.04,107,2.7,17.8,12.9,3,11032,7.0,19,16,3,9.4,8,M,si,ligero
PAC007092,67,84.0,190,23.3,128,115,129,106,82,120,7.8,257,25,212,200,1.22,64,9.3,24.4,15.8,0,4367,9.4,16,8,2,11.4,6,F,si,sedentario
PAC007093,35,80.3,148,36.7,98,107,110,79,74,87,5.0,170,25,141,70,1.04,112,6.2,24.1,10.2,2,11050,8.2,18,29,1,12.1,6,M,si,ligero
PAC007094,58,93.3,197,24.0,118,87,127,100,81,145,7.3,225,38,109,298,1.44,83,9.2,32.5,14.4,0,1434,7.5,12,5,2,13.6,4,F,si,ligero
PAC007095,60,94.2,196,24.5,110,101,148,102,72,110,6.7,315,28,157,191,1.31,57,8.1,45.3,15.4,0,5381,8.4,9,0,0,10.5,10,F,si,sedentario
PAC007096,39,70.8,163,26.6,87,96,108,69,65,105,5.9,179,52,157,115,0.91,83,1.1,32.7,12.3,7,5310,8.8,19,25,2,10.1,8,M,si,ligero
PAC007097,63,68.1,142,33.8,120,96,153,100,75,109,4.8,290,45,141,106,0.4,52,2.9,36.7,15.7,7,7315,6.2,15,3,1,15.3,6,F,si,sedentario
PAC007098,36,54.8,169,19.2,85,113,137,83,80,92,4.1,225,59,116,280,0.91,103,4.3,12.0,13.7,6,11847,7.8,21,30,3,8.1,5,F,no,ligero
PAC007099,22,55.9,165,20.5,94,95,150,65,76,91,5.2,220,59,115,118,0.79,92,2.0,27.4,11.7,2,6192,8.5,16,30,0,5.5,7,M,no,activo
PAC007100,18,57.0,171,19.5,71,105,119,90,66,80,4.9,218,63,40,89,1.07,101,0.1,11.3,13.1,3,13777,8.6,1,3,5,4.6,3,M,no,ligero
PAC007101,47,95.7,195,25.2,121,90,136,87,83,98,7.9,220,27,166,382,1.17,38,5.5,43.9,15.3,0,8263,8.5,19,15,1,9.3,4,F,si,sedentario
PAC007102,27,70.6,176,22.8,75,102,123,79,60,118,4.1,113,90,117,40,0.86,94,0.1,27.7,13.1,10,12742,8.1,0,0,8,6.5,0,F,si,activo
PAC007103,23,64.0,192,17.4,79,102,127,72,64,114,4.8,157,70,98,257,1.31,90,2.1,48.5,12.2,10,12960,9.5,0,5,5,5.7,4,F,si,activo
PAC007104,90,104.3,140,53.2,94,85,157,99,84,110,5.2,186,68,180,121,0.59,51,4.7,32.8,18.6,0,6241,4.0,12,14,4,14.8,8,F,no,ligero
PAC007105,31,65.5,166,23.8,87,85,113,71,55,70,5.1,161,51,100,40,0.9,116,2.8,16.3,12.6,7,12447,8.3,2,0,1,9.4,2,M,no,activo
PAC007106,36,56.9,173,19.0,85,87,138,73,57,109,4.9,214,70,136,141,1.16,111,0.8,45.6,13.5,10,9353,8.7,10,5,4,7.8,6,F,no,ligero
PAC007107,24,74.7,176,24.1,70,103,111,75,63,100,5.7,183,62,130,40,0.87,89,0.2,33.8,15.9,11,14508,8.7,8,7,5,7.3,2,M,no,sedentario
PAC007108,18,66.8,167,24.0,85,102,112,55,61,75,4.0,227,62,84,89,1.37,89,0.1,42.5,13.5,6,10868,9.6,4,0,6,9.3,6,M,no,ligero
PAC007109,20,69.0,155,28.7,79,91,113,77,65,97,5.4,165,90,156,40,0.83,110,1.2,32.8,14.6,9,16531,7.8,9,0,4,7.0,0,F,no,activo
PAC007110,64,91.3,184,27.0,120,105,150,89,103,144,7.1,240,38,106,297,1.13,68,8.1,35.2,14.4,2,4648,10.6,5,0,1,10.9,8,M,si,ligero
PAC007111,61,92.7,150,41.2,101,86,154,88,66,109,7.2,246,37,100,212,0.75,73,5.6,46.5,15.3,1,5156,7.6,11,5,3,12.8,6,F,no,sedentario
PAC007112,18,55.3,153,23.6,78,112,125,63,68,80,5.1,153,73,102,40,1.32,102,0.1,45.6,14.1,5,11245,7.9,12,0,6,9.5,0,F,si,ligero
PAC007113,90,90.7,150,40.3,72,97,167,104,89,86,6.3,267,51,153,60,0.8,48,7.0,36.0,15.0,0,2337,6.6,11,6,2,11.5,5,M,no,activo
PAC007114,84,94.7,154,39.9,109,97,152,105,70,117,5.8,219,37,123,221,0.49,72,3.3,35.9,16.5,2,6010,8.0,6,8,2,13.3,10,M,no,sedentario
PAC007115,72,76.0,140,38.8,114,91,157,85,82,104,4.8,168,50,124,166,0.59,84,6.6,29.3,16.4,4,8227,6.0,9,16,4,18.4,2,M,si,activo
PAC007116,90,105.2,205,25.0,113,101,157,85,75,121,7.5,211,44,176,385,1.35,58,8.9,40.5,15.8,0,500,6.9,7,14,0,12.3,9,F,si,activo
PAC007117,33,67.4,163,25.4,78,111,115,80,66,75,4.4,170,52,125,94,0.69,112,4.2,18.3,13.8,4,7213,9.9,20,25,2,15.0,3,F,si,ligero
PAC007118,82,127.3,203,30.9,128,111,145,86,63,155,6.3,250,27,160,191,1.0,63,5.6,38.1,13.5,0,8901,10.7,21,0,1,11.4,9,M,no,ligero
PAC007119,64,83.2,189,23.3,105,101,125,92,91,147,7.8,222,25,180,235,1.13,102,5.7,29.4,15.3,0,4366,10.8,12,3,2,9.0,9,F,no,sedentario
PAC007120,90,101.9,180,31.5,97,100,114,80,86,125,7.3,243,44,111,301,1.01,89,3.3,46.2,15.2,0,8546,11.0,18,0,1,10.9,10,M,no,sedentario
PAC007121,80,101.1,146,47.4,102,91,160,88,77,124,6.6,210,40,126,85,0.59,70,4.5,20.8,14.3,3,3405,6.6,2,1,0,9.2,4,M,no,sedentario
PAC007122,69,67.6,141,34.0,78,103,156,94,69,104,5.2,166,58,119,245,0.47,77,0.3,24.4,13.0,0,8719,5.2,14,10,1,16.0,8,F,si,sedentario
PAC007123,18,70.4,166,25.5,81,99,106,81,56,92,4.1,189,62,40,40,1.29,103,2.6,31.0,11.7,7,11682,9.6,0,4,7,5.6,2,M,no,ligero
PAC007124,22,61.7,170,21.3,81,95,126,85,87,100,5.0,219,75,104,77,0.97,78,0.1,10.8,12.8,1,8283,7.3,24,23,3,8.5,8,M,si,activo
PAC007125,90,93.9,140,47.9,100,97,156,97,79,69,7.0,212,70,143,274,0.59,74,3.6,35.7,16.1,7,500,6.1,7,4,2,13.1,5,F,no,sedentario
PAC007126,18,83.4,146,39.1,66,108,111,78,68,86,5.5,173,76,131,111,1.09,116,0.4,42.0,14.5,11,13302,7.3,7,10,6,5.9,0,F,no,ligero
PAC007127,76,80.0,152,34.6,98,103,171,105,70,103,5.6,269,33,122,178,0.64,73,5.0,25.6,13.6,0,4388,6.8,0,0,4,15.3,9,M,no,activo
PAC007128,84,86.1,203,20.9,136,115,143,99,75,126,5.6,229,32,181,235,1.18,110,6.1,42.9,14.1,0,5834,10.5,17,8,2,10.9,9,M,no,sedentario
PAC007129,19,69.7,159,27.6,92,99,144,86,71,86,6.3,149,45,112,40,0.81,69,4.0,25.6,12.3,6,9544,7.3,24,17,0,7.7,9,M,no,sedentario
PAC007130,51,79.1,175,25.8,88,101,129,88,79,76,4.9,169,47,70,58,1.14,82,2.5,41.8,16.9,2,12688,9.2,7,1,3,10.9,4,M,no,sedentario
PAC007131,21,86.1,156,35.4,97,87,101,72,86,88,4.5,182,47,116,162,0.73,100,9.0,21.6,11.4,1,9677,8.0,27,20,0,5.9,9,F,no,ligero
PAC007132,69,94.4,157,38.3,109,81,160,98,88,133,6.9,238,38,161,134,0.41,100,7.4,14.6,16.8,0,6851,4.7,0,0,2,14.6,4,F,no,sedentario
PAC007133,61,67.3,179,21.0,103,97,137,91,73,124,6.9,226,44,165,325,1.34,81,9.4,42.6,12.8,1,3044,8.5,9,0,2,9.2,9,M,si,ligero
PAC007134,63,94.6,185,27.6,101,122,143,84,85,131,6.1,203,35,184,236,1.08,67,6.7,38.0,15.6,1,3116,8.1,4,5,0,11.7,9,F,no,sedentario
PAC007135,72,115.3,190,31.9,97,124,107,69,81,136,7.0,261,70,122,259,0.9,81,6.8,49.7,14.8,1,6741,7.9,5,0,2,14.2,7,F,si,activo
PAC007136,37,99.0,197,25.5,108,95,139,91,55,143,7.7,206,40,127,230,1.06,65,7.5,53.4,14.0,0,2846,7.5,22,12,0,14.9,9,M,si,sedentario
PAC007137,82,79.0,190,21.9,122,106,128,95,61,130,6.1,210,39,165,305,1.47,54,6.7,46.6,15.3,0,500,9.8,18,2,1,17.0,9,M,no,sedentario
PAC007138,66,78.9,183,23.6,110,102,90,89,65,140,7.0,295,25,182,283,0.95,97,7.4,34.1,13.6,2,7053,9.0,23,23,2,13.5,3,M,si,sedentario
PAC007139,27,81.8,173,27.3,96,122,102,56,52,106,4.7,177,47,77,101,1.14,122,0.1,44.4,14.5,11,15629,7.8,1,3,5,9.4,5,M,si,sedentario
PAC007140,50,92.4,140,47.1,105,100,155,102,75,104,5.0,165,42,154,170,0.44,72,4.8,22.3,19.0,0,3075,7.1,8,10,3,12.2,8,M,si,sedentario
PAC007141,85,118.6,183,35.4,110,97,150,75,81,147,7.1,263,36,144,223,1.33,94,8.7,18.3,13.0,0,1282,8.3,1,11,3,10.7,7,M,no,ligero
PAC007142,35,71.5,159,28.3,82,107,116,73,88,75,5.5,170,50,55,40,0.86,89,7.6,24.0,11.8,7,6015,7.9,19,37,0,13.1,5,F,no,activo
PAC007143,84,75.9,145,36.1,97,97,151,88,79,122,6.5,222,49,139,180,0.58,63,6.6,43.6,16.9,1,8469,6.4,0,1,1,12.9,10,F,si,sedentario
PAC007144,35,62.7,174,20.7,98,108,123,89,60,60,4.8,139,90,107,40,1.1,120,1.5,25.9,16.0,5,11855,7.6,2,2,6,3.1,0,F,no,activo
PAC007145,78,68.0,145,32.3,106,77,164,111,85,79,5.9,207,31,179,195,0.72,48,2.4,10.2,16.2,2,2910,5.4,8,3,3,9.1,9,M,no,sedentario
PAC007146,53,99.5,205,23.7,111,104,163,76,63,142,7.7,219,25,138,282,1.47,89,7.3,46.4,15.8,0,1651,8.0,10,2,3,14.1,10,M,si,sedentario
PAC007147,50,77.9,160,30.4,73,111,122,72,64,88,4.9,152,64,87,40,1.31,99,0.1,26.5,18.7,8,14383,8.6,0,10,8,6.4,5,F,no,sedentario
PAC007148,23,70.0,152,30.3,74,99,98,87,81,111,4.9,212,56,48,103,0.8,82,2.2,25.5,12.8,6,6882,7.4,24,25,3,13.9,7,F,no,activo
PAC007149,47,67.2,200,16.8,104,108,117,97,76,112,7.1,190,25,158,322,0.92,77,3.0,41.6,16.3,0,1811,9.3,6,3,2,8.2,7,F,no,ligero
PAC007150,67,83.8,143,41.0,119,87,142,109,84,88,6.8,249,49,138,248,0.63,73,2.6,21.9,16.2,5,4808,5.4,8,0,3,13.4,4,F,no,sedentario
PAC007151,77,72.0,140,36.7,96,96,150,94,82,117,4.7,268,31,140,158,0.45,81,4.0,28.4,13.8,2,2858,8.0,11,0,3,15.3,7,F,si,sedentario
PAC007152,33,76.3,157,31.0,81,75,118,75,75,87,5.6,149,76,117,91,0.87,107,0.9,27.3,13.8,8,10162,6.7,18,24,6,7.7,8,F,no,sedentario
PAC007153,54,92.6,198,23.6,112,88,129,106,81,138,7.7,200,25,138,228,1.28,72,6.9,19.6,13.0,0,5560,10.4,13,8,1,15.9,8,M,no,ligero
PAC007154,20,66.5,171,22.7,100,108,132,88,53,95,4.8,201,59,107,134,1.1,80,0.1,46.9,16.5,9,14563,8.2,13,11,8,4.1,2,M,si,ligero
PAC007155,29,61.1,159,24.2,74,95,108,69,84,107,5.6,235,45,141,149,1.16,62,5.1,6.3,10.0,8,8436,8.8,26,32,4,15.5,7,F,si,ligero
PAC007156,53,109.7,197,28.3,103,116,149,89,102,154,7.2,193,48,193,199,1.21,104,10.5,48.4,15.2,0,1742,9.6,18,11,3,4.6,9,M,si,ligero
PAC007157,57,96.6,197,24.9,126,89,109,96,71,123,7.7,252,37,149,187,1.13,59,7.0,30.2,14.2,0,1306,8.1,7,12,2,11.9,9,F,si,sedentario
PAC007158,48,56.3,160,22.0,96,98,128,87,62,82,5.2,180,66,131,40,1.41,110,0.4,50.5,16.8,7,16277,8.5,7,0,5,7.0,2,M,no,activo
PAC007159,18,49.4,159,19.5,85,97,115,79,84,90,4.2,174,67,114,59,1.17,117,6.6,29.6,14.2,6,9997,7.0,27,22,4,14.5,6,F,si,ligero
PAC007160,65,98.0,193,26.3,102,107,161,79,98,124,6.9,283,48,189,173,0.9,66,7.3,39.3,15.0,2,710,9.7,2,7,4,16.9,5,F,no,sedentario
PAC007161,18,69.7,170,24.1,104,109,112,77,87,109,5.8,208,37,147,91,0.62,97,1.4,27.8,8.6,3,9848,8.1,25,28,1,9.9,3,F,no,activo
PAC007162,75,92.6,150,41.2,86,92,194,91,81,124,4.8,215,37,130,245,0.61,89,8.1,34.7,14.0,0,1455,5.8,2,4,2,13.1,5,F,si,sedentario
PAC007163,32,126.6,205,30.1,102,117,144,99,81,125,6.5,220,33,161,219,1.27,94,6.5,37.0,13.5,0,1231,10.5,16,10,2,13.0,6,M,si,sedentario
PAC007164,43,52.3,179,16.3,84,90,125,84,53,72,6.0,156,57,101,119,0.89,115,3.0,49.1,17.9,8,13932,7.8,0,0,7,7.1,0,F,no,activo
PAC007165,34,65.3,162,24.9,96,88,112,76,77,75,4.0,162,79,104,116,0.69,99,3.3,33.7,13.0,3,6587,8.5,28,7,0,8.2,6,M,no,sedentario
PAC007166,81,100.0,186,28.9,114,83,141,84,74,125,7.2,223,38,119,251,1.17,72,5.5,42.8,15.1,0,7650,8.7,14,11,1,15.7,8,F,si,activo
PAC007167,59,71.6,171,24.5,77,103,113,84,81,116,5.2,151,52,141,92,1.03,88,1.6,16.4,12.4,4,7281,6.6,20,23,1,7.8,6,F,si,activo
PAC007168,52,62.3,178,19.7,88,90,114,77,68,72,7.7,211,66,127,91,1.03,97,0.1,36.2,17.6,11,13577,8.9,2,6,5,4.0,1,M,no,activo
PAC007169,18,52.0,166,18.9,110,95,127,77,102,116,5.5,155,61,118,101,0.73,83,2.3,34.8,12.4,9,6161,5.8,22,21,2,11.6,10,F,no,sedentario
PAC007170,18,67.8,166,24.6,80,89,132,66,75,67,4.5,192,57,140,155,1.1,79,3.3,18.8,17.4,11,8098,9.0,10,7,6,2.0,5,M,si,ligero
PAC007171,70,75.2,190,20.8,103,110,128,89,77,119,6.6,209,50,157,224,1.18,57,8.1,15.5,14.4,0,4276,8.4,0,0,0,15.0,8,F,si,ligero
PAC007172,18,78.0,170,27.0,89,78,121,80,70,89,5.1,252,46,125,119,0.9,99,3.5,19.5,10.6,3,9896,7.9,20,14,3,6.2,9,F,si,sedentario
PAC007173,55,71.7,199,18.1,137,94,141,81,83,145,8.1,260,44,150,295,0.64,56,6.3,40.4,15.6,0,5927,9.3,21,14,3,14.2,7,M,no,sedentario
PAC007174,58,67.4,140,34.4,119,111,162,93,84,94,6.6,189,55,125,191,0.4,85,2.7,25.3,15.9,0,11094,6.2,0,0,2,15.3,7,M,si,activo
PAC007175,37,59.1,165,21.7,85,98,124,76,79,88,6.1,168,58,81,103,1.29,98,3.9,27.8,8.3,10,12685,7.6,19,27,1,2.5,6,M,no,sedentario
PAC007176,41,66.3,162,25.3,93,100,111,72,59,60,4.4,214,58,77,92,0.73,73,0.1,42.3,17.3,8,14746,7.5,10,0,5,8.3,5,M,no,activo
PAC007177,74,104.0,181,31.7,109,111,124,104,84,143,7.0,228,40,153,179,1.09,90,8.7,54.8,14.4,0,500,9.0,0,6,1,10.8,6,M,si,sedentario
PAC007178,18,57.1,159,22.6,85,97,99,57,66,64,5.1,186,72,99,127,1.24,81,0.1,37.1,16.2,11,13187,7.5,0,1,4,4.9,0,M,si,sedentario
PAC007179,18,80.1,162,30.5,76,111,118,75,61,60,5.5,152,58,44,40,1.37,123,0.4,33.7,16.9,7,12040,8.1,8,9,7,5.0,1,M,si,ligero
PAC007180,90,81.1,151,35.6,119,102,137,94,56,120,5.9,233,50,101,104,0.49,58,4.9,32.1,11.9,0,3220,6.4,5,7,2,11.6,5,F,si,sedentario
PAC007181,31,95.1,174,31.4,74,110,121,62,56,74,5.8,153,77,107,77,1.06,95,2.1,33.7,14.5,10,11418,9.1,7,2,6,6.1,2,F,no,sedentario
PAC007182,69,85.0,197,21.9,111,104,105,81,63,126,7.4,228,58,139,293,0.78,75,7.8,17.1,14.8,0,4363,9.2,13,2,0,11.6,9,F,no,activo
PAC007183,63,104.2,197,26.8,132,101,136,90,66,105,7.6,291,39,80,210,1.05,73,5.2,42.6,14.1,0,2666,6.9,8,0,3,13.6,8,M,si,ligero
PAC007184,70,100.0,185,29.2,110,100,162,78,87,100,8.7,210,27,186,243,1.28,73,6.1,37.8,16.8,0,5198,10.2,0,0,1,11.9,6,F,si,sedentario
PAC007185,39,77.6,145,36.9,96,99,98,75,66,79,5.6,130,74,108,88,1.17,66,0.1,40.2,15.4,7,9295,8.4,2,5,3,11.5,4,M,no,activo
PAC007186,33,80.5,164,29.9,90,93,151,79,54,80,4.6,172,60,70,106,1.5,101,0.1,41.4,14.9,11,13652,8.5,2,0,6,4.4,0,M,no,ligero
PAC007187,72,88.2,140,45.0,108,105,166,102,91,110,5.7,208,43,166,147,0.61,81,5.7,40.4,16.4,1,7392,6.4,17,1,2,15.4,2,F,no,ligero
PAC007188,31,67.4,159,26.7,85,102,118,68,77,60,4.7,225,79,124,40,1.32,110,0.1,26.3,13.9,6,13080,9.1,0,7,7,7.3,5,F,si,sedentario
PAC007189,40,81.7,197,21.1,114,104,130,88,81,140,7.6,224,29,191,268,1.52,83,4.0,56.9,13.6,2,3104,8.6,2,8,3,7.8,9,F,si,activo
PAC007190,18,77.1,163,29.0,74,116,113,68,55,67,4.1,202,73,75,89,0.9,98,3.5,43.5,14.2,12,15554,8.7,0,1,4,7.3,0,M,no,activo
PAC007191,21,59.1,155,24.6,67,116,121,74,60,97,5.3,205,48,62,127,1.03,81,5.5,37.8,17.0,11,14476,9.1,0,0,3,8.8,0,F,no,activo
PAC007192,36,70.0,140,35.7,106,106,115,73,75,106,5.3,191,51,108,185,1.03,82,1.9,27.9,10.0,4,11525,7.7,16,23,2,6.8,5,M,si,ligero
PAC007193,20,40.0,163,15.1,74,94,121,61,81,85,4.9,214,39,137,163,0.87,71,3.6,18.2,12.2,0,6982,6.3,21,18,2,10.7,8,M,no,sedentario
PAC007194,45,40.0,155,16.6,89,89,130,80,52,103,5.4,218,66,119,158,1.19,128,0.1,33.2,12.3,9,11116,10.9,13,5,6,4.5,4,F,si,sedentario
PAC007195,18,94.2,160,36.8,96,75,112,73,75,100,4.0,185,45,58,205,0.49,93,1.2,15.8,12.8,9,8137,9.7,27,34,0,8.1,8,F,no,activo
PAC007196,80,74.7,146,35.0,93,101,166,102,74,108,5.0,230,47,122,254,0.4,80,6.9,36.8,15.2,6,3360,5.5,15,0,5,7.0,8,F,no,sedentario
PAC007197,58,93.6,197,24.1,112,93,139,99,84,109,7.2,225,25,163,252,0.86,54,8.0,28.7,16.6,1,1348,8.3,13,4,3,9.2,8,F,no,ligero
PAC007198,58,90.3,152,39.1,107,89,175,105,79,141,5.0,220,36,105,234,0.46,59,0.1,33.8,17.0,1,5352,8.1,13,7,3,18.0,6,M,si,ligero
PAC007199,90,70.1,150,31.2,129,93,132,92,100,101,6.5,221,51,129,193,0.69,84,5.2,25.4,13.8,0,6189,5.5,5,3,4,14.7,7,M,si,ligero
PAC007200,24,69.7,158,27.9,108,103,95,89,94,85,4.0,189,57,122,120,1.08,68,3.0,19.9,11.5,8,3514,7.5,13,20,3,13.7,9,F,no,sedentario
PAC007201,18,85.7,171,29.3,101,108,96,60,65,90,4.9,110,56,109,116,1.11,126,3.1,26.3,14.4,7,15101,8.1,10,0,4,9.5,2,M,no,sedentario
PAC007202,59,89.6,153,38.3,110,105,178,107,85,94,5.7,205,48,170,201,0.75,78,6.0,33.4,17.2,0,5504,7.2,12,4,1,11.2,8,F,si,sedentario
PAC007203,23,43.1,175,14.1,60,94,103,82,85,104,5.0,235,60,81,104,1.19,86,2.8,23.4,13.9,5,7687,8.5,20,20,1,7.9,10,F,si,ligero
PAC007204,25,75.6,159,29.9,95,92,99,69,88,69,4.6,198,46,138,40,0.83,79,5.4,6.6,10.9,4,5928,8.8,14,28,0,6.4,8,F,no,ligero
PAC007205,31,72.0,175,23.5,83,89,129,80,67,112,4.5,251,65,130,180,1.1,83,0.2,24.9,12.2,7,7556,7.6,23,15,2,7.8,6,M,no,sedentario
PAC007206,61,100.2,140,51.1,100,89,142,91,100,97,5.4,191,58,118,246,0.69,77,5.0,23.1,14.2,1,7402,6.5,4,5,2,12.6,4,M,no,sedentario
PAC007207,69,89.2,194,23.7,120,96,145,89,63,115,7.6,218,36,188,266,0.89,71,8.3,29.3,15.6,0,4017,9.3,3,12,4,8.0,7,M,si,ligero
PAC007208,66,87.5,156,36.0,98,104,153,118,87,130,5.0,254,47,131,191,0.53,88,4.5,25.4,17.7,1,4300,6.8,16,18,2,7.5,7,F,no,sedentario
PAC007209,18,84.5,151,37.1,106,84,123,72,93,64,4.7,189,78,94,106,1.21,91,3.4,13.5,10.8,2,4708,7.8,12,31,3,8.8,7,F,si,sedentario
PAC007210,18,56.3,159,22.3,69,83,97,68,62,73,5.1,182,53,115,77,1.33,83,2.0,31.5,16.1,9,10890,9.3,7,0,7,3.1,0,F,no,activo
PAC007211,88,85.1,140,43.4,114,75,170,105,80,92,5.6,184,25,125,234,0.4,85,6.2,34.7,17.0,0,4110,6.7,8,0,2,9.2,6,M,no,sedentario
PAC007212,41,54.9,183,16.4,87,97,115,62,61,66,4.6,187,57,122,127,0.97,108,2.7,31.3,13.4,4,10770,6.9,12,0,4,6.5,0,F,no,ligero
PAC007213,34,54.9,170,19.0,69,80,117,88,45,60,5.6,201,57,86,72,1.09,95,0.1,35.3,14.4,12,14580,8.8,2,0,4,7.1,1,M,no,activo
PAC007214,59,97.3,191,26.7,115,112,144,68,76,135,7.1,249,43,201,329,1.08,64,8.8,31.3,14.0,0,7812,9.6,15,0,2,9.4,8,F,si,sedentario
PAC007215,61,85.2,151,37.4,124,101,160,94,76,111,4.4,244,25,142,72,0.87,92,4.5,14.1,17.7,3,8516,5.4,18,8,6,11.7,8,M,si,sedentario
PAC007216,27,72.6,161,28.0,77,102,107,56,84,86,4.6,195,70,116,76,0.86,94,5.7,14.1,9.7,3,9188,5.7,25,20,1,14.4,3,F,no,activo
PAC007217,23,48.6,163,18.3,76,117,124,59,76,78,5.7,181,59,128,225,0.86,114,1.4,22.0,12.4,9,8142,6.9,0,0,6,6.1,3,F,no,activo
PAC007218,61,76.2,205,18.1,115,102,170,87,83,145,5.2,261,41,211,228,1.25,60,10.7,21.3,15.0,0,2252,9.9,11,16,2,12.9,8,M,no,sedentario
PAC007219,18,59.1,165,21.7,77,112,131,75,72,81,6.0,188,82,72,67,1.38,111,3.5,34.4,14.5,7,14384,6.5,1,0,5,5.0,0,F,si,ligero
PAC007220,55,60.3,180,18.6,86,91,115,81,71,80,4.8,192,58,111,78,0.75,93,2.8,20.5,9.3,5,12821,7.3,29,19,0,3.4,9,M,no,sedentario
PAC007221,72,81.5,140,41.6,104,101,158,120,94,115,4.9,188,43,185,232,0.4,85,3.3,23.8,15.3,4,7537,6.4,15,12,1,15.5,7,M,si,sedentario
PAC007222,25,64.1,180,19.8,90,101,106,73,47,92,4.6,161,71,135,149,0.94,83,3.1,33.3,15.3,9,19204,9.0,7,1,4,5.6,5,F,no,ligero
PAC007223,39,75.9,169,26.6,69,101,100,84,64,97,5.1,172,78,83,94,1.06,92,0.9,43.7,15.1,7,8946,8.1,0,9,4,3.7,5,M,si,ligero
PAC007224,55,65.8,155,27.4,60,99,99,53,59,63,5.7,210,66,102,82,0.93,124,0.1,39.8,17.1,6,10171,8.5,0,0,4,5.6,3,M,no,activo
PAC007225,81,101.5,159,40.1,107,94,159,101,74,126,5.2,266,50,150,195,0.56,49,7.3,30.0,19.0,2,1566,6.8,0,0,1,5.6,4,F,si,sedentario
PAC007226,18,62.7,167,22.5,81,78,101,91,81,103,5.6,193,40,93,267,0.97,69,2.6,29.9,10.1,4,5933,5.7,18,18,4,11.5,9,F,no,sedentario
PAC007227,34,66.7,165,24.5,84,94,107,72,47,72,5.6,170,69,119,40,1.21,98,0.8,35.2,13.6,12,11833,9.4,5,0,4,2.0,4,F,no,activo
PAC007228,60,73.1,145,34.8,91,100,144,100,79,118,5.9,225,68,101,189,0.4,47,5.3,32.9,15.4,0,3966,5.7,13,0,3,13.7,6,F,si,ligero
PAC007229,46,90.2,205,21.5,99,109,173,87,87,150,7.2,218,41,147,278,1.58,81,6.9,32.6,16.6,0,3295,9.6,16,19,1,10.6,5,F,si,sedentario
PAC007230,25,72.4,141,36.4,60,95,112,70,76,96,4.1,177,48,103,80,0.9,106,1.2,30.3,12.1,4,8186,9.4,10,30,3,10.9,8,M,si,ligero
PAC007231,67,72.4,152,31.3,102,109,161,100,65,101,4.7,211,41,152,207,0.46,69,5.5,34.1,15.6,4,5426,6.6,8,1,3,8.9,3,M,no,sedentario
PAC007232,22,68.0,156,27.9,85,94,101,75,73,77,4.4,242,79,42,133,1.03,130,1.5,21.6,9.5,1,7434,5.9,14,28,2,5.6,4,M,no,sedentario
PAC007233,62,90.1,193,24.2,91,123,110,90,85,161,6.7,284,53,176,324,0.92,58,10.1,42.3,14.6,3,3841,9.6,7,6,0,5.9,10,M,si,sedentario
PAC007234,90,79.3,142,39.3,90,77,137,94,89,107,7.1,203,53,195,263,0.65,64,3.1,43.0,16.9,0,6504,5.9,14,5,3,10.7,6,F,si,sedentario
PAC007235,62,102.3,197,26.4,111,99,150,88,78,105,6.4,229,43,134,311,1.02,87,6.2,26.1,15.9,0,11106,8.1,7,22,3,8.7,7,M,si,ligero
PAC007236,80,100.3,205,23.9,98,113,127,87,80,147,6.7,234,42,135,298,1.44,50,5.7,27.0,14.3,1,2784,9.1,23,4,3,11.9,6,F,si,ligero
PAC007237,18,56.8,172,19.2,94,87,96,81,58,62,5.0,190,39,126,262,0.96,118,1.3,41.6,14.7,9,10472,9.0,4,11,7,4.2,2,M,no,ligero
PAC007238,40,67.4,174,22.3,84,99,125,66,75,94,5.5,161,88,98,76,1.11,112,0.5,34.0,10.5,8,12640,7.4,0,12,6,2.0,5,M,no,activo
PAC007239,81,97.7,160,38.2,99,103,167,64,81,101,5.3,208,44,138,123,0.66,53,5.7,44.7,13.0,0,8921,7.6,2,0,3,11.2,3,M,no,sedentario
PAC007240,67,107.8,162,41.1,126,98,150,104,79,84,5.7,218,41,132,124,0.4,60,5.1,29.7,17.4,3,921,5.6,0,0,2,13.4,9,M,si,ligero
PAC007241,35,75.2,166,27.3,76,105,93,85,58,65,4.6,196,54,98,137,1.23,80,0.1,37.0,14.2,3,9680,9.7,5,0,9,2.0,2,M,no,ligero
PAC007242,19,69.4,140,35.4,87,81,104,77,99,101,5.0,176,69,130,56,0.83,82,1.9,20.6,8.5,4,6567,6.5,21,21,0,11.5,6,M,no,activo
PAC007243,29,59.7,163,22.5,106,100,109,77,83,116,5.4,197,75,111,117,1.05,99,3.7,18.3,11.9,5,5990,6.5,11,14,0,5.0,6,M,no,ligero
PAC007244,34,63.2,145,30.1,88,104,116,73,97,71,6.0,165,43,100,103,1.23,99,1.5,20.1,12.2,6,2986,8.3,16,27,0,9.3,5,F,si,sedentario
PAC007245,41,57.1,183,17.1,75,97,125,77,47,98,4.4,193,58,106,97,0.92,85,2.1,26.3,16.5,8,9849,9.4,2,1,5,6.6,5,F,no,activo
PAC007246,35,43.9,182,13.3,94,104,131,78,100,105,5.5,163,63,146,97,0.89,89,4.4,16.0,12.4,1,6849,8.1,16,11,4,6.6,6,F,si,ligero
PAC007247,77,100.1,203,24.3,112,87,148,86,73,126,7.4,215,61,120,306,1.29,85,5.1,29.2,13.4,0,500,8.9,11,0,2,12.2,7,F,si,sedentario
PAC007248,18,65.2,179,20.3,76,92,123,76,68,60,5.1,200,58,75,63,1.26,95,0.6,38.6,16.4,10,16924,9.8,8,16,6,5.4,0,F,no,activo
PAC007249,25,62.5,155,26.0,87,104,128,70,63,82,5.5,159,81,79,91,0.86,96,3.3,21.3,17.4,10,12592,9.3,11,6,5,5.0,1,M,no,ligero
PAC007250,51,66.4,151,29.1,122,97,173,106,72,83,6.5,206,55,147,167,0.53,42,5.0,36.6,17.2,0,4723,6.4,11,0,1,11.3,6,M,no,sedentario
PAC007251,33,71.1,142,35.3,61,103,119,89,76,97,5.7,224,67,80,98,1.05,97,5.0,17.3,11.5,3,8875,9.7,19,30,1,10.6,6,M,no,sedentario
PAC007252,60,73.1,160,28.6,61,108,107,66,60,65,6.2,191,87,92,40,1.14,78,0.1,32.8,13.8,7,8354,10.4,0,0,2,10.6,2,M,si,ligero
PAC007253,27,48.6,177,15.5,82,107,95,71,70,76,4.4,150,57,83,88,1.13,57,0.1,52.9,15.0,9,11063,7.8,0,7,3,2.7,4,M,no,ligero
PAC007254,71,85.3,155,35.5,133,85,158,97,82,101,7.1,246,53,127,168,0.58,73,3.1,35.0,16.5,2,500,7.1,15,1,2,9.8,6,M,no,sedentario
PAC007255,57,94.0,195,24.7,104,96,165,86,74,130,7.3,254,36,166,263,1.23,68,4.9,50.5,13.8,0,4560,11.0,25,7,1,10.6,9,M,si,sedentario
PAC007256,25,66.4,146,31.2,109,88,110,71,81,65,4.6,199,62,137,206,1.2,87,4.2,9.4,13.5,10,11177,7.6,29,21,0,13.1,9,F,si,sedentario
PAC007257,58,65.8,188,18.6,115,109,123,92,80,159,7.7,250,36,188,186,0.93,69,8.8,35.3,16.3,0,500,7.3,21,0,1,9.0,7,F,si,sedentario
PAC007258,67,67.1,154,28.3,71,95,140,97,81,101,5.5,256,63,156,110,0.62,86,1.4,28.7,15.4,0,6494,5.8,7,11,0,14.7,6,M,no,sedentario
PAC007259,20,65.4,147,30.3,80,94,130,83,82,80,4.1,201,50,112,132,1.26,79,1.1,22.1,10.7,10,9429,7.1,26,14,2,14.4,7,F,no,sedentario
PAC007260,23,43.3,166,15.7,72,103,106,79,62,89,4.7,207,82,80,40,1.4,114,0.1,28.4,13.7,7,14079,6.7,11,0,4,4.9,5,M,no,ligero
PAC007261,35,71.8,177,22.9,95,91,129,65,59,123,4.8,187,50,115,53,1.09,110,0.1,48.7,14.3,9,11786,7.6,3,0,6,11.7,1,F,no,sedentario
PAC007262,86,103.0,198,26.3,113,101,141,84,79,140,7.1,275,32,161,338,1.06,58,6.8,45.9,14.9,1,5072,9.4,20,0,1,7.9,5,F,si,sedentario
PAC007263,69,118.8,200,29.7,148,110,133,93,75,140,7.3,265,30,185,158,1.21,79,6.9,43.9,12.5,0,603,9.4,13,0,2,13.8,7,M,no,activo
PAC007264,51,71.2,177,22.7,71,107,103,77,64,84,4.0,181,71,69,115,0.89,95,3.7,40.7,16.0,7,17069,7.2,1,0,9,5.2,3,M,no,sedentario
PAC007265,53,68.5,161,26.4,69,93,133,75,72,88,4.4,189,74,137,114,1.18,93,2.4,26.3,12.8,6,10674,6.4,22,15,3,10.7,5,F,no,activo
PAC007266,27,72.6,164,27.0,73,120,134,69,65,60,5.1,184,49,137,40,0.97,99,1.6,44.1,13.7,4,11625,7.0,4,0,4,2.0,1,F,no,activo
PAC007267,44,95.7,160,37.4,92,93,100,72,83,97,5.2,216,58,144,168,1.19,108,1.0,32.0,11.3,9,5872,8.0,23,20,0,11.2,8,F,no,ligero
PAC007268,68,117.9,196,30.7,105,94,149,86,66,131,6.9,232,49,132,269,1.08,47,3.4,42.0,15.5,3,2991,7.7,15,10,2,8.4,7,M,si,activo
PAC007269,27,57.9,174,19.1,83,94,98,89,58,85,5.0,184,47,65,40,1.23,115,2.8,43.4,12.3,11,18009,9.3,12,11,6,2.8,3,F,no,sedentario
PAC007270,46,41.7,170,14.4,90,97,118,82,68,112,5.1,188,53,45,40,1.23,119,1.5,50.4,15.8,8,12258,10.3,5,6,5,4.3,4,M,no,sedentario
PAC007271,70,90.8,185,26.5,125,99,131,74,78,118,6.6,231,37,193,256,1.37,58,7.3,37.4,18.2,0,3002,7.3,15,6,1,10.9,9,F,no,sedentario
PAC007272,21,69.9,158,28.0,78,88,147,77,70,92,5.4,190,62,81,149,0.66,118,0.1,9.0,14.4,8,15603,9.1,0,6,5,2.5,3,F,no,sedentario
PAC007273,29,74.6,162,28.4,79,78,109,77,70,86,5.9,150,42,130,93,0.91,119,0.6,45.5,15.3,4,10937,7.9,9,0,5,7.1,3,M,si,sedentario
PAC007274,33,55.7,166,20.2,84,94,134,83,66,63,5.1,215,60,91,155,0.97,81,1.8,21.5,10.7,8,8036,8.2,17,21,3,6.6,6,F,si,ligero
PAC007275,77,75.8,204,18.2,98,116,156,86,79,133,7.4,238,48,171,248,1.06,85,6.9,50.7,15.1,0,500,9.8,0,10,0,11.0,10,F,si,sedentario
PAC007276,22,67.4,150,30.0,64,81,128,61,90,92,5.1,156,41,80,78,1.22,85,3.5,15.6,11.7,8,7918,8.6,29,33,1,6.1,1,F,no,ligero
PAC007277,48,41.3,173,13.8,82,101,147,83,73,81,4.7,171,72,101,199,1.07,104,0.1,23.8,13.8,9,13802,11.0,0,1,7,7.2,2,F,si,sedentario
PAC007278,24,65.4,165,24.0,87,95,114,53,59,60,4.8,161,76,134,46,0.86,85,1.5,36.1,15.1,8,9157,8.0,2,0,5,2.1,3,M,no,sedentario
PAC007279,22,69.7,157,28.3,65,85,100,67,73,85,4.0,163,50,120,171,1.02,63,5.2,23.4,11.1,6,11569,8.3,24,31,0,8.6,5,M,si,sedentario
PAC007280,85,73.1,153,31.2,105,100,162,112,84,94,5.8,227,56,120,86,0.46,97,4.4,43.1,15.1,4,7066,5.6,16,15,0,15.3,5,M,no,activo
PAC007281,65,63.2,162,24.1,130,99,173,104,91,119,6.2,183,63,138,157,0.51,76,6.7,37.5,17.4,1,929,5.4,1,5,2,12.1,10,F,si,sedentario
PAC007282,37,67.7,166,24.6,98,75,120,83,55,114,4.1,158,71,128,46,1.17,122,1.9,17.6,16.1,2,15586,9.5,16,4,5,9.6,3,F,no,activo
PAC007283,44,79.6,179,24.8,85,91,99,77,56,92,4.9,191,77,129,40,1.44,93,5.4,28.8,15.0,11,10285,7.3,22,12,6,5.0,0,M,no,ligero
PAC007284,37,49.0,161,18.9,90,90,102,70,84,95,5.1,200,48,113,91,1.11,118,3.9,5.0,13.1,7,11670,6.3,18,14,1,10.1,5,F,si,ligero
PAC007285,18,67.4,166,24.5,79,108,111,81,59,82,4.3,149,87,79,118,1.26,106,0.1,42.4,15.9,3,13598,6.8,0,0,2,5.0,1,F,no,ligero
PAC007286,35,88.4,149,39.8,130,92,142,98,88,122,7.0,216,53,149,40,0.46,96,4.5,37.4,15.4,0,1436,5.6,6,1,2,13.9,5,F,si,sedentario
PAC007287,37,97.8,205,23.3,127,110,144,77,67,130,7.1,280,40,183,214,1.0,84,6.4,42.4,13.6,1,500,10.6,7,0,1,13.4,6,F,no,ligero
PAC007288,88,77.5,202,19.0,97,99,163,82,83,156,7.5,266,33,184,274,1.18,76,7.2,44.8,15.5,0,7276,9.8,19,2,0,9.8,7,F,si,ligero
PAC007289,18,50.8,159,20.1,87,95,107,91,71,105,5.3,173,37,182,98,1.02,85,4.4,21.6,12.0,7,5559,7.4,15,36,2,9.1,9,F,no,ligero
PAC007290,26,54.6,153,23.3,64,108,104,69,56,120,5.7,146,88,113,158,1.28,130,4.9,25.6,16.2,13,11214,7.0,1,13,6,3.1,3,F,no,ligero
PAC007291,45,81.0,160,31.6,83,105,119,77,89,111,5.5,158,57,95,140,0.8,121,3.5,27.5,10.3,2,8417,6.4,7,1,3,11.7,4,M,no,ligero
PAC007292,58,88.9,205,21.2,99,99,126,82,67,143,7.5,252,42,165,289,1.09,81,4.4,51.2,14.3,0,500,10.2,13,6,0,6.5,4,M,si,ligero
PAC007293,42,40.0,176,12.9,91,106,120,60,87,75,5.3,212,78,124,43,0.86,80,0.1,37.6,13.7,6,13635,9.6,0,0,3,3.2,2,F,no,ligero
PAC007294,34,65.8,179,20.5,93,104,124,77,53,90,5.2,190,47,71,41,1.22,110,0.1,53.7,14.8,5,10408,5.5,13,4,7,4.5,4,M,no,sedentario
PAC007295,18,95.0,171,32.5,101,108,90,56,74,110,5.8,144,74,122,98,0.97,90,3.0,32.9,13.3,6,11854,8.9,18,22,3,10.4,6,F,no,sedentario
PAC007296,67,48.6,150,21.6,117,89,132,86,78,122,4.6,203,51,126,169,0.58,55,3.1,32.1,16.4,0,2295,4.2,5,1,0,11.4,4,F,si,sedentario
PAC007297,73,82.9,140,42.3,95,100,147,115,81,60,5.9,186,26,131,118,0.87,65,6.2,33.4,15.7,4,4628,6.1,0,6,4,10.7,8,M,no,sedentario
PAC007298,32,76.7,163,28.9,80,96,106,74,57,117,4.3,134,54,112,40,1.12,76,0.1,42.9,15.2,10,13311,8.2,1,0,4,7.3,1,M,no,ligero
PAC007299,22,65.7,163,24.7,76,106,145,73,68,127,5.8,115,59,79,79,1.04,90,3.4,30.3,13.9,9,10869,8.9,7,0,5,6.1,4,M,si,ligero
PAC007300,38,75.2,164,28.0,92,102,111,73,78,99,5.7,181,53,78,40,0.9,107,3.0,24.7,12.3,5,9484,8.1,26,24,2,8.0,4,M,no,sedentario
PAC007301,82,112.4,142,55.7,98,108,137,108,75,113,5.2,234,44,140,139,0.4,62,3.1,50.2,13.6,0,5183,6.0,2,5,0,14.7,5,M,si,sedentario
PAC007302,82,82.6,157,33.5,100,111,162,99,90,112,5.3,183,64,168,157,0.61,66,3.3,51.9,18.8,5,6074,4.1,5,6,0,14.5,9,F,si,activo
PAC007303,20,82.9,167,29.7,60,96,109,74,55,91,4.7,174,68,95,121,0.85,119,0.9,41.4,15.4,9,12284,8.4,9,6,7,6.3,5,F,no,activo
PAC007304,50,78.3,194,20.8,124,104,137,88,74,125,7.9,237,52,211,307,1.07,72,5.6,35.4,15.7,0,6850,9.7,20,9,1,10.3,8,F,no,sedentario
PAC007305,50,91.2,147,42.2,120,97,152,91,84,100,6.2,228,54,154,176,0.58,62,2.8,34.0,16.0,2,8526,7.2,1,6,1,14.3,7,F,si,ligero
PAC007306,32,75.4,167,27.0,79,87,108,61,64,70,4.6,206,86,123,91,0.98,105,1.4,22.5,13.8,4,6285,8.7,21,20,2,8.2,7,M,si,ligero
PAC007307,18,76.8,155,32.0,73,109,103,80,74,99,4.7,227,81,61,136,0.91,130,0.1,24.2,13.5,6,13324,10.2,9,11,2,2.8,1,M,si,ligero
PAC007308,18,68.5,159,27.1,75,102,111,73,67,83,4.2,159,48,116,172,1.07,105,0.1,40.6,16.3,2,9663,8.5,9,0,8,7.0,3,F,no,activo
PAC007309,18,66.7,177,21.3,83,87,143,69,55,76,4.8,270,61,113,120,1.24,118,0.1,52.5,13.0,9,18149,7.9,5,0,8,3.7,1,F,no,ligero
PAC007310,45,88.4,164,32.9,86,103,116,61,51,60,5.0,182,79,102,63,1.22,124,0.1,33.4,13.7,6,13251,9.2,12,3,7,7.3,3,F,si,ligero
PAC007311,43,67.7,150,30.1,107,91,138,83,79,107,5.4,228,45,121,40,0.73,108,1.1,11.6,11.6,9,6609,6.1,18,19,3,8.6,8,F,no,sedentario
PAC007312,81,102.6,188,29.0,104,91,152,89,80,166,6.5,259,25,167,244,0.9,85,4.6,47.1,16.8,0,515,9.4,5,5,1,10.1,8,M,si,activo
PAC007313,28,52.1,159,20.6,90,84,151,61,73,89,6.1,221,64,159,94,0.8,130,0.1,41.9,10.3,9,8677,8.6,26,23,0,4.9,2,M,si,sedentario
PAC007314,69,79.2,175,25.9,106,118,133,82,88,152,6.5,221,26,198,219,1.22,71,8.5,52.1,13.8,0,8650,9.7,0,1,3,6.3,10,F,no,sedentario
PAC007315,55,88.6,199,22.4,132,99,145,72,88,140,7.4,279,33,154,258,1.13,95,10.4,23.1,14.9,0,1323,9.3,19,13,0,7.5,4,F,si,ligero
PAC007316,34,67.7,149,30.5,68,103,115,80,68,92,6.1,244,41,93,86,0.96,109,6.9,30.9,12.2,10,5331,9.0,26,21,0,11.1,10,M,si,ligero
PAC007317,18,56.1,163,21.1,93,105,126,84,70,78,4.8,200,59,116,124,1.14,106,1.4,20.7,15.5,9,11749,4.6,5,7,7,3.8,0,F,no,ligero
PAC007318,77,59.0,169,20.7,79,96,115,77,45,88,4.7,170,52,126,91,1.11,130,0.1,37.2,16.4,6,15727,8.9,13,5,7,9.3,3,F,si,ligero
PAC007319,72,74.2,153,31.7,95,85,188,93,75,106,5.9,250,50,135,141,0.63,73,4.3,32.1,14.4,2,4498,7.4,12,13,1,10.2,6,F,si,sedentario
PAC007320,21,95.0,150,42.2,96,100,111,64,90,104,4.5,153,68,79,137,0.99,77,0.1,11.3,11.9,3,10984,8.3,15,26,1,10.5,8,F,si,activo
PAC007321,28,73.6,157,29.9,71,85,136,67,58,84,5.3,221,72,117,171,1.1,92,0.1,34.5,15.0,7,13831,8.7,0,0,8,8.0,2,F,no,ligero
PAC007322,54,63.8,151,28.0,80,98,135,81,72,74,5.6,228,41,87,111,0.83,81,2.2,42.6,12.7,3,10031,6.9,11,23,2,9.7,8,M,no,ligero
PAC007323,18,40.0,157,16.2,88,112,119,72,56,88,4.3,204,83,82,140,1.05,94,0.1,27.8,14.7,9,15615,4.9,2,1,5,3.4,7,F,si,sedentario
PAC007324,46,103.6,197,26.7,131,90,172,83,70,157,7.8,237,54,132,239,1.29,56,5.4,50.7,15.0,0,4420,9.9,20,9,3,8.5,10,M,no,sedentario
PAC007325,44,58.4,163,22.0,96,105,121,65,64,67,4.8,146,54,79,140,1.42,98,0.1,38.6,16.2,7,12945,7.4,0,6,4,7.0,0,F,no,activo
PAC007326,51,107.1,155,44.6,103,100,156,95,73,97,4.8,211,35,150,140,0.4,68,4.9,46.5,18.0,0,9188,5.5,8,2,2,15.5,6,F,si,sedentario
PAC007327,69,81.1,151,35.6,111,118,161,108,94,107,4.4,231,49,110,137,0.69,77,4.7,48.2,15.5,2,3549,7.5,10,0,0,11.7,8,F,si,activo
PAC007328,18,47.7,156,19.6,65,94,120,61,53,87,6.5,172,79,127,69,0.9,84,1.5,25.8,15.4,7,14028,8.0,0,0,6,8.6,3,M,si,sedentario
PAC007329,41,54.3,165,19.9,87,85,110,68,73,88,4.1,143,64,96,81,1.1,59,3.4,10.7,10.8,4,12539,7.5,23,32,1,13.5,6,F,si,ligero
PAC007330,39,82.0,162,31.2,80,104,115,71,58,76,6.3,212,54,52,68,1.23,81,1.4,48.2,16.6,8,16896,8.2,6,1,7,3.8,1,F,no,activo
PAC007331,18,81.1,160,31.7,60,91,110,55,85,93,4.6,193,53,46,40,0.86,104,4.0,20.0,10.4,11,10391,7.8,17,25,1,5.7,5,M,no,ligero
PAC007332,51,78.6,165,28.9,60,79,102,68,74,102,5.4,267,70,86,40,0.78,101,0.5,33.0,14.0,7,17513,8.6,0,0,6,3.4,3,M,no,sedentario
PAC007333,65,78.9,155,32.8,80,93,142,107,76,112,4.8,259,63,148,268,0.4,28,5.6,36.7,17.8,2,1283,5.7,2,16,3,10.5,3,M,no,sedentario
PAC007334,50,65.8,166,23.9,72,105,147,92,55,76,5.4,166,60,105,40,0.94,110,1.9,33.1,15.6,10,17014,8.5,2,13,4,6.4,0,M,si,activo
PAC007335,29,67.9,171,23.2,81,87,143,81,73,83,5.5,177,64,40,138,0.66,79,0.1,14.7,9.3,4,8641,7.4,13,26,1,9.9,8,M,no,ligero
PAC007336,18,65.1,161,25.1,78,107,94,65,52,62,5.3,164,69,122,145,1.18,111,0.1,22.1,13.7,7,15844,8.6,5,12,4,2.6,4,M,no,activo
PAC007337,33,95.9,205,22.8,111,105,135,82,81,122,7.3,312,33,147,324,1.17,70,4.6,23.5,17.2,0,7700,8.6,9,9,4,9.9,5,M,si,sedentario
PAC007338,23,56.3,161,21.7,93,100,136,92,93,87,4.9,195,58,141,118,0.95,104,2.3,31.4,12.2,4,13227,6.9,26,12,1,5.6,7,F,no,sedentario
PAC007339,42,60.1,178,19.0,97,103,106,65,60,90,5.4,159,71,121,75,1.18,105,1.8,33.4,11.7,10,13628,7.7,0,1,3,8.2,2,F,no,ligero
PAC007340,82,72.6,140,37.0,95,94,150,98,73,90,4.9,268,53,121,158,0.4,78,7.7,26.1,16.0,0,1375,8.3,14,0,3,12.2,8,M,si,sedentario
PAC007341,89,95.4,144,46.0,96,84,160,93,66,100,5.6,240,50,122,128,0.69,76,6.7,33.7,17.3,0,3810,5.3,12,9,3,14.6,9,M,si,sedentario
PAC007342,41,76.6,155,31.9,89,111,126,85,80,81,6.9,166,60,146,96,1.18,119,5.8,17.7,12.0,9,7200,8.6,21,24,0,9.3,10,F,no,ligero
PAC007343,67,100.0,150,44.4,113,96,161,95,83,97,6.1,183,55,142,124,0.53,69,7.4,28.7,17.2,0,5613,9.5,12,4,3,12.0,5,F,si,activo
PAC007344,72,80.2,142,39.8,86,86,158,85,79,108,4.5,228,56,138,258,0.54,75,2.9,41.0,16.8,0,500,7.2,20,4,3,13.9,6,F,no,ligero
PAC007345,23,75.9,160,29.6,86,83,123,82,81,102,6.2,194,64,72,112,1.23,123,7.0,29.1,13.0,7,4753,7.0,21,34,3,9.5,10,M,si,ligero
PAC007346,48,72.4,140,36.9,104,103,154,113,67,105,7.4,265,51,102,145,0.66,68,5.9,35.7,18.0,1,2805,6.7,16,10,6,13.9,7,M,si,activo
PAC007347,82,64.7,186,18.7,125,113,164,88,85,123,7.4,264,48,126,384,1.14,108,7.5,23.5,14.7,3,2602,8.9,16,0,4,10.5,7,F,si,sedentario
PAC007348,51,103.8,205,24.7,119,111,138,77,91,114,6.9,215,46,171,214,1.29,91,8.2,33.2,16.9,2,3998,7.7,0,0,0,14.3,5,F,si,sedentario
PAC007349,64,73.6,194,19.6,111,88,128,92,83,120,6.9,258,27,129,239,1.13,64,6.8,47.6,14.3,1,3636,8.4,10,0,0,11.1,9,F,si,sedentario
PAC007350,18,71.6,154,30.2,88,98,120,66,74,100,4.8,235,61,98,99,0.89,105,0.7,33.1,13.3,7,11478,8.5,0,0,5,4.4,1,M,si,ligero
PAC007351,65,103.9,140,53.0,98,85,166,94,79,84,5.8,214,57,211,122,0.44,78,5.9,41.7,16.4,0,1045,6.6,6,8,3,11.3,8,M,no,ligero
PAC007352,80,80.4,150,35.7,77,94,159,93,86,75,4.0,254,75,119,72,0.71,77,1.8,21.6,15.5,0,3649,5.4,4,18,0,11.4,5,F,no,ligero
PAC007353,74,88.7,195,23.3,118,85,134,93,77,145,6.2,253,48,148,247,1.33,89,6.5,42.9,13.8,0,4885,8.7,1,7,2,14.3,5,M,no,sedentario
PAC007354,79,103.3,205,24.6,134,102,135,85,80,146,8.5,224,60,162,236,1.4,82,2.1,34.8,15.7,0,3069,8.3,13,0,1,9.1,7,M,si,sedentario
PAC007355,18,57.3,165,21.0,87,86,132,82,85,75,4.9,197,87,116,153,0.91,109,3.0,5.0,10.4,4,5829,9.5,23,20,3,15.2,9,M,no,sedentario
PAC007356,18,70.1,172,23.7,90,101,90,76,67,93,5.6,139,52,61,60,1.04,117,2.9,33.1,14.4,4,13075,6.5,0,0,5,5.8,6,M,no,sedentario
PAC007357,18,58.4,171,20.0,78,80,129,74,81,100,5.0,219,43,97,108,0.99,116,5.6,5.2,12.5,7,14899,6.2,15,30,3,11.8,8,F,no,sedentario
PAC007358,65,65.9,164,24.5,87,92,117,85,96,87,6.5,161,59,105,149,1.06,99,3.6,26.1,11.1,8,6534,6.8,17,18,0,5.3,5,M,no,ligero
PAC007359,18,65.6,152,28.4,85,98,123,74,88,107,5.1,134,62,106,109,0.78,85,0.1,31.2,10.2,6,11832,8.9,21,25,3,9.7,2,F,no,sedentario
PAC007360,63,80.7,147,37.3,89,101,152,97,84,104,5.0,247,49,190,173,0.45,80,4.7,35.1,17.1,0,6559,5.9,2,4,2,12.9,4,F,si,sedentario
PAC007361,70,94.1,186,27.2,115,95,146,92,90,132,8.4,202,40,128,288,1.36,53,10.0,31.9,16.2,1,744,9.8,6,9,1,15.8,8,F,si,sedentario
PAC007362,53,60.7,177,19.4,92,103,127,80,59,111,5.4,163,57,123,89,1.4,123,1.2,32.2,13.7,8,15442,7.7,0,3,4,6.7,0,M,no,ligero
PAC007363,61,89.4,196,23.3,111,105,133,82,83,98,7.2,263,32,157,391,0.54,79,7.9,27.4,13.5,0,4542,8.8,24,3,0,10.8,7,M,no,ligero
PAC007364,23,85.1,163,32.0,94,75,113,68,79,93,5.5,221,57,143,59,0.92,92,2.9,14.3,11.5,3,7816,8.7,27,6,1,4.3,4,F,no,activo
PAC007365,18,50.1,166,18.2,68,88,111,72,66,93,4.5,213,73,75,105,1.14,95,0.1,35.6,11.7,7,12034,8.4,0,0,7,8.5,1,M,si,activo
PAC007366,44,80.1,178,25.3,129,107,127,77,105,134,6.9,236,49,145,296,1.02,61,4.9,35.1,15.9,0,2354,7.4,5,14,1,9.6,9,M,si,ligero
PAC007367,32,69.8,156,28.7,70,79,104,80,60,90,5.1,167,70,87,244,0.97,63,0.3,38.0,16.4,8,7860,10.3,0,6,6,8.1,3,M,si,activo
PAC007368,53,70.0,140,35.7,105,109,180,95,71,111,6.1,184,46,204,183,0.58,20,4.3,33.3,14.6,3,987,8.1,3,11,5,12.4,4,F,no,sedentario
PAC007369,79,68.0,204,16.3,95,110,135,94,77,161,7.9,240,48,181,190,1.15,75,10.1,54.7,16.9,0,500,7.7,23,0,0,9.3,6,M,no,sedentario
PAC007370,65,65.6,154,27.7,99,89,147,103,64,98,5.1,204,45,176,259,0.68,63,4.6,39.7,16.0,1,3918,5.4,7,9,3,11.5,5,F,no,sedentario
PAC007371,60,86.0,140,43.9,97,88,169,92,69,84,5.9,250,60,118,295,0.88,50,0.1,26.5,14.9,4,3114,5.7,11,9,3,13.2,8,F,si,ligero
PAC007372,18,57.6,170,19.9,90,99,127,78,57,88,6.2,198,54,79,81,1.25,130,1.5,32.5,16.0,8,11685,7.8,0,5,6,5.2,7,F,no,ligero
PAC007373,90,101.6,155,42.3,116,97,136,96,65,123,5.9,234,59,155,248,0.62,60,5.8,40.4,15.8,0,4501,6.3,9,1,1,8.7,7,F,no,sedentario
PAC007374,29,49.2,152,21.3,111,87,115,83,72,123,5.1,140,73,91,40,0.9,98,1.0,16.3,11.8,4,11366,8.7,6,29,2,9.3,6,F,no,sedentario
PAC007375,32,52.8,171,18.1,66,105,116,78,67,76,6.2,137,62,114,211,0.98,76,1.8,32.5,13.2,7,14509,9.0,0,3,6,7.3,0,F,no,ligero
PAC007376,61,79.8,140,40.7,122,92,173,113,77,120,7.0,246,50,194,179,0.7,73,3.7,27.5,14.1,5,1462,5.6,8,7,5,14.6,9,M,no,sedentario
PAC007377,71,101.6,194,27.0,97,102,130,73,64,125,7.0,283,29,162,292,1.14,90,8.7,20.0,13.9,4,4049,6.3,22,6,1,13.4,9,F,si,sedentario
PAC007378,74,109.1,149,49.1,112,92,166,100,78,100,5.7,217,29,167,137,0.71,71,0.1,36.8,16.4,0,3901,7.1,13,7,1,6.8,6,F,no,sedentario
PAC007379,86,82.6,189,23.1,120,129,157,65,84,148,6.8,249,40,151,275,0.91,61,4.8,24.5,16.6,0,3314,10.5,15,0,0,7.5,10,M,si,ligero
PAC007380,18,58.3,154,24.6,100,98,95,68,73,84,5.7,157,47,77,40,0.54,103,1.3,17.5,12.6,2,10966,7.9,19,16,3,7.3,7,F,no,activo
PAC007381,62,111.5,200,27.9,118,108,147,84,80,134,7.8,195,27,215,284,1.03,66,6.0,43.5,13.3,0,500,8.8,13,5,0,10.1,6,M,no,sedentario
PAC007382,29,57.0,166,20.7,91,115,126,70,68,87,4.6,159,73,112,123,1.09,121,2.8,43.7,14.5,9,10975,9.8,4,1,6,3.0,3,F,no,activo
PAC007383,18,79.5,153,34.0,101,96,124,77,96,63,5.2,115,55,104,119,1.4,88,5.9,30.8,12.9,7,11152,7.7,12,22,1,12.1,8,M,no,sedentario
PAC007384,55,82.1,185,24.0,110,102,149,86,75,119,6.4,280,25,131,183,1.27,86,9.0,41.0,16.4,4,1017,8.9,29,0,0,11.0,8,M,si,sedentario
PAC007385,21,61.7,142,30.6,74,94,139,96,55,68,5.8,157,70,128,142,1.25,114,1.7,28.2,13.3,13,15589,10.1,0,0,6,6.8,0,M,no,sedentario
PAC007386,86,106.9,178,33.7,106,103,134,95,73,140,8.2,249,43,170,322,1.28,100,6.5,36.8,11.6,0,3425,8.1,16,0,2,11.0,9,M,si,sedentario
PAC007387,68,103.0,189,28.8,104,113,114,86,88,127,7.7,191,28,129,342,1.23,85,7.5,38.6,18.9,0,8864,8.7,12,0,2,8.5,9,M,si,ligero
PAC007388,18,41.5,166,15.1,104,92,97,76,78,87,5.8,175,57,179,40,1.29,116,0.8,21.0,15.5,7,11900,8.0,4,4,4,4.9,0,F,no,ligero
PAC007389,41,56.5,151,24.8,96,121,104,62,62,93,6.1,149,50,109,40,1.01,113,0.1,29.7,14.0,9,13243,8.7,3,0,6,8.3,3,F,no,sedentario
PAC007390,33,42.3,172,14.3,76,100,130,66,60,100,4.6,235,54,137,121,1.04,97,0.1,44.6,15.5,10,13284,9.1,5,0,8,3.1,3,M,no,ligero
PAC007391,52,109.1,187,31.2,100,106,128,84,85,94,6.1,225,43,148,268,1.35,59,5.9,47.0,14.2,2,500,7.7,18,4,3,11.5,9,M,si,sedentario
PAC007392,34,67.1,177,21.4,117,86,126,96,71,146,7.2,204,49,150,189,1.44,99,10.2,30.1,16.2,0,500,9.7,13,3,1,9.6,10,F,si,sedentario
PAC007393,18,65.6,159,25.9,69,96,116,68,51,67,4.9,208,98,108,91,1.15,96,1.1,42.2,17.2,7,9081,8.8,4,0,5,5.4,3,F,si,activo
PAC007394,87,86.1,162,32.8,94,98,169,96,90,89,7.0,249,64,130,171,0.55,85,4.5,34.1,14.5,1,589,8.2,12,0,6,9.6,7,F,no,ligero
PAC007395,79,76.7,145,36.5,126,100,164,103,83,81,7.3,230,44,182,132,0.68,76,5.4,35.9,14.3,4,1958,6.4,7,13,5,14.0,8,M,si,ligero
PAC007396,89,104.3,140,53.2,93,98,171,105,81,115,5.2,224,39,123,92,0.67,88,4.4,32.7,14.7,0,500,3.7,5,10,2,15.8,10,F,no,ligero
PAC007397,28,92.1,204,22.1,99,103,170,100,91,142,7.5,265,29,171,361,1.29,85,7.4,21.3,15.6,0,6344,9.0,18,0,0,7.0,5,F,no,sedentario
PAC007398,66,113.2,148,51.7,93,91,144,91,73,121,6.4,219,27,126,196,0.46,79,10.2,33.9,14.3,4,3836,6.4,0,0,5,7.7,7,M,si,sedentario
PAC007399,63,45.8,155,19.1,99,108,135,112,80,92,5.2,252,36,145,266,0.61,81,1.1,23.6,16.4,4,1177,6.7,7,13,2,13.2,6,M,no,ligero
PAC007400,39,74.5,160,29.1,70,96,116,63,52,95,5.0,166,83,122,141,1.25,116,0.1,34.2,14.2,9,11768,8.9,11,0,3,6.1,1,M,no,sedentario
PAC007401,35,57.1,153,24.4,72,80,120,75,61,98,4.6,206,51,120,177,0.89,87,0.1,39.6,17.6,10,12054,8.4,3,1,5,6.1,1,F,si,sedentario
PAC007402,76,95.4,156,39.2,88,97,163,91,64,125,6.5,193,62,113,161,0.55,71,3.7,27.6,15.6,2,2900,4.4,19,0,4,17.7,7,M,no,sedentario
PAC007403,24,76.6,173,25.6,108,93,116,72,69,98,4.0,183,77,103,107,1.02,119,3.5,37.3,16.1,7,12784,8.1,12,0,5,6.3,6,F,si,activo
PAC007404,22,68.3,164,25.4,84,98,90,77,63,73,4.9,203,60,131,80,1.21,100,0.6,26.1,15.9,11,12547,8.4,0,5,6,5.5,4,M,no,ligero
PAC007405,33,80.4,163,30.3,60,96,129,77,59,92,5.4,236,66,101,40,0.94,117,0.1,56.9,16.2,7,11455,7.8,0,0,6,4.7,1,M,no,ligero
PAC007406,18,59.6,172,20.1,60,102,128,62,67,82,5.6,179,57,127,129,0.98,113,4.5,18.4,12.9,4,7650,9.2,7,24,1,5.7,8,M,no,activo
PAC007407,18,41.3,172,14.0,94,89,126,75,63,96,4.4,238,62,91,84,1.15,111,2.8,32.4,13.1,9,13822,8.3,7,0,3,8.1,5,M,no,sedentario
PAC007408,63,77.8,140,39.7,103,98,139,115,62,105,4.9,192,25,207,201,0.4,69,5.2,39.0,15.8,0,3222,6.8,8,5,5,13.7,10,M,no,ligero
PAC007409,75,109.9,192,29.8,112,113,128,87,82,89,6.6,216,42,152,218,1.05,80,4.2,24.5,13.3,3,5854,8.9,0,8,3,9.1,8,F,si,ligero
PAC007410,68,83.9,142,41.6,110,75,164,105,86,118,6.2,222,33,129,99,0.4,72,3.0,33.3,16.5,3,5511,4.8,11,7,7,13.5,6,M,no,ligero
PAC007411,66,64.6,144,31.2,92,110,174,107,68,88,4.8,227,25,112,141,0.49,46,2.6,25.2,15.4,5,6403,6.5,14,12,2,11.3,7,M,no,sedentario
PAC007412,73,78.8,150,35.0,111,95,154,83,77,104,5.5,254,52,131,147,0.53,84,8.0,27.4,17.9,2,767,5.5,2,8,0,10.4,5,F,no,sedentario
PAC007413,60,105.0,191,28.8,108,126,151,91,81,139,6.3,308,37,180,392,1.42,75,6.4,25.4,13.7,0,1423,7.2,13,9,2,10.8,8,M,si,sedentario
PAC007414,71,71.6,153,30.6,90,112,164,97,59,117,6.9,208,46,129,183,0.5,71,6.4,45.8,15.7,3,5617,6.0,2,0,5,14.9,6,F,si,sedentario
PAC007415,42,78.3,151,34.3,90,99,108,62,63,68,4.0,138,64,115,50,1.02,83,2.2,29.2,13.6,9,14382,8.1,0,5,5,6.0,1,F,si,sedentario
PAC007416,30,71.8,140,36.6,78,85,108,80,91,94,4.7,152,56,101,138,1.03,107,2.5,34.6,13.3,1,9811,8.2,25,27,1,10.8,6,F,no,sedentario
PAC007417,44,83.6,140,42.7,93,101,141,96,85,94,6.0,174,36,102,195,0.46,84,3.1,41.0,17.8,2,1469,4.3,13,2,0,12.3,6,F,si,activo
PAC007418,78,80.3,147,37.2,118,107,156,87,74,122,4.5,224,52,156,240,0.65,78,6.6,37.0,15.7,0,2119,6.3,7,5,2,7.6,4,F,si,sedentario
PAC007419,56,93.5,195,24.6,122,102,137,98,84,147,6.1,266,56,186,388,0.92,83,7.7,32.9,14.6,0,4200,7.5,0,12,3,13.3,7,M,si,sedentario
PAC007420,18,63.3,158,25.4,95,75,141,70,69,82,4.7,177,67,119,204,0.76,100,5.3,31.1,12.4,3,6775,7.6,19,24,3,8.5,6,F,no,sedentario
PAC007421,44,66.5,171,22.7,90,91,101,81,76,81,6.0,217,47,121,40,1.07,95,1.0,22.5,15.1,10,13143,8.4,13,6,5,10.2,1,M,si,sedentario
PAC007422,32,76.2,167,27.3,68,108,112,65,60,78,5.4,206,62,92,52,1.05,92,1.3,24.9,14.3,11,15440,8.3,4,6,6,6.2,1,F,no,ligero
PAC007423,40,57.3,164,21.3,96,118,115,66,46,72,4.3,202,33,116,135,1.28,115,0.1,31.0,17.2,11,12134,7.6,0,1,6,2.0,2,F,no,activo
PAC007424,18,56.3,170,19.5,79,104,118,70,74,73,5.9,186,72,131,64,1.15,87,0.1,38.4,16.3,6,15976,7.7,11,0,5,7.4,2,F,no,activo
PAC007425,27,82.1,178,25.9,73,108,127,66,77,96,5.0,185,64,93,74,1.16,130,0.1,35.5,15.0,7,10304,6.9,0,1,8,6.1,0,F,si,sedentario
PAC007426,68,91.0,188,25.7,117,108,145,102,77,120,7.3,180,25,190,167,1.42,96,4.0,21.9,14.5,0,2422,9.8,12,11,1,13.7,9,F,no,sedentario
PAC007427,32,62.9,155,26.2,67,95,113,73,45,86,5.3,201,73,79,208,1.0,97,1.8,41.7,13.1,4,14697,8.7,2,1,5,2.0,1,F,no,activo
PAC007428,26,64.3,162,24.5,68,110,115,76,66,84,4.3,129,77,81,124,1.25,114,0.1,25.4,15.7,2,9105,8.9,5,2,2,9.1,2,M,no,sedentario
PAC007429,53,97.3,140,49.6,142,96,155,96,75,99,5.5,244,60,183,96,0.4,86,8.0,23.1,14.5,1,4365,7.0,12,0,2,10.9,7,M,si,ligero
PAC007430,86,81.6,197,21.0,105,111,139,89,78,149,8.2,190,36,165,260,1.17,80,8.6,53.0,15.1,3,500,9.0,12,13,1,16.0,10,M,si,ligero
PAC007431,23,84.7,150,37.6,71,103,114,85,45,76,5.0,174,57,76,40,1.16,78,0.1,40.5,13.4,10,12793,8.3,0,7,5,10.3,3,M,no,sedentario
PAC007432,66,81.0,141,40.7,124,105,190,102,75,108,5.9,255,33,167,79,0.4,78,4.9,40.9,14.7,0,2639,6.6,7,7,2,13.4,6,M,si,ligero
PAC007433,18,44.3,176,14.3,79,99,128,86,83,83,5.2,178,81,132,47,0.81,72,7.5,33.9,9.3,8,8262,8.7,22,37,3,12.5,8,M,si,ligero
PAC007434,55,87.4,182,26.4,117,112,157,85,76,109,7.1,232,37,194,253,1.28,108,6.5,48.4,13.4,0,4240,7.8,17,8,1,9.9,7,M,si,sedentario
PAC007435,28,61.0,167,21.9,75,92,115,84,74,88,5.6,212,47,154,106,0.97,87,3.6,34.0,16.1,7,13361,7.1,11,17,4,5.0,4,M,no,sedentario
PAC007436,59,89.0,144,42.9,109,84,147,103,69,73,5.8,214,42,118,99,0.7,48,6.3,17.9,18.5,1,5605,6.7,10,0,5,13.1,8,F,no,activo
PAC007437,38,81.6,152,35.3,70,97,144,76,85,104,4.6,195,48,40,154,0.88,94,5.8,25.0,11.0,6,7615,9.6,12,21,2,8.7,1,F,no,sedentario
PAC007438,25,62.6,171,21.4,82,98,140,78,55,84,5.2,132,83,142,96,1.18,116,0.1,34.7,13.5,8,10674,7.3,4,14,7,6.1,1,F,no,activo
PAC007439,37,57.6,179,18.0,104,95,117,60,53,65,5.7,204,63,52,170,1.03,125,0.1,44.9,17.9,5,14618,7.9,3,1,3,8.0,0,M,no,ligero
PAC007440,83,75.9,140,38.7,107,107,156,93,94,95,6.1,259,53,90,117,0.81,79,3.8,39.4,16.9,1,3478,7.5,13,10,5,18.8,8,F,no,sedentario
PAC007441,70,103.2,145,49.1,88,95,163,91,77,112,6.4,281,76,186,236,0.4,86,5.9,36.4,16.0,0,5189,6.7,0,23,0,9.1,5,M,no,sedentario
PAC007442,66,73.2,140,37.3,113,100,135,100,73,82,6.2,229,38,95,170,0.69,91,2.9,31.4,17.1,9,4435,4.5,11,8,2,14.4,7,F,no,sedentario
PAC007443,90,84.5,151,37.1,95,96,184,96,69,101,5.9,246,49,127,158,0.44,87,7.7,31.0,17.9,0,3813,5.5,7,1,3,10.8,5,M,si,sedentario
PAC007444,43,89.0,161,34.3,93,103,93,78,47,102,4.0,179,69,134,97,1.1,95,4.3,38.4,15.2,9,8759,6.9,9,0,6,2.9,2,F,si,activo
PAC007445,34,54.0,156,22.2,75,84,114,61,93,88,6.2,220,77,115,63,1.3,105,1.7,37.9,13.3,2,9373,9.1,15,29,3,14.5,7,F,no,ligero
PAC007446,47,46.5,171,15.9,78,94,122,76,49,80,5.3,183,81,83,136,0.86,111,0.1,45.8,17.4,8,14131,8.5,1,4,7,4.9,6,F,no,activo
PAC007447,21,87.2,167,31.3,60,91,124,57,67,98,5.7,151,60,88,40,0.88,124,0.7,29.4,16.7,11,13762,9.4,0,0,4,7.6,1,F,no,ligero
PAC007448,63,89.4,144,43.1,117,82,136,93,83,134,6.5,260,55,170,120,0.48,61,3.6,38.0,16.9,2,9803,5.4,10,15,1,14.6,7,F,si,sedentario
PAC007449,32,50.7,158,20.3,78,98,122,83,60,105,6.2,161,52,117,104,1.06,112,1.6,27.2,16.9,4,12620,8.5,4,1,6,2.8,4,M,no,sedentario
PAC007450,66,83.6,202,20.5,119,89,147,76,66,105,7.0,193,33,154,295,1.14,76,7.1,27.7,13.4,1,4092,9.3,19,11,1,14.0,8,F,no,activo
PAC007451,78,97.2,145,46.2,92,77,155,117,78,103,6.5,211,58,207,186,0.79,92,4.5,26.1,16.5,3,500,5.4,9,2,0,12.9,7,M,no,ligero
PAC007452,59,101.1,194,26.9,130,127,136,92,77,152,9.1,219,42,159,120,1.04,72,3.8,41.2,14.0,1,534,9.3,23,14,0,12.0,3,M,si,ligero
PAC007453,83,90.4,145,43.0,116,99,171,90,82,101,4.6,216,54,143,184,0.4,88,3.2,34.8,13.3,1,2168,5.6,0,2,1,13.9,7,F,no,sedentario
PAC007454,42,100.4,197,25.9,109,118,117,95,95,149,8.3,261,27,131,272,1.39,93,6.4,42.0,12.9,0,2852,10.6,17,15,0,7.4,10,M,no,ligero
PAC007455,50,74.4,163,28.0,68,78,121,64,73,60,5.7,153,74,97,56,1.46,109,0.1,36.0,13.4,7,14624,7.7,5,0,5,5.5,5,F,no,sedentario
PAC007456,48,89.7,167,32.2,79,95,115,71,62,109,5.9,142,71,78,56,0.97,87,0.3,31.6,13.1,15,10658,8.1,1,6,7,8.8,2,M,no,activo
PAC007457,28,82.7,140,42.2,90,104,128,80,80,77,4.8,151,51,108,109,0.89,77,1.1,6.2,12.7,6,9481,7.7,27,21,3,4.6,6,F,no,activo
PAC007458,50,62.5,174,20.6,83,75,118,53,53,60,4.9,186,68,73,143,1.39,75,0.1,27.6,16.7,10,9882,8.4,9,0,6,8.6,3,M,no,activo
PAC007459,37,60.8,154,25.6,88,106,106,81,81,62,4.9,173,47,110,119,1.12,120,4.0,29.9,8.5,4,3350,8.0,27,21,2,7.9,10,F,si,ligero
PAC007460,21,58.8,162,22.4,93,91,126,76,62,79,4.3,195,69,40,78,1.43,94,0.1,53.0,16.6,9,12569,8.5,13,0,7,4.2,6,F,no,sedentario
PAC007461,29,44.3,170,15.3,105,92,101,82,72,72,4.7,183,79,96,121,0.85,100,1.2,45.1,12.0,12,8369,7.3,3,0,7,6.6,0,F,no,activo
PAC007462,59,75.7,153,32.3,85,111,160,104,77,132,6.3,202,51,178,112,0.64,78,6.9,29.7,13.7,0,6500,6.0,3,8,3,12.1,8,F,no,sedentario
PAC007463,79,96.0,197,24.7,116,119,152,79,75,135,5.8,295,25,150,127,1.52,60,2.6,49.8,15.5,0,500,8.7,22,0,0,14.3,8,F,si,sedentario
PAC007464,75,137.3,187,39.3,125,107,119,97,80,128,6.1,237,40,157,276,0.89,62,5.5,40.9,16.0,1,6459,7.9,3,0,4,8.5,6,F,si,sedentario
PAC007465,61,83.7,140,42.7,96,99,157,94,82,104,6.2,207,63,199,259,0.61,49,6.7,27.4,13.7,0,1630,8.1,11,8,2,13.7,9,F,si,sedentario
PAC007466,51,80.0,148,36.5,93,97,154,96,64,106,6.5,211,40,117,142,0.43,52,4.2,30.4,16.1,0,4767,6.9,8,10,2,11.1,9,F,no,sedentario
PAC007467,26,74.6,151,32.7,90,128,95,69,57,84,4.2,164,68,94,88,1.16,74,2.8,26.9,16.2,7,13776,9.2,3,5,7,6.2,0,F,no,ligero
PAC007468,62,104.1,205,24.8,107,106,142,92,83,129,7.8,238,42,138,393,1.22,68,9.6,30.1,13.8,0,2339,8.4,18,7,0,9.8,8,F,no,ligero
PAC007469,60,63.3,163,23.8,117,88,164,98,85,68,6.0,223,40,157,150,0.87,44,0.3,23.0,15.9,0,6573,6.8,11,7,0,11.9,8,F,no,sedentario
PAC007470,18,68.4,160,26.7,109,83,139,77,83,71,5.0,230,54,149,76,0.82,102,4.8,25.2,16.0,5,5466,6.9,15,20,3,12.7,7,M,si,ligero
PAC007471,44,40.0,162,15.2,60,107,130,67,70,96,4.6,168,59,49,68,0.97,130,3.3,29.8,15.2,4,15013,6.8,8,0,8,5.5,1,F,no,sedentario
PAC007472,18,52.9,153,22.6,77,107,122,79,77,67,5.1,192,63,116,147,1.14,106,3.8,36.1,18.4,13,15015,7.8,0,13,7,5.1,0,M,si,sedentario
PAC007473,63,91.0,194,24.2,106,107,143,76,69,123,7.0,196,28,170,290,1.34,55,3.7,39.9,16.1,0,2036,7.8,0,7,1,4.9,6,M,no,ligero
PAC007474,74,84.6,204,20.3,128,110,122,96,67,155,7.5,214,25,195,261,1.1,76,7.5,25.0,15.1,0,3239,8.0,14,19,3,10.3,5,M,si,sedentario
PAC007475,74,91.5,154,38.6,83,90,170,108,70,123,6.9,226,48,186,140,0.57,86,5.5,34.8,16.6,3,4678,7.1,2,5,6,8.7,6,F,no,ligero
PAC007476,41,84.8,189,23.7,67,116,104,79,64,70,4.0,171,45,90,44,0.94,87,1.6,23.9,14.2,5,14918,9.1,3,0,8,2.9,2,M,no,ligero
PAC007477,30,74.8,171,25.6,84,118,117,69,45,85,4.3,187,61,125,47,0.81,107,1.3,35.2,12.8,11,11734,10.9,0,11,5,6.8,2,F,no,ligero
PAC007478,30,62.7,154,26.4,85,94,117,82,74,91,5.4,152,71,139,70,1.09,120,0.1,26.7,16.6,7,11597,8.5,11,7,7,6.0,4,M,no,activo
PAC007479,76,93.1,150,41.4,98,75,165,92,92,80,6.0,224,41,180,175,0.46,63,5.5,59.7,17.1,4,5005,6.6,16,9,2,16.3,4,M,no,sedentario
PAC007480,48,78.1,205,18.6,111,113,146,77,79,141,7.0,272,57,119,301,1.06,81,4.0,40.5,15.0,3,1876,8.8,23,6,1,10.7,5,M,no,sedentario
PAC007481,39,54.9,163,20.7,108,84,137,78,83,76,5.3,188,57,108,55,0.54,103,2.8,23.0,10.7,2,10519,7.0,15,16,1,14.7,6,F,no,activo
PAC007482,18,56.6,151,24.8,83,109,111,81,79,84,4.3,166,66,133,187,0.93,99,3.5,13.8,12.8,6,7504,7.1,19,33,3,10.7,8,F,no,sedentario
PAC007483,46,66.7,148,30.5,69,91,126,72,79,122,4.1,224,61,110,44,1.11,90,3.1,31.7,11.3,2,6543,7.9,23,19,2,9.8,7,F,si,activo
PAC007484,69,85.1,145,40.5,108,106,169,97,70,94,6.0,269,49,192,158,0.97,83,9.6,31.3,16.2,0,2496,4.5,8,0,2,12.1,10,M,si,sedentario
PAC007485,89,108.5,140,55.4,102,104,153,97,70,107,5.0,187,34,157,167,0.68,68,4.6,22.1,14.4,4,2143,4.4,3,0,2,13.0,6,F,si,activo
PAC007486,62,65.6,156,27.0,113,84,124,98,84,121,6.0,191,48,152,209,0.52,69,3.7,43.7,19.0,0,840,6.7,18,11,4,15.7,6,M,si,sedentario
PAC007487,48,97.2,146,45.6,90,97,184,101,76,114,5.6,243,50,151,184,0.53,79,7.9,27.8,17.5,0,4456,7.0,0,0,1,10.4,2,M,no,sedentario
PAC007488,72,68.4,192,18.6,135,98,150,89,69,128,6.8,223,36,115,307,1.03,64,7.7,27.5,15.3,0,8704,8.7,21,5,1,12.9,8,M,no,sedentario
PAC007489,51,69.4,200,17.4,122,88,127,81,93,119,6.9,265,40,146,242,1.14,73,8.2,36.1,13.8,3,3188,9.3,0,0,2,10.9,6,M,si,sedentario
PAC007490,37,40.0,169,14.0,101,102,109,76,58,123,5.0,167,50,122,62,1.32,106,3.0,35.2,15.7,4,14772,8.6,0,5,3,5.4,1,M,no,ligero
PAC007491,52,72.4,191,19.8,134,93,144,104,79,133,6.0,267,46,168,160,0.9,92,7.4,45.6,16.8,3,5290,9.3,7,0,0,8.1,7,M,si,ligero
PAC007492,37,70.6,156,29.0,70,94,114,74,71,60,6.1,170,64,90,126,1.02,85,4.5,26.1,12.5,9,8816,8.5,30,24,2,7.6,8,F,no,sedentario
PAC007493,90,92.1,140,47.0,120,88,167,108,90,127,4.1,242,47,151,284,0.61,51,2.0,31.6,16.0,4,2334,5.4,10,12,3,10.8,8,M,si,sedentario
PAC007494,73,64.1,194,17.0,117,100,131,91,76,140,7.4,268,56,126,267,1.22,102,4.7,42.1,16.9,0,4557,9.0,17,0,2,13.7,8,F,si,sedentario
PAC007495,42,109.6,195,28.8,108,103,132,78,96,144,7.2,316,48,167,242,1.27,26,6.0,36.9,13.7,0,2927,10.6,17,4,1,14.9,9,M,si,ligero
PAC007496,87,108.3,198,27.6,143,106,127,95,74,140,7.1,214,28,157,249,1.17,58,1.9,51.4,14.7,0,4183,10.2,8,0,3,10.2,8,M,si,sedentario
PAC007497,21,54.8,155,22.8,87,77,113,69,92,70,5.2,209,65,100,93,0.71,84,3.1,36.3,13.5,8,9182,8.6,33,24,1,13.8,6,F,si,ligero
PAC007498,43,103.6,205,24.7,114,118,140,87,80,131,7.3,272,25,139,254,1.1,62,10.3,47.7,17.0,2,5097,9.2,10,5,2,13.2,9,F,si,ligero
PAC007499,59,92.9,183,27.7,117,98,117,85,70,148,7.3,170,25,131,351,1.57,78,8.0,41.4,14.3,3,701,9.9,11,0,3,11.2,7,F,si,ligero
PAC007500,83,88.2,205,21.0,116,78,143,89,83,128,7.7,261,57,129,174,1.1,95,6.7,46.8,15.2,1,5501,6.7,4,12,3,6.8,9,F,si,sedentario
PAC007501,18,67.4,151,29.6,73,85,109,84,84,60,5.4,166,55,114,40,1.25,71,3.4,29.3,13.2,4,500,8.5,22,25,0,6.5,7,F,si,activo
PAC007502,18,72.5,147,33.6,83,90,121,74,94,68,5.2,223,47,103,123,1.03,110,1.1,17.9,12.6,9,4384,7.1,18,22,3,9.5,7,F,no,activo
PAC007503,85,99.3,152,43.0,109,114,149,105,89,116,4.9,236,32,92,165,0.83,79,4.8,28.5,16.4,0,3479,4.5,16,0,1,8.8,6,F,no,sedentario
PAC007504,27,74.5,172,25.2,78,103,136,72,73,68,5.4,170,75,90,108,1.02,102,2.2,30.2,12.5,6,10253,5.7,4,2,5,12.2,3,M,si,sedentario
PAC007505,73,109.5,183,32.7,127,103,132,82,92,148,6.5,224,25,189,237,0.83,47,10.4,46.5,15.2,0,5237,7.3,13,0,0,14.2,8,F,si,sedentario
PAC007506,81,94.6,204,22.7,119,112,137,82,84,116,8.5,208,60,159,147,1.28,58,5.2,42.2,14.2,0,2169,8.9,10,9,1,12.4,8,M,no,ligero
PAC007507,27,58.5,167,21.0,77,96,126,66,59,88,5.8,178,91,84,72,0.88,121,6.9,26.4,12.6,8,13995,9.0,7,0,2,4.4,5,F,si,ligero
PAC007508,66,70.0,155,29.1,93,94,182,100,94,119,4.8,271,44,150,163,0.61,68,2.3,39.3,16.9,1,500,5.7,15,0,2,12.7,5,F,no,sedentario
PAC007509,76,99.3,191,27.2,91,114,148,81,87,135,6.3,224,44,138,252,1.22,58,4.6,36.0,16.1,0,500,9.7,6,10,1,9.2,9,F,si,sedentario
PAC007510,43,49.2,147,22.8,85,95,134,67,66,75,5.2,149,81,114,195,0.85,107,0.2,47.8,13.1,7,9792,7.4,0,6,6,2.4,5,F,no,activo
PAC007511,71,78.0,147,36.1,98,98,174,105,79,90,6.5,224,60,139,93,0.6,93,3.2,30.0,16.6,0,3328,5.0,18,12,3,12.4,4,M,si,sedentario
PAC007512,30,51.4,166,18.7,76,95,111,78,67,83,6.3,165,87,59,107,1.11,111,0.1,36.7,14.3,13,14752,9.1,4,2,5,9.7,5,M,no,ligero
PAC007513,18,75.2,163,28.3,104,90,120,74,87,102,4.9,218,60,144,64,0.95,99,4.4,28.5,11.0,8,6978,9.9,18,40,2,4.1,8,F,no,activo
PAC007514,18,50.4,162,19.2,78,107,101,61,65,89,6.4,177,60,124,104,1.37,89,0.1,35.7,14.5,7,11624,8.6,11,6,5,3.0,0,F,no,ligero
PAC007515,89,104.4,155,43.5,100,98,157,102,66,95,5.2,224,54,164,115,0.44,76,4.7,30.4,16.8,1,3519,5.1,10,0,2,12.6,9,F,no,sedentario
PAC007516,22,66.1,172,22.3,78,101,120,76,72,116,5.7,214,72,78,40,0.68,92,2.2,30.8,14.1,10,10867,7.8,0,0,6,6.5,1,M,no,ligero
PAC007517,74,81.5,155,33.9,108,111,160,91,82,111,6.2,225,25,125,166,0.47,69,6.6,32.2,18.9,4,6184,5.0,9,0,3,18.4,6,F,no,sedentario
PAC007518,46,68.9,162,26.3,99,121,109,77,53,92,4.6,189,64,131,40,1.22,68,3.3,36.5,15.3,12,12099,9.7,0,0,8,8.4,2,F,no,ligero
PAC007519,45,59.2,144,28.5,77,85,122,79,78,81,5.2,187,63,124,167,0.98,95,0.1,27.6,10.8,5,9315,6.0,24,31,1,3.8,10,M,si,activo
PAC007520,87,78.8,202,19.3,122,107,123,80,75,143,5.6,246,33,154,251,1.22,59,6.7,37.4,12.3,0,5116,9.1,3,19,1,10.6,6,M,si,ligero
PAC007521,51,99.5,164,37.0,91,92,157,105,95,128,6.2,125,55,128,156,0.4,77,6.4,47.8,14.5,2,500,4.7,9,8,0,7.8,8,F,si,sedentario
PAC007522,63,93.0,191,25.5,122,108,153,85,76,144,7.1,199,29,160,220,1.1,56,6.6,33.8,14.2,2,3422,10.0,7,4,2,9.4,7,F,si,sedentario
PAC007523,18,49.0,160,19.1,78,75,113,61,78,95,6.6,199,38,139,55,0.79,73,4.8,14.1,10.1,1,11755,9.5,10,23,1,10.9,10,M,si,sedentario
PAC007524,69,66.6,140,34.0,116,105,137,112,94,97,5.3,238,51,153,133,0.44,98,3.8,31.1,13.2,6,3802,6.5,11,3,0,12.0,7,F,si,ligero
PAC007525,79,88.4,151,38.8,99,86,153,113,72,100,6.2,186,57,134,188,0.86,71,7.5,35.2,13.9,3,1958,6.4,4,5,6,9.1,4,F,si,sedentario
PAC007526,28,77.5,160,30.3,80,93,127,81,86,90,5.0,234,54,103,127,1.48,115,6.1,37.3,11.0,1,5869,6.2,21,21,3,8.5,10,F,si,activo
PAC007527,28,70.3,167,25.2,69,100,108,62,71,86,4.7,203,97,115,40,1.06,94,0.1,49.1,13.6,6,9080,7.2,19,4,6,7.9,4,M,si,sedentario
PAC007528,62,116.2,205,27.7,98,116,144,93,79,116,8.0,243,32,137,229,1.34,75,3.8,23.4,15.8,3,5647,9.4,17,18,0,10.7,6,F,si,ligero
PAC007529,18,80.3,180,24.8,62,105,107,80,49,81,5.1,161,67,79,88,1.31,91,4.1,41.0,16.7,9,11814,10.3,8,8,4,8.9,3,F,si,sedentario
PAC007530,18,67.3,165,24.7,87,109,128,71,74,79,5.1,196,75,101,52,1.16,124,0.1,35.2,16.2,7,10547,10.3,4,2,8,8.2,5,F,si,ligero
PAC007531,90,88.0,170,30.4,93,100,150,99,75,100,5.7,203,50,166,155,0.66,67,5.3,35.9,17.0,1,3297,7.1,18,4,4,16.0,7,M,no,ligero
PAC007532,72,85.4,155,35.5,123,100,153,91,67,87,4.9,204,39,164,106,0.63,85,8.6,27.2,17.5,0,5895,4.6,0,22,0,14.7,10,M,no,sedentario
PAC007533,52,90.2,145,42.9,105,91,130,107,80,107,6.2,204,55,174,171,0.46,63,6.3,27.0,14.0,4,3504,5.0,13,0,4,10.5,7,F,no,sedentario
PAC007534,77,104.8,190,29.0,137,96,153,75,66,122,6.2,217,40,181,181,1.3,62,5.9,46.2,14.5,1,500,7.4,8,24,2,5.6,7,M,no,sedentario
PAC007535,90,110.4,198,28.2,108,81,140,87,75,163,5.8,271,39,174,255,1.6,115,6.5,34.5,14.7,0,500,7.6,13,12,1,13.6,10,F,no,ligero
PAC007536,18,73.5,158,29.4,74,94,105,77,45,84,4.8,177,67,49,147,0.89,97,2.4,35.8,15.2,9,15147,10.6,8,5,7,2.7,1,F,si,activo
PAC007537,38,69.9,162,26.6,88,112,131,71,85,88,6.1,209,58,60,40,1.07,75,0.7,24.4,13.5,5,13393,8.6,18,38,0,10.5,4,F,si,sedentario
PAC007538,22,64.5,150,28.7,102,111,113,68,55,73,4.9,146,41,107,40,1.17,65,0.1,28.0,13.7,9,13027,6.1,0,4,7,10.2,2,F,no,activo
PAC007539,26,92.6,151,40.6,75,83,90,68,70,94,4.0,154,72,136,74,0.97,115,0.1,32.2,15.5,9,15191,8.0,2,7,7,2.0,0,M,si,activo
PAC007540,55,79.1,170,27.4,79,92,132,76,57,76,4.6,161,61,159,118,1.11,105,4.5,27.5,14.5,8,14848,8.1,3,0,6,6.9,2,M,si,sedentario
PAC007541,22,101.8,175,33.2,82,84,90,60,58,83,5.2,184,74,81,40,1.04,108,0.1,31.9,13.4,11,17022,7.2,5,5,7,9.3,4,F,no,ligero
PAC007542,19,53.4,168,18.9,84,106,114,68,65,102,4.6,210,52,111,181,1.06,75,2.8,41.2,14.0,8,15339,8.7,3,0,5,4.6,0,M,si,sedentario
PAC007543,29,71.8,159,28.4,61,96,111,88,66,95,5.9,230,59,123,40,0.77,114,4.9,35.1,11.0,5,8965,8.6,14,13,0,12.3,3,M,no,ligero
PAC007544,90,79.4,186,23.0,100,100,109,101,64,118,6.6,248,32,125,268,1.14,72,5.7,15.8,13.5,0,4410,9.4,14,3,1,13.5,4,M,si,ligero
PAC007545,60,81.9,144,39.5,113,106,154,98,92,91,5.6,250,54,110,103,0.4,83,3.4,47.2,17.9,0,6237,6.1,13,4,2,14.8,8,M,no,sedentario
PAC007546,58,89.0,205,21.2,117,113,142,82,79,120,7.1,245,43,176,153,1.05,97,7.5,40.8,13.7,0,4746,10.2,24,1,0,14.4,8,F,si,sedentario
PAC007547,26,77.7,161,30.0,82,92,112,72,46,88,4.5,157,79,137,40,1.27,130,0.1,39.9,16.4,3,14727,10.1,6,0,6,5.6,1,F,si,activo
PAC007548,56,78.6,141,39.5,115,99,163,91,90,115,6.5,253,46,155,191,0.4,63,5.6,37.8,17.4,0,1934,6.8,14,14,2,13.8,1,F,no,ligero
PAC007549,36,72.3,156,29.7,100,104,170,94,75,104,5.7,215,59,123,119,0.66,75,9.3,19.1,14.5,2,4073,6.1,0,0,4,14.0,8,M,no,ligero
PAC007550,79,104.5,151,45.8,106,103,174,100,78,98,5.1,248,48,120,190,0.78,52,6.1,24.2,15.5,0,7083,6.2,13,0,1,15.5,7,F,no,sedentario
PAC007551,36,60.2,173,20.1,79,97,112,94,69,95,4.9,140,70,108,40,1.09,104,0.1,40.8,16.4,6,13277,6.0,7,8,4,11.5,0,F,si,ligero
PAC007552,18,77.8,166,28.2,83,93,110,73,78,87,5.4,217,71,133,60,0.8,121,2.3,27.8,12.2,5,7058,10.4,13,28,3,14.0,9,M,si,sedentario
PAC007553,26,53.4,158,21.4,100,86,115,77,82,99,5.8,167,64,128,220,1.11,105,0.7,23.7,15.2,7,11434,8.0,23,31,0,10.6,7,F,no,ligero
PAC007554,70,97.2,191,26.6,119,95,129,90,82,132,7.6,294,44,164,160,1.39,54,7.6,37.6,14.2,2,500,7.2,10,8,0,9.1,9,M,si,ligero
PAC007555,27,81.6,172,27.6,60,108,113,70,55,90,4.0,228,68,108,110,1.01,125,2.5,27.9,15.7,9,12168,8.2,2,11,4,2.5,2,M,si,ligero
PAC007556,55,86.7,205,20.6,118,99,150,94,81,127,6.3,177,52,137,185,0.99,64,4.8,31.3,12.6,0,1950,9.2,15,0,0,10.6,10,F,no,sedentario
PAC007557,75,72.5,147,33.6,115,102,136,92,81,113,6.3,226,44,158,106,0.4,79,4.5,36.3,16.2,4,2121,7.6,0,4,3,9.5,5,M,no,sedentario
PAC007558,58,88.5,186,25.6,110,92,132,75,66,141,7.2,212,35,175,227,0.92,85,11.1,29.0,12.3,2,3954,8.1,12,14,0,12.5,8,M,no,ligero
PAC007559,80,76.2,151,33.4,118,96,141,88,88,96,5.5,207,38,122,295,0.4,58,1.5,31.3,14.1,2,5025,5.2,17,8,1,10.8,8,F,si,activo
PAC007560,52,88.1,147,40.8,106,88,152,111,74,94,6.3,223,43,119,162,0.66,82,5.6,19.4,15.5,0,4342,6.0,0,7,2,13.3,7,F,no,sedentario
PAC007561,37,80.3,161,31.0,85,102,142,82,54,120,4.4,200,67,161,57,1.1,99,1.7,41.2,18.1,8,14711,8.2,0,0,5,8.6,3,F,no,activo
PAC007562,58,64.6,156,26.5,81,98,114,69,78,101,5.3,203,87,122,161,0.97,99,3.3,20.3,14.4,5,4533,8.0,20,28,3,9.0,7,F,no,activo
PAC007563,57,98.4,191,27.0,105,110,155,79,88,143,8.5,290,29,182,276,1.19,87,5.6,58.8,15.5,0,3949,8.9,13,2,2,10.8,6,F,no,ligero
PAC007564,74,74.2,147,34.3,110,104,151,91,62,101,6.2,230,37,176,146,0.4,86,5.1,35.9,17.0,1,5388,5.6,16,22,2,9.7,8,F,no,ligero
PAC007565,24,65.3,155,27.2,68,117,128,66,60,91,5.3,171,73,40,114,1.13,106,2.0,23.5,13.0,6,12360,8.7,3,8,5,5.0,4,M,si,ligero
PAC007566,57,95.2,164,35.4,104,90,176,95,74,87,6.0,192,38,127,156,0.42,69,8.4,29.1,15.3,0,653,5.9,11,6,1,13.8,5,M,si,sedentario
PAC007567,18,71.2,150,31.6,75,112,109,59,72,76,6.4,171,59,111,40,1.25,125,2.5,27.3,15.8,6,9635,8.7,7,4,5,8.7,2,F,no,ligero
PAC007568,25,82.0,151,36.0,81,94,133,76,92,88,7.3,190,45,124,193,1.24,130,5.1,37.7,11.7,8,5500,9.4,26,30,0,4.6,6,F,si,ligero
PAC007569,73,97.9,189,27.4,113,91,128,95,88,122,6.8,222,34,144,221,1.06,60,6.5,27.0,17.8,0,2687,9.6,11,16,3,13.9,4,M,no,sedentario
PAC007570,26,52.7,163,19.8,88,88,115,69,89,77,4.8,188,74,137,120,0.92,100,6.2,36.7,12.1,3,9194,7.7,8,19,2,11.3,8,M,si,activo
PAC007571,58,76.7,197,19.8,117,93,152,93,77,120,6.8,291,25,179,243,1.04,73,5.5,29.5,14.2,0,5947,11.0,10,22,2,13.1,9,M,si,activo
PAC007572,57,62.1,165,22.8,85,108,105,83,61,68,6.2,194,48,109,41,1.24,99,0.1,33.6,15.5,11,11636,6.0,12,0,4,7.0,4,M,no,sedentario
PAC007573,76,73.5,144,35.4,83,98,141,93,88,69,5.5,244,65,156,217,0.63,75,3.2,31.1,16.8,3,2974,5.1,19,5,3,11.1,5,F,si,ligero
PAC007574,77,85.4,172,28.9,114,97,156,91,86,84,6.3,286,43,181,144,0.65,62,6.7,27.9,16.0,1,5331,7.4,1,0,4,10.0,4,M,si,ligero
PAC007575,39,62.6,145,29.8,92,90,116,76,89,60,4.9,193,63,128,40,1.2,100,4.3,21.7,10.3,2,9731,8.7,5,27,1,11.9,5,F,no,ligero
PAC007576,88,99.9,140,51.0,106,78,161,99,84,83,5.2,226,59,110,185,0.59,69,3.5,22.4,14.2,3,3794,4.7,12,4,2,13.2,7,M,no,sedentario
PAC007577,44,66.4,163,25.0,69,109,121,78,64,114,6.7,238,48,113,101,1.08,125,2.2,26.0,14.8,8,11092,7.7,3,3,7,12.7,2,M,no,sedentario
PAC007578,43,80.6,161,31.1,79,112,137,84,64,91,5.1,155,48,145,113,1.45,106,0.1,52.8,17.1,10,6999,5.8,22,0,6,3.1,0,F,no,sedentario
PAC007579,63,84.1,140,42.9,103,97,170,115,69,117,6.6,212,45,92,222,0.4,75,4.8,37.2,17.4,0,4952,5.1,5,10,3,12.7,6,F,si,sedentario
PAC007580,28,54.8,179,17.1,75,93,109,73,89,89,5.3,212,67,76,107,0.68,100,2.5,33.9,11.5,6,8802,8.2,23,0,4,4.4,7,F,no,sedentario
PAC007581,38,73.8,153,31.5,89,91,133,75,88,108,5.6,188,35,111,143,1.01,100,0.5,35.3,10.3,3,6564,8.8,20,18,2,8.3,9,F,no,activo
PAC007582,69,85.0,148,38.8,106,87,159,97,86,96,5.0,188,49,118,205,0.79,81,4.4,37.9,14.0,4,3829,7.4,10,8,0,13.7,9,M,si,sedentario
PAC007583,27,47.8,172,16.2,69,88,121,80,97,99,5.8,189,56,147,165,1.24,111,5.7,35.1,11.1,8,4962,9.2,25,24,3,7.1,9,F,no,ligero
PAC007584,18,68.5,162,26.1,87,100,108,68,83,86,5.5,192,56,84,97,0.82,84,4.3,5.0,12.7,10,11223,6.4,27,22,2,5.2,10,F,si,ligero
PAC007585,64,74.3,140,37.9,100,98,177,95,56,108,6.1,252,55,170,191,0.4,73,4.3,35.8,18.5,0,6659,5.4,10,0,4,10.2,6,M,si,sedentario
PAC007586,38,71.4,169,25.0,80,111,138,71,87,63,5.8,175,61,127,183,1.07,129,3.6,24.8,13.7,3,11407,8.3,21,26,2,15.3,9,M,no,activo
PAC007587,26,86.2,165,31.7,60,103,110,72,95,93,6.0,145,37,85,114,0.74,96,1.2,7.2,10.5,7,4145,7.1,24,19,3,9.1,5,F,no,ligero
PAC007588,64,73.9,182,22.3,131,111,134,91,70,165,6.8,279,28,159,270,1.49,93,4.3,59.8,15.5,0,500,9.0,22,8,3,8.9,7,F,no,sedentario
PAC007589,81,87.7,157,35.6,114,84,147,109,85,94,4.3,205,54,180,117,0.94,57,2.2,28.6,18.0,4,4649,5.9,10,0,2,14.6,6,F,si,ligero
PAC007590,76,74.4,140,38.0,118,87,151,98,83,113,5.0,313,49,125,210,0.6,83,2.0,32.0,15.2,2,6054,5.7,6,5,1,12.4,7,F,no,sedentario
PAC007591,33,40.0,166,14.5,95,88,122,66,73,80,4.2,155,70,129,40,1.36,102,1.5,49.3,14.6,9,16161,7.9,7,4,4,5.1,2,M,no,activo
PAC007592,18,75.0,162,28.6,70,94,124,57,77,106,4.5,191,63,97,113,0.94,124,0.1,16.7,12.0,7,9146,7.3,15,23,2,9.9,9,M,no,sedentario
PAC007593,55,66.1,142,32.8,86,99,173,86,74,116,6.1,269,51,154,137,0.49,65,2.5,39.8,16.3,0,3035,7.3,0,6,0,11.8,6,M,si,sedentario
PAC007594,40,65.7,164,24.4,87,96,113,72,59,60,4.3,211,53,104,154,0.84,77,0.6,46.8,16.3,11,16161,7.7,8,7,7,9.9,4,M,no,ligero
PAC007595,69,100.1,153,42.8,92,94,129,84,70,81,6.3,224,27,118,161,0.67,82,1.9,33.5,16.8,0,6849,6.7,0,16,1,13.5,7,F,si,activo
PAC007596,64,75.2,185,22.0,123,102,159,101,74,149,7.6,230,30,244,265,1.32,91,5.1,36.8,16.9,0,500,8.9,5,22,1,12.1,10,F,si,activo
PAC007597,66,91.5,201,22.6,113,99,155,73,81,141,6.6,257,40,173,273,1.14,69,10.9,37.5,13.9,0,500,9.8,5,6,1,9.5,6,M,si,activo
PAC007598,28,88.8,160,34.7,94,104,122,75,70,64,4.7,166,56,61,121,1.04,97,0.1,36.3,13.3,11,11866,7.8,14,8,5,11.6,2,M,no,ligero
PAC007599,18,62.0,159,24.5,101,102,110,73,74,82,4.0,190,59,129,50,1.04,106,1.4,32.3,12.1,8,6508,8.5,40,5,0,9.8,4,M,si,ligero
PAC007600,18,95.7,168,33.9,102,102,145,52,82,80,5.5,184,77,105,148,0.5,130,5.6,23.7,9.7,5,9298,8.7,13,13,2,7.8,6,F,no,ligero
PAC007601,24,57.1,146,26.8,83,95,140,62,90,91,5.6,195,61,134,40,0.78,101,0.1,21.7,11.8,8,11140,7.3,8,25,2,9.8,10,F,no,ligero
PAC007602,24,46.9,170,16.2,84,94,115,61,82,114,5.5,143,64,100,108,0.92,99,4.0,39.3,12.5,11,6814,9.5,18,28,2,13.8,10,M,no,ligero
PAC007603,38,51.6,169,18.1,63,107,108,65,62,82,6.4,183,51,98,115,1.12,118,1.6,28.5,12.2,6,17191,10.4,6,0,6,5.6,1,F,no,activo
PAC007604,19,62.4,164,23.2,60,97,121,67,62,91,5.3,202,86,149,72,1.36,114,5.1,38.4,11.5,10,11594,8.7,7,0,6,2.6,4,F,si,ligero
PAC007605,63,110.3,201,27.3,119,103,147,93,71,122,7.6,197,35,137,339,0.98,80,7.0,29.6,14.2,0,500,8.3,24,19,0,15.1,4,M,no,ligero
PAC007606,22,87.6,175,28.6,73,101,103,72,57,98,4.8,174,65,152,126,0.78,87,0.8,38.9,14.6,9,11954,6.6,0,0,6,6.0,4,M,no,activo
PAC007607,26,62.1,172,21.0,89,83,106,62,88,112,5.1,185,49,102,104,1.03,78,10.6,16.6,12.9,3,5473,6.7,35,18,0,12.2,4,M,no,activo
PAC007608,36,68.4,155,28.5,99,81,97,84,58,109,4.6,244,83,138,120,1.19,111,0.6,26.3,13.0,10,6647,7.6,2,0,3,9.7,1,M,no,ligero
PAC007609,28,73.2,165,26.9,89,106,106,69,69,85,4.9,178,77,42,81,0.89,97,2.5,44.7,16.4,9,13558,8.6,10,0,5,7.7,2,M,no,ligero
PAC007610,38,48.5,164,18.0,93,107,105,59,81,62,5.1,161,57,156,176,1.03,110,0.3,33.2,15.2,15,10791,6.1,0,2,6,4.2,1,F,no,sedentario
PAC007611,51,97.5,190,27.0,112,95,132,88,87,172,6.3,249,32,143,285,1.13,104,7.4,31.6,15.2,1,4364,10.1,4,9,1,14.7,9,M,si,sedentario
PAC007612,67,105.2,150,46.8,133,90,147,114,73,99,6.0,239,45,150,193,0.51,106,7.6,41.4,16.2,2,2737,6.4,22,4,3,11.0,5,M,si,sedentario
PAC007613,29,71.0,170,24.6,90,101,121,70,67,98,5.0,188,59,125,142,1.02,111,2.4,26.9,16.3,7,11229,9.2,12,9,6,11.1,3,M,si,ligero
PAC007614,79,84.5,146,39.6,86,103,163,98,63,118,5.4,220,40,160,152,0.59,51,0.1,26.1,14.3,6,7874,6.0,0,6,4,16.8,4,M,si,activo
PAC007615,75,86.2,162,32.8,103,92,162,107,89,117,5.9,215,51,141,168,0.64,57,2.0,44.0,18.1,0,2568,6.1,22,0,5,14.3,4,F,si,sedentario
PAC007616,73,89.2,140,45.5,108,83,165,94,72,99,5.0,241,50,137,227,0.49,92,3.9,30.5,16.0,0,6220,6.1,0,8,2,15.1,5,M,no,sedentario
PAC007617,89,70.4,151,30.9,111,103,155,76,71,85,6.1,190,54,143,166,0.44,86,4.4,22.0,17.1,2,2510,5.5,1,0,4,12.6,6,M,si,activo
PAC007618,18,78.1,149,35.2,62,103,134,85,87,115,4.6,149,37,103,96,0.85,93,0.1,25.1,12.0,3,7827,10.7,18,36,2,12.4,8,F,no,sedentario
PAC007619,22,68.4,161,26.4,95,103,93,77,58,79,4.8,190,46,125,159,1.11,98,0.1,27.9,14.8,5,12934,9.9,10,9,3,5.4,1,F,no,activo
PAC007620,26,54.5,178,17.2,67,76,117,76,68,66,5.9,176,50,59,40,1.1,86,1.2,39.2,12.4,6,15265,9.4,2,6,4,5.8,4,M,no,ligero
PAC007621,70,118.6,181,36.2,116,98,143,79,83,136,7.6,281,48,176,278,1.33,89,9.8,44.7,14.7,1,527,8.9,4,0,1,11.9,10,M,no,sedentario
PAC007622,81,85.2,142,42.3,104,92,159,92,87,93,6.4,170,64,165,104,0.82,92,6.2,24.8,14.8,0,4492,5.8,12,9,3,12.3,7,M,no,ligero
PAC007623,60,64.1,162,24.4,64,107,104,57,66,74,4.4,166,79,122,72,1.12,127,0.1,36.3,12.7,6,10934,10.6,8,1,7,5.9,5,M,si,ligero
PAC007624,25,68.4,144,33.0,64,122,116,76,56,70,5.1,134,80,105,40,1.1,89,0.1,39.4,15.3,15,18212,10.0,0,0,4,2.0,3,M,si,ligero
PAC007625,68,116.1,184,34.3,124,93,143,92,78,132,7.0,242,25,120,209,1.1,60,4.9,31.6,13.8,0,5876,9.2,7,5,0,2.2,8,M,si,sedentario
PAC007626,60,78.0,160,30.5,92,93,151,90,65,92,6.5,219,39,172,165,0.4,44,4.6,42.9,14.7,0,3321,5.6,0,20,0,9.4,6,M,no,sedentario
PAC007627,73,95.4,151,41.8,114,110,162,100,78,116,6.1,183,53,100,224,0.4,56,10.2,29.3,16.6,0,5410,5.4,12,0,3,11.3,4,M,si,ligero
PAC007628,88,81.2,157,32.9,106,88,144,112,68,119,6.4,212,38,127,182,0.83,63,3.5,35.6,17.2,0,5532,5.0,13,8,5,10.3,5,F,si,ligero
PAC007629,18,72.5,161,28.0,62,90,107,75,66,86,5.7,154,66,132,56,1.12,80,3.5,37.4,13.2,9,7763,8.9,0,1,2,8.4,3,F,si,ligero
PAC007630,66,80.2,197,20.7,122,103,136,77,82,148,7.0,245,25,149,318,1.3,113,8.2,30.0,15.3,0,3654,8.4,28,11,0,10.3,6,F,no,sedentario
PAC007631,63,103.0,205,24.5,103,97,145,81,75,135,7.7,236,38,204,251,1.07,62,2.7,29.2,15.5,2,500,9.2,14,0,1,8.8,9,M,si,sedentario
PAC007632,46,78.6,155,32.7,88,83,90,67,73,126,5.0,172,57,123,91,0.88,97,4.2,18.7,12.4,9,8137,9.3,27,22,5,7.4,9,F,no,ligero
PAC007633,25,73.2,157,29.7,60,79,112,78,63,80,5.3,159,90,95,118,1.12,108,0.1,39.7,13.1,2,10962,6.9,5,0,4,4.3,2,M,no,ligero
PAC007634,45,57.2,181,17.5,66,95,122,72,54,101,4.6,212,87,91,40,1.08,105,1.3,40.6,13.4,12,10765,6.9,0,3,8,9.5,7,M,no,ligero
PAC007635,76,88.6,152,38.3,126,99,164,85,54,95,6.0,158,43,120,273,0.42,66,6.3,40.1,14.6,0,4862,5.8,11,0,3,15.0,6,F,si,ligero
PAC007636,57,98.7,159,39.0,121,101,131,110,83,109,5.6,216,39,92,158,0.86,66,4.0,29.2,17.3,1,5826,6.5,5,13,1,16.2,5,F,no,sedentario
PAC007637,18,53.7,157,21.8,89,97,135,61,61,85,6.4,207,45,139,43,0.87,125,2.2,49.7,14.6,8,13231,7.6,3,2,5,2.8,0,M,no,ligero
PAC007638,86,77.3,189,21.6,121,83,138,90,77,149,6.9,196,30,167,177,1.28,97,6.7,37.3,16.7,0,500,9.9,0,10,3,12.1,10,F,si,sedentario
PAC007639,21,60.3,159,23.9,93,100,115,78,84,78,5.7,165,57,107,133,0.75,100,5.5,32.3,11.6,5,8556,9.7,17,25,1,13.5,6,M,no,ligero
PAC007640,90,89.2,141,44.9,108,86,160,82,64,113,4.9,208,45,96,188,0.73,71,4.1,35.7,14.8,3,6992,4.9,20,10,4,8.9,5,M,no,ligero
PAC007641,52,67.0,195,17.6,111,95,135,90,82,111,7.4,287,32,172,258,0.81,68,8.6,40.4,14.8,0,2256,7.6,11,11,0,11.0,7,F,si,ligero
PAC007642,74,111.5,198,28.4,99,115,148,85,59,155,8.3,237,43,156,280,1.04,65,7.1,34.2,15.1,0,8527,9.7,18,0,0,12.7,9,F,si,ligero
PAC007643,90,86.6,156,35.6,102,96,178,117,77,87,6.3,214,53,162,220,0.59,71,3.7,30.7,15.9,0,3127,6.6,17,0,4,12.8,8,F,no,sedentario
PAC007644,54,108.9,197,28.1,103,95,151,88,91,122,7.0,248,37,189,345,1.24,85,5.9,44.7,13.0,2,1316,8.7,7,14,1,10.9,7,F,si,sedentario
PAC007645,42,95.5,204,22.9,109,123,140,87,91,129,8.1,226,25,186,287,1.19,59,9.1,36.3,15.5,0,721,11.0,23,10,1,12.5,7,M,si,activo
PAC007646,21,75.9,146,35.6,86,100,133,82,78,102,5.2,206,66,157,128,1.12,89,1.8,22.7,12.8,4,7353,9.2,27,18,2,7.4,9,F,no,activo
PAC007647,33,95.3,204,22.9,103,120,117,99,80,123,7.5,210,49,124,214,1.24,93,6.6,36.7,13.6,1,3869,7.9,0,7,3,11.8,7,F,si,sedentario
PAC007648,60,66.7,140,34.0,85,85,169,97,93,86,5.7,252,34,153,164,0.77,52,4.5,10.5,17.6,0,4213,5.3,6,10,2,9.0,6,M,si,activo
PAC007649,41,75.3,155,31.3,98,93,120,88,81,99,6.0,177,66,82,226,0.92,107,3.1,33.8,14.0,5,9109,8.1,12,21,2,11.2,6,M,si,sedentario
PAC007650,68,83.5,205,19.9,112,85,109,89,93,128,6.3,175,62,169,315,1.08,85,2.8,36.9,17.0,0,5147,10.0,17,6,3,9.7,8,M,no,ligero
PAC007651,19,72.3,146,33.9,95,77,129,62,77,82,5.5,183,56,124,165,0.97,86,1.9,24.6,12.8,3,8634,8.7,13,24,0,4.7,5,M,no,ligero
PAC007652,60,81.0,160,31.6,97,92,168,84,79,90,5.2,200,55,124,150,0.45,83,0.1,38.6,13.9,0,1123,6.7,1,0,2,14.6,7,M,si,sedentario
PAC007653,18,52.6,161,20.3,86,91,116,64,76,107,4.5,192,69,100,93,1.3,100,0.1,35.8,16.2,12,15879,8.1,1,1,6,4.3,5,F,no,sedentario
PAC007654,81,76.7,195,20.2,115,103,157,78,72,131,9.1,256,32,172,325,1.41,90,7.8,31.7,13.4,2,2791,9.3,4,4,1,11.8,8,F,si,sedentario
PAC007655,47,122.1,194,32.4,127,96,134,86,83,130,6.9,203,34,171,183,1.08,90,8.6,31.5,14.8,1,3806,7.4,17,9,2,11.5,4,F,no,activo
PAC007656,86,91.1,150,40.5,100,86,166,97,79,76,6.1,215,50,143,195,0.47,73,7.2,34.5,16.1,2,7136,6.1,0,9,5,14.4,6,F,no,ligero
PAC007657,84,83.4,205,19.8,119,102,163,85,75,135,7.3,258,32,128,233,1.11,79,3.2,32.8,15.3,0,1821,9.8,17,1,2,12.7,6,M,no,sedentario
PAC007658,75,91.5,144,44.1,102,95,161,91,99,93,6.0,231,52,156,217,0.99,62,3.4,27.0,16.0,2,783,7.7,16,0,3,12.9,5,F,si,sedentario
PAC007659,18,62.4,162,23.8,83,95,118,87,75,82,4.8,149,70,128,76,0.89,76,2.0,11.9,11.0,7,11321,9.4,24,21,1,10.2,8,F,si,sedentario
PAC007660,26,63.7,156,26.2,83,96,118,91,66,106,5.6,177,59,61,109,1.06,90,0.1,10.1,11.0,6,6807,8.3,9,20,3,6.6,10,M,no,sedentario
PAC007661,37,58.1,162,22.1,68,98,111,67,66,111,4.4,150,83,109,142,0.67,92,0.7,24.0,14.3,11,10594,7.3,0,13,4,6.0,2,F,no,ligero
PAC007662,50,92.4,189,25.9,115,109,135,84,80,124,5.5,281,43,190,251,1.21,70,6.3,42.5,16.7,2,2156,8.6,9,5,1,11.0,7,M,si,ligero
PAC007663,26,76.1,173,25.4,81,95,98,79,61,90,6.4,217,68,94,143,1.18,130,2.6,24.7,14.7,10,14556,8.9,7,13,3,4.7,0,F,no,ligero
PAC007664,69,86.5,143,42.3,85,87,180,105,94,83,6.6,260,49,157,174,0.67,101,0.1,36.3,14.4,3,7401,6.6,8,13,4,11.9,8,M,no,sedentario
PAC007665,76,113.9,204,27.4,114,119,127,82,79,114,6.8,252,44,131,280,1.07,85,9.2,60.6,17.5,0,1587,8.7,6,4,0,10.1,4,F,si,activo
PAC007666,18,78.8,158,31.6,72,85,111,75,80,87,4.8,132,60,94,61,0.86,103,0.6,27.7,12.2,4,8463,7.8,19,22,0,8.6,9,F,no,ligero
PAC007667,90,94.5,205,22.5,115,92,138,81,80,99,6.1,201,56,167,309,1.82,61,5.9,34.8,17.2,0,3362,9.2,17,6,5,6.5,9,M,si,sedentario
PAC007668,77,75.8,155,31.6,112,88,151,95,87,93,5.3,233,33,120,89,0.4,56,3.6,31.9,14.1,0,1460,7.0,14,8,0,12.6,7,M,no,sedentario
PAC007669,18,63.5,178,20.0,75,103,112,76,93,105,6.0,185,54,136,89,0.86,102,0.1,29.9,15.0,9,15334,7.1,0,11,5,4.0,2,M,no,sedentario
PAC007670,18,47.2,149,21.3,77,98,113,70,68,105,5.0,205,62,93,67,0.98,79,2.9,29.7,13.3,13,11662,9.0,8,23,0,15.1,10,M,no,activo
PAC007671,36,65.8,182,19.9,77,79,102,88,70,64,4.1,176,65,66,88,0.95,126,0.1,39.7,12.3,7,13665,8.5,0,0,7,9.6,6,M,no,activo
PAC007672,69,85.9,154,36.2,106,97,168,102,67,126,5.2,201,49,146,128,0.78,82,6.9,30.7,15.2,1,3955,7.1,6,0,1,8.6,5,F,no,ligero
PAC007673,18,62.4,175,20.4,77,100,125,69,62,90,5.9,183,34,58,85,1.0,94,0.7,37.6,16.9,8,16686,7.9,0,5,5,5.3,5,F,si,ligero
PAC007674,90,68.4,140,34.9,108,105,168,94,79,101,6.2,239,43,101,209,0.44,72,2.3,24.1,13.9,0,6607,5.6,0,13,4,11.8,6,F,si,ligero
PAC007675,86,103.1,146,48.4,97,98,163,106,76,126,6.1,184,63,163,289,0.51,87,0.2,33.7,15.1,4,5930,5.7,11,2,3,13.3,8,F,no,sedentario
PAC007676,90,92.5,148,42.2,103,78,137,104,84,102,6.2,205,44,167,142,0.89,85,11.6,19.9,14.9,0,4936,7.9,7,6,1,15.9,5,F,si,activo
PAC007677,34,69.0,169,24.2,93,90,125,87,86,79,4.9,200,50,102,149,0.88,111,5.4,36.3,12.7,6,8737,7.5,11,25,3,11.3,5,F,si,activo
PAC007678,61,89.4,152,38.7,127,107,149,89,74,125,5.7,254,42,133,142,0.6,93,3.8,31.8,17.0,6,8462,5.8,6,5,2,13.0,10,F,si,sedentario
PAC007679,42,75.9,140,38.7,104,111,160,103,80,90,6.2,242,54,168,114,0.64,59,9.1,30.4,15.9,0,6692,5.0,1,3,0,11.4,3,M,si,sedentario
PAC007680,71,96.8,165,35.6,117,96,170,88,78,109,5.0,284,36,147,277,0.54,52,1.8,33.6,17.0,0,5598,6.3,5,0,1,14.8,10,M,no,ligero
PAC007681,89,69.9,147,32.3,97,117,175,99,85,110,5.5,176,45,148,129,0.76,65,5.1,30.5,16.1,0,4444,7.4,9,0,3,15.5,8,F,si,activo
PAC007682,52,91.3,165,33.5,65,100,121,68,58,88,4.0,158,49,111,102,1.18,129,3.6,33.6,15.7,12,11333,9.1,0,0,8,6.7,3,F,no,ligero
PAC007683,46,71.4,165,26.2,72,105,106,68,62,81,4.4,157,84,97,95,1.17,90,2.8,18.6,15.3,11,14707,8.4,0,1,5,3.6,2,M,si,activo
PAC007684,83,87.8,205,20.9,105,104,127,86,92,147,7.9,295,30,204,296,1.25,69,9.3,43.6,16.1,0,681,8.6,25,3,2,8.7,8,M,no,activo
PAC007685,28,55.3,179,17.3,60,93,125,60,73,97,5.3,159,68,135,40,1.2,116,0.1,44.4,11.3,14,11756,7.4,0,0,4,4.1,3,M,no,activo
PAC007686,37,51.0,172,17.2,60,87,118,78,69,71,4.3,230,62,143,58,1.27,95,2.5,37.8,13.8,10,15750,9.2,5,0,6,3.5,0,F,si,activo
PAC007687,70,96.4,149,43.4,105,88,159,102,71,101,6.0,220,55,119,189,0.4,71,3.6,14.3,15.5,0,3664,7.9,26,15,1,11.5,9,F,si,activo
PAC007688,51,68.8,163,25.9,76,79,118,69,67,60,4.1,162,84,161,71,1.21,107,0.1,35.7,15.5,8,13416,7.7,0,11,6,2.0,6,F,no,sedentario
PAC007689,58,98.4,193,26.4,106,111,158,84,77,130,6.6,247,41,165,269,1.17,87,8.0,43.7,13.2,0,3465,7.4,9,19,1,12.8,6,M,si,ligero
PAC007690,44,71.7,144,34.6,78,75,111,71,78,76,5.1,200,54,98,40,0.72,99,2.1,31.2,10.2,9,10211,7.7,12,23,3,7.5,6,F,no,ligero
PAC007691,18,79.2,174,26.2,82,102,121,63,51,99,4.0,196,68,60,84,1.06,130,0.1,51.2,14.9,8,15301,7.5,12,0,6,5.4,4,F,no,ligero
PAC007692,21,73.7,159,29.2,77,92,117,72,65,99,4.7,205,68,133,234,0.69,98,4.8,21.1,13.1,2,12229,6.9,27,29,0,8.6,10,M,no,ligero
PAC007693,31,77.3,177,24.7,70,103,138,77,48,113,4.7,175,65,87,55,1.09,88,1.7,24.7,15.8,11,15196,8.6,0,5,8,8.2,3,M,no,ligero
PAC007694,90,69.0,152,29.9,111,101,158,100,75,102,6.1,251,58,125,235,0.58,72,5.8,32.1,16.5,2,500,5.4,7,19,1,18.0,9,M,no,ligero
PAC007695,26,90.3,158,36.2,80,98,117,66,55,75,5.3,119,60,98,124,1.19,95,0.7,36.0,15.1,8,9705,9.6,12,0,4,4.7,1,F,no,sedentario
PAC007696,18,82.5,177,26.3,73,86,116,87,63,94,5.1,190,79,72,112,0.67,118,1.7,22.6,14.4,5,15584,8.8,3,0,6,2.3,1,F,no,activo
PAC007697,33,65.5,158,26.2,96,97,117,67,76,94,5.3,173,53,139,90,0.81,117,2.8,13.5,11.7,6,7591,10.2,11,26,2,4.3,6,M,no,sedentario
PAC007698,23,74.8,159,29.6,64,109,93,82,68,68,4.9,137,57,113,150,0.83,123,3.6,33.9,14.7,11,8874,8.4,0,6,8,7.6,4,F,no,activo
PAC007699,22,71.2,147,32.9,82,94,114,76,58,60,5.2,170,60,125,40,1.03,81,1.0,49.1,12.2,8,11686,7.4,0,0,6,9.3,2,F,no,ligero
PAC007700,64,96.1,184,28.4,116,104,131,74,70,137,7.0,237,47,128,174,1.07,60,3.1,43.2,17.0,4,4441,6.9,5,4,0,10.9,9,M,no,ligero
PAC007701,88,82.6,193,22.2,134,96,147,93,87,138,7.8,254,27,134,246,0.83,81,6.7,40.6,15.2,6,4714,9.7,8,6,3,7.3,9,M,no,ligero
PAC007702,18,49.5,172,16.7,92,90,112,64,76,67,5.4,163,56,116,112,1.36,74,1.8,31.1,17.9,11,12721,9.3,8,0,4,7.4,6,M,no,activo
PAC007703,74,98.5,198,25.1,107,92,122,89,73,143,9.3,251,40,180,225,0.99,80,6.1,40.4,13.4,0,500,9.4,13,11,1,11.4,7,F,no,activo
PAC007704,83,89.9,205,21.4,110,96,153,65,79,102,7.2,234,40,78,298,1.16,86,4.7,25.2,16.2,10,500,8.9,14,0,1,13.5,6,M,no,sedentario
PAC007705,24,48.3,153,20.6,79,102,120,89,85,80,5.9,175,37,189,211,1.03,90,5.0,10.8,12.5,3,12903,8.2,20,32,1,6.5,8,F,no,sedentario
PAC007706,18,59.0,160,23.0,73,98,133,75,71,60,5.5,166,60,93,44,1.08,120,0.1,41.6,12.3,12,7637,7.7,1,11,5,2.0,4,F,no,ligero
PAC007707,23,75.1,155,31.3,98,102,106,73,88,80,4.9,163,61,42,40,0.89,114,2.6,38.4,13.6,5,12776,6.2,17,24,0,8.1,6,M,si,sedentario
PAC007708,20,77.9,177,24.9,69,100,108,71,98,103,6.0,172,64,119,172,1.11,107,4.3,31.4,13.5,5,5363,6.8,20,39,1,12.2,9,M,no,activo
PAC007709,83,98.5,191,27.0,119,97,137,73,69,136,8.1,235,32,167,280,1.37,90,6.4,30.2,16.2,1,2193,9.5,13,9,2,12.4,8,M,si,sedentario
PAC007710,32,62.9,162,24.0,85,109,133,66,85,87,5.2,181,67,118,140,1.09,95,3.4,34.9,10.2,4,14904,9.6,19,20,2,8.0,6,F,si,activo
PAC007711,20,62.5,161,24.1,81,104,121,82,62,95,5.7,220,72,75,177,1.0,120,0.4,57.4,14.7,7,9865,8.8,6,3,5,6.2,5,F,si,ligero
PAC007712,72,71.7,205,17.1,126,120,120,89,84,144,7.7,230,38,171,206,1.29,66,7.3,28.1,14.3,0,1697,8.5,9,1,3,7.1,8,F,si,activo
PAC007713,46,81.2,159,32.1,105,104,131,80,82,104,5.6,160,45,145,121,0.96,90,4.3,14.7,12.3,8,9977,7.5,22,22,3,8.4,4,F,no,sedentario
PAC007714,18,50.5,180,15.6,72,83,152,50,72,114,5.6,161,74,102,91,0.83,68,3.1,30.4,11.9,10,9415,7.9,17,18,0,13.4,8,F,no,activo
PAC007715,62,90.0,196,23.4,122,104,119,86,82,118,5.6,241,58,168,245,1.32,102,6.8,19.7,12.2,0,500,9.0,5,12,1,10.5,10,M,no,sedentario
PAC007716,57,99.0,186,28.6,107,100,140,91,70,121,7.5,199,25,151,231,1.62,101,8.6,31.1,17.0,0,500,9.0,2,7,1,12.1,8,F,si,sedentario
PAC007717,47,112.6,189,31.5,107,106,163,77,78,146,6.6,232,25,195,411,1.2,74,8.6,35.4,15.5,0,500,10.1,22,22,3,8.0,10,F,si,sedentario
PAC007718,88,95.5,144,46.1,102,89,158,89,79,121,4.9,280,60,179,274,0.48,75,5.5,27.4,15.1,0,6004,3.3,0,0,4,13.4,5,F,si,sedentario
PAC007719,18,68.9,171,23.6,88,92,120,76,64,90,5.8,156,55,111,128,1.28,97,0.1,42.1,13.5,4,11585,6.9,5,14,8,7.3,1,M,no,ligero
PAC007720,59,88.4,154,37.3,90,105,142,100,86,96,4.4,290,49,157,195,0.4,52,0.9,37.1,17.3,3,1699,5.5,12,10,0,12.1,8,M,si,ligero
PAC007721,60,100.8,187,28.8,102,87,152,98,81,116,6.6,229,41,152,244,1.14,72,9.7,25.0,16.1,0,2706,9.7,18,17,1,6.8,10,M,si,sedentario
PAC007722,85,71.7,151,31.4,123,86,140,91,73,112,5.8,244,54,137,210,0.4,86,3.7,30.8,16.0,0,4952,6.5,0,0,1,10.2,4,M,si,sedentario
PAC007723,69,100.3,149,45.2,76,91,128,99,68,97,5.5,257,62,150,91,0.4,69,0.3,19.5,12.8,1,4113,6.9,8,12,3,12.6,7,F,no,ligero
PAC007724,18,52.2,155,21.7,74,89,125,63,60,108,5.8,132,46,139,116,0.96,101,3.1,41.3,13.9,9,15055,9.3,14,0,7,5.7,0,M,no,sedentario
PAC007725,69,81.4,145,38.7,98,82,164,103,85,91,4.5,254,42,119,204,0.54,96,3.7,16.3,16.1,0,3272,7.3,11,15,2,15.5,5,F,si,ligero
PAC007726,27,67.1,170,23.2,87,96,102,75,70,89,5.5,187,66,147,40,1.43,71,0.1,33.4,13.3,9,11653,8.0,0,0,5,4.1,2,M,no,sedentario
PAC007727,74,111.0,186,32.1,113,92,156,89,74,150,6.9,210,49,153,265,1.02,66,3.2,36.4,14.5,1,3574,8.9,20,7,1,7.5,9,F,si,ligero
PAC007728,69,96.7,151,42.4,115,93,160,115,79,105,6.5,258,41,156,209,0.47,59,3.6,22.2,13.5,1,504,3.0,17,0,2,11.0,4,F,no,sedentario
PAC007729,73,64.8,161,25.0,92,107,164,100,85,124,7.1,198,29,120,192,0.79,90,5.7,48.4,15.7,0,1187,4.3,14,0,2,16.1,8,F,no,sedentario
PAC007730,90,71.1,154,30.0,88,116,157,105,63,147,6.8,204,38,164,279,0.4,84,4.8,32.4,16.6,0,3364,6.6,11,1,1,7.7,6,M,no,ligero
PAC007731,33,57.6,172,19.5,73,103,129,60,56,90,5.4,147,76,130,130,1.28,88,0.8,37.5,14.6,9,10740,9.6,10,4,5,8.8,1,M,si,activo
PAC007732,56,89.1,149,40.1,89,91,165,96,79,94,5.7,244,48,172,266,0.4,58,1.5,38.1,14.5,2,2793,6.5,6,1,4,11.5,8,M,no,ligero
PAC007733,48,60.5,147,28.0,92,99,177,87,73,104,5.5,226,58,114,229,0.4,67,4.2,32.0,17.0,0,4161,5.4,12,15,1,13.0,8,M,si,ligero
PAC007734,23,90.5,149,40.8,82,99,142,74,65,77,5.6,154,38,90,183,1.05,111,0.1,13.4,11.0,4,6165,7.4,22,16,2,11.7,8,F,no,sedentario
PAC007735,65,103.2,140,52.7,130,96,144,94,51,104,6.3,250,66,119,150,0.45,95,3.7,22.3,15.3,2,5169,5.7,3,0,2,13.1,8,M,si,sedentario
PAC007736,45,94.7,189,26.5,116,96,165,66,76,114,6.8,250,47,145,218,1.65,62,6.7,38.1,16.3,0,2853,8.6,0,4,0,12.8,6,F,no,sedentario
PAC007737,30,75.6,163,28.5,71,103,102,71,61,77,4.9,186,55,80,133,1.1,100,1.4,39.6,14.7,11,11779,8.5,0,5,6,2.3,2,M,no,activo
PAC007738,74,49.3,172,16.7,86,84,134,72,60,88,4.0,204,87,104,98,1.05,122,0.1,27.3,14.0,7,12514,7.5,0,0,5,5.9,4,M,no,ligero
PAC007739,58,75.8,150,33.7,105,90,161,100,98,112,5.4,222,40,161,110,0.4,41,7.1,37.2,12.7,0,4299,6.1,11,0,1,15.7,4,F,no,activo
PAC007740,19,67.7,162,25.8,71,84,105,91,83,103,6.6,134,58,134,40,0.91,105,6.2,5.0,10.4,7,8847,6.7,20,21,2,8.3,9,F,si,sedentario
PAC007741,65,105.6,199,26.7,99,100,175,82,74,142,6.8,245,41,156,366,0.92,129,2.8,39.4,12.7,0,3113,6.5,2,9,2,14.5,10,F,no,sedentario
PAC007742,30,61.7,151,27.1,60,109,90,74,69,66,6.3,251,56,83,63,1.2,69,2.5,27.4,15.4,3,11968,8.4,0,0,6,5.9,2,M,no,ligero
PAC007743,60,91.8,143,44.9,104,90,157,92,85,103,5.2,218,25,148,213,0.84,82,4.7,27.1,17.0,3,3786,5.3,24,0,0,12.2,6,F,si,ligero
PAC007744,33,50.5,173,16.9,82,95,125,61,73,88,5.1,208,71,145,77,1.12,102,3.1,20.7,15.1,10,9103,8.3,6,14,2,6.7,4,F,no,activo
PAC007745,34,57.7,165,21.2,94,100,107,66,72,110,4.8,150,78,60,202,1.14,88,3.2,18.6,12.0,2,6286,8.6,19,23,2,6.6,7,F,no,sedentario
PAC007746,19,74.8,170,25.9,73,106,121,64,67,83,4.0,151,70,117,151,1.2,99,3.1,26.9,13.7,11,17039,8.7,0,0,6,4.2,5,F,no,sedentario
PAC007747,18,76.4,156,31.4,83,113,127,78,90,74,5.2,257,39,114,41,1.22,95,3.9,30.9,14.0,5,6142,10.1,22,25,0,11.0,7,F,no,sedentario
PAC007748,70,78.4,145,37.3,88,110,151,109,83,125,5.7,231,30,140,158,0.4,75,3.5,39.7,15.1,0,3074,5.6,0,0,4,12.3,4,M,no,ligero
PAC007749,18,42.1,171,14.4,76,96,124,66,55,94,6.0,146,71,62,92,0.85,83,3.3,30.6,15.2,7,13060,9.2,1,0,4,3.0,3,M,no,activo
PAC007750,66,84.9,140,43.3,102,104,173,105,80,125,5.8,241,56,147,237,0.62,49,3.1,37.0,14.9,0,2045,6.2,16,8,1,7.4,6,F,si,sedentario
PAC007751,87,93.7,200,23.4,98,102,144,87,82,142,7.9,298,37,179,149,1.26,89,5.7,48.3,12.9,2,500,7.7,6,0,0,9.9,9,F,si,sedentario
PAC007752,33,65.4,161,25.2,81,91,134,67,81,87,5.7,186,46,109,40,1.26,112,2.6,34.1,12.3,5,8808,9.8,18,28,2,11.0,9,F,no,activo
PAC007753,51,92.2,184,27.2,109,108,145,88,68,128,6.5,276,41,158,192,0.91,64,5.9,34.5,15.5,0,1139,11.0,17,0,1,8.9,6,M,no,ligero
PAC007754,28,65.4,170,22.6,94,85,127,78,56,62,4.0,138,65,63,126,1.27,108,2.8,35.0,12.5,8,8966,7.1,11,3,5,6.7,4,F,no,ligero
PAC007755,90,85.7,202,21.0,109,117,126,82,81,130,7.3,194,47,223,327,1.33,87,4.4,47.5,15.8,0,7515,8.6,13,13,3,11.0,5,F,si,ligero
PAC007756,53,85.2,168,30.2,95,90,98,70,88,90,5.0,202,61,86,169,1.08,71,4.5,24.9,12.9,5,12606,6.9,13,23,2,12.1,10,F,no,ligero
PAC007757,71,108.7,197,28.0,126,112,162,92,68,132,6.8,229,28,211,178,1.4,71,6.9,56.5,17.6,0,7826,10.5,0,0,3,10.2,10,M,no,activo
PAC007758,67,60.4,146,28.3,107,93,174,100,79,80,6.1,234,55,115,162,0.57,110,4.0,35.2,16.4,2,5650,5.7,4,6,3,14.8,6,F,si,activo
PAC007759,52,82.3,149,37.1,106,119,161,98,80,92,6.8,203,58,157,285,0.73,74,3.9,17.7,15.8,1,6181,7.9,4,4,1,9.1,6,M,si,ligero
PAC007760,75,83.1,194,22.1,127,106,150,69,75,121,7.8,289,45,116,262,0.93,55,8.7,46.8,13.7,0,1940,7.7,13,0,0,10.3,7,F,no,sedentario
PAC007761,26,89.4,166,32.4,75,85,121,66,55,76,5.0,179,62,147,40,0.8,72,2.4,43.2,14.8,9,16433,7.3,10,0,4,9.6,4,M,no,sedentario
PAC007762,36,40.0,169,14.0,84,90,96,66,45,74,5.5,217,72,48,110,1.12,90,0.1,33.9,16.8,7,14544,7.8,19,0,5,8.2,3,M,no,ligero
PAC007763,58,98.0,147,45.4,98,82,163,97,84,77,6.0,217,55,127,260,0.4,87,5.1,33.8,15.1,0,2578,5.5,0,0,5,10.2,4,M,no,sedentario
PAC007764,51,86.8,202,21.3,104,92,144,91,84,145,7.0,288,25,182,263,1.3,65,7.5,34.0,14.0,0,1387,9.2,11,18,3,11.8,6,F,si,activo
PAC007765,75,105.0,205,25.0,98,100,143,87,77,142,7.0,253,69,181,226,1.59,78,7.2,27.4,14.8,4,6034,9.3,15,18,0,14.6,7,F,no,sedentario
PAC007766,90,90.9,145,43.2,100,90,191,104,75,113,4.9,230,65,121,218,0.49,80,9.2,34.4,16.2,0,6378,5.5,9,6,1,10.4,4,M,si,sedentario
PAC007767,90,82.0,177,26.2,108,123,114,105,86,142,6.2,213,52,135,310,0.82,64,4.0,33.7,13.5,0,500,10.2,16,10,1,14.2,7,F,si,ligero
PAC007768,85,76.2,154,32.1,107,98,137,106,83,110,5.0,216,64,132,170,0.64,96,4.7,21.5,17.0,0,7773,6.4,14,3,0,6.7,6,F,no,sedentario
PAC007769,32,62.4,140,31.8,82,102,113,77,74,74,4.2,146,77,111,73,0.71,95,2.0,30.0,9.7,7,8461,7.9,18,26,1,10.2,7,M,si,sedentario
PAC007770,54,40.0,163,15.1,95,101,90,63,90,113,4.0,131,64,128,104,0.85,73,2.7,19.0,9.9,4,9947,7.1,29,27,3,3.8,7,F,no,ligero
PAC007771,48,67.8,184,20.0,116,98,157,73,85,133,6.6,217,25,153,302,1.08,69,4.2,31.8,17.5,1,728,8.1,12,4,2,11.4,9,F,si,ligero
PAC007772,67,104.1,140,53.1,122,94,177,100,92,103,7.5,239,38,124,104,0.41,74,5.6,47.4,14.1,6,9915,6.1,0,0,1,10.4,6,F,no,ligero
PAC007773,18,82.9,156,34.1,71,98,126,81,75,75,4.8,142,64,59,160,0.92,96,1.0,23.8,13.4,9,15888,9.5,7,0,8,2.0,0,F,si,activo
PAC007774,42,40.0,169,14.0,70,105,90,78,56,89,4.6,202,80,122,78,1.45,108,3.3,40.2,12.7,7,10913,6.9,15,0,4,7.6,5,F,no,sedentario
PAC007775,31,86.5,169,30.3,64,106,117,50,61,91,4.1,184,81,67,52,0.96,96,2.4,23.2,12.8,10,12904,10.9,9,0,7,2.2,0,M,no,sedentario
PAC007776,28,40.0,157,16.2,79,88,114,71,82,114,6.1,174,50,88,51,0.7,119,3.5,27.3,11.4,0,11563,7.5,30,27,4,10.8,10,M,si,ligero
PAC007777,73,92.7,140,47.3,100,87,164,106,90,106,6.2,225,37,126,147,0.52,75,2.3,27.5,14.6,3,2230,5.6,7,4,4,11.8,5,M,no,ligero
PAC007778,36,60.6,165,22.3,90,102,130,70,63,105,5.1,164,66,76,193,1.25,130,1.4,31.3,14.9,6,12998,8.7,0,0,6,6.1,0,F,no,ligero
PAC007779,37,89.8,165,33.0,97,103,128,89,88,98,5.0,145,60,150,151,0.93,81,2.5,21.6,11.3,5,5717,6.1,19,19,1,8.0,5,F,si,sedentario
PAC007780,53,86.8,205,20.7,121,94,134,102,80,100,6.5,293,42,175,330,1.19,99,2.0,28.6,11.7,0,1794,8.3,10,5,0,16.5,6,M,si,sedentario
PAC007781,67,93.5,205,22.2,109,103,117,79,84,149,6.4,197,53,191,329,1.42,66,1.2,38.4,15.7,0,2061,6.6,25,0,0,11.7,8,F,si,ligero
PAC007782,78,102.0,186,29.5,111,103,154,61,92,138,6.4,247,25,118,363,1.37,76,8.4,37.5,14.0,0,5998,8.2,15,0,4,8.7,10,F,no,sedentario
PAC007783,51,70.5,171,24.1,77,90,132,73,85,81,4.8,226,63,50,40,0.81,87,1.7,5.9,13.0,3,6146,7.9,16,24,1,12.2,9,M,no,ligero
PAC007784,20,91.1,164,33.9,67,114,90,69,47,101,5.6,180,68,76,72,0.9,84,3.7,37.8,17.8,4,8972,8.2,8,6,6,5.5,3,M,no,ligero
PAC007785,19,45.6,161,17.6,74,93,104,75,59,72,5.6,137,79,130,65,1.1,130,0.1,47.9,13.7,11,15874,8.7,17,11,7,9.1,6,F,no,sedentario
PAC007786,23,50.7,154,21.4,89,106,119,74,58,104,4.1,199,59,109,121,1.22,105,8.0,34.7,14.7,9,12254,10.3,8,10,5,2.0,4,F,si,sedentario
PAC007787,80,102.6,184,30.3,129,106,126,68,73,129,7.6,255,25,150,282,0.89,73,7.4,35.5,14.7,0,2903,6.5,14,7,1,11.3,6,M,si,sedentario
PAC007788,75,81.9,159,32.4,110,94,137,104,95,102,7.1,213,56,141,258,0.4,75,7.7,32.5,16.9,1,4013,4.7,16,10,0,11.9,8,M,no,sedentario
PAC007789,58,84.5,160,33.0,86,100,129,76,64,96,6.5,227,66,76,139,1.38,107,4.8,31.9,14.8,10,16164,8.4,7,6,4,8.7,1,M,no,activo
PAC007790,72,68.7,161,26.5,100,121,151,99,70,130,5.7,249,49,195,171,0.57,73,3.4,24.9,14.4,4,787,5.6,15,0,4,10.6,8,M,si,sedentario
PAC007791,56,73.5,192,19.9,111,116,137,99,62,153,7.2,230,41,138,283,1.3,77,5.7,37.1,16.4,0,500,8.8,12,6,0,10.2,9,F,no,sedentario
PAC007792,39,72.0,152,31.2,97,89,117,88,77,84,4.7,255,59,81,134,1.2,103,7.1,27.4,11.7,6,10375,7.6,19,18,3,7.1,10,F,si,ligero
PAC007793,18,59.7,155,24.8,78,84,125,82,72,68,4.6,201,53,74,153,1.21,110,1.2,23.5,10.1,7,11653,7.5,20,25,3,7.9,8,M,si,activo
PAC007794,86,96.0,154,40.5,120,102,163,116,93,105,5.1,243,46,159,255,0.56,75,4.9,51.5,15.5,5,4742,6.4,12,0,1,9.7,9,F,no,sedentario
PAC007795,66,104.3,204,25.1,113,114,144,72,82,124,8.2,190,25,211,273,1.23,45,2.6,51.6,14.9,1,500,8.2,7,9,0,9.6,9,M,no,sedentario
PAC007796,52,101.6,197,26.2,104,103,129,90,75,125,7.6,275,36,143,249,0.83,99,6.3,48.6,14.5,0,500,7.9,7,2,0,10.2,10,M,si,sedentario
PAC007797,33,64.7,164,24.1,83,99,150,79,66,101,4.1,145,73,131,50,0.94,115,3.4,22.6,13.0,10,13288,9.9,0,4,6,3.8,2,F,si,ligero
PAC007798,49,78.6,195,20.7,131,93,125,75,92,135,6.3,253,26,148,325,1.11,83,7.5,23.2,15.4,0,3264,9.2,27,8,1,13.3,8,M,si,ligero
PAC007799,41,56.4,152,24.4,68,104,106,77,89,86,4.5,192,64,111,96,0.81,99,3.5,20.7,10.2,1,9797,8.1,30,22,6,9.2,10,F,no,activo
PAC007800,36,68.4,148,31.2,86,102,115,65,78,92,5.8,218,77,139,65,1.08,79,1.2,31.1,14.0,14,14169,8.4,1,5,9,5.3,7,F,no,sedentario
PAC007801,57,71.8,205,17.1,109,102,163,87,92,118,7.1,267,67,149,266,1.18,48,7.2,39.7,16.9,1,2851,7.2,14,11,1,15.5,8,M,no,sedentario
PAC007802,51,61.7,140,31.5,104,85,130,92,70,116,5.7,225,51,134,196,0.4,77,6.6,42.2,15.6,0,6331,4.1,10,0,4,17.0,6,M,si,ligero
PAC007803,58,88.5,191,24.3,139,91,144,106,75,139,7.3,287,25,200,236,1.17,63,3.3,59.3,16.5,0,2988,7.9,14,10,1,8.1,4,M,si,ligero
PAC007804,70,100.5,147,46.5,121,90,156,94,92,89,5.8,231,39,102,97,0.6,56,5.4,15.9,18.4,1,2014,7.5,19,5,4,17.8,7,F,no,sedentario
PAC007805,58,93.2,200,23.3,107,105,134,87,75,126,8.0,227,25,124,119,1.24,68,4.4,34.4,13.2,0,500,10.0,8,8,2,8.9,1,M,si,sedentario
PAC007806,79,87.4,193,23.5,134,108,146,88,73,127,6.4,224,38,174,329,1.22,62,1.5,49.6,14.0,0,3930,8.6,7,0,1,8.1,8,F,si,ligero
PAC007807,67,94.5,189,26.5,125,91,146,80,78,121,7.4,193,53,205,229,1.29,67,8.5,38.4,15.1,0,7455,8.8,7,13,2,16.0,10,F,no,ligero
PAC007808,90,64.4,161,24.8,132,80,124,97,86,110,5.5,224,67,104,255,0.75,68,4.5,35.8,13.3,0,2676,6.8,14,10,4,12.4,9,M,si,sedentario
PAC007809,45,61.9,160,24.2,77,98,128,83,59,99,4.8,206,75,78,116,0.85,130,0.7,34.8,15.5,1,15010,8.9,0,4,8,5.8,10,F,si,ligero
PAC007810,21,41.9,159,16.6,64,94,108,75,68,80,4.7,202,59,134,107,0.93,103,0.1,42.7,14.6,7,8982,8.7,6,0,6,6.8,3,M,si,sedentario
PAC007811,28,53.9,158,21.6,69,95,128,73,70,90,5.4,230,57,75,121,1.06,92,0.1,44.1,13.2,7,9335,7.8,23,23,3,8.5,8,F,si,sedentario
PAC007812,37,67.7,174,22.4,60,115,133,68,49,70,6.1,110,73,72,56,1.35,97,0.1,28.8,14.4,9,11052,6.7,18,0,3,5.9,0,M,no,activo
PAC007813,18,72.5,181,22.1,73,82,135,57,91,88,4.2,140,34,128,150,0.71,110,0.9,24.0,10.5,6,5697,5.1,19,27,6,5.8,9,F,no,sedentario
PAC007814,35,74.9,165,27.5,89,100,126,73,74,74,5.1,143,72,110,86,1.22,130,3.5,39.5,15.5,7,12803,9.6,10,0,6,8.5,2,M,no,ligero
PAC007815,74,82.8,142,41.1,107,89,174,95,70,109,6.0,278,37,129,209,0.49,58,1.6,56.4,15.8,1,3583,6.1,4,10,0,11.3,4,F,si,ligero
PAC007816,18,50.3,163,18.9,81,90,115,82,68,94,4.3,193,55,155,128,0.65,102,5.8,41.1,13.4,8,8768,9.4,19,16,3,8.9,10,F,no,sedentario
PAC007817,18,94.6,164,35.2,94,97,106,76,89,116,4.8,175,50,108,163,0.83,111,3.7,20.8,10.5,7,10349,8.7,15,23,1,12.5,5,F,no,ligero
PAC007818,80,99.3,193,26.7,106,94,145,76,75,144,7.7,240,53,149,253,1.47,76,7.2,33.9,12.7,0,4677,8.8,7,5,1,8.6,9,M,no,ligero
PAC007819,34,74.2,160,29.0,84,111,108,88,80,94,5.4,145,75,129,98,1.03,78,1.3,49.0,14.7,14,11226,7.7,0,0,7,7.8,4,M,no,activo
PAC007820,69,91.4,195,24.0,129,97,153,93,85,145,6.9,229,47,135,217,1.04,101,4.9,40.6,16.2,0,2704,6.5,0,0,0,7.3,7,F,si,ligero
PAC007821,18,65.7,185,19.2,65,91,108,69,74,83,6.2,201,83,67,40,0.92,108,0.1,31.9,13.2,8,10320,10.0,11,7,4,6.7,6,F,no,sedentario
PAC007822,70,81.7,189,22.9,104,102,126,92,80,136,7.3,217,34,190,325,0.99,92,6.9,31.6,13.7,0,2093,9.7,0,11,4,17.2,4,F,si,activo
PAC007823,50,72.9,164,27.1,74,108,113,81,66,79,5.2,110,43,128,40,1.14,123,3.2,20.0,15.3,14,14019,10.0,4,3,5,7.6,1,M,no,sedentario
PAC007824,48,71.8,165,26.4,82,98,139,72,62,76,4.2,127,83,148,103,0.92,127,4.0,39.0,15.5,9,15869,8.5,5,8,8,7.5,3,F,si,ligero
PAC007825,18,56.2,163,21.2,69,114,118,66,61,81,5.8,200,76,114,49,1.02,92,0.8,34.2,15.6,12,9088,8.2,11,0,4,4.2,0,F,no,ligero
PAC007826,18,54.9,195,14.4,108,102,127,76,81,107,4.8,172,58,69,40,1.44,90,0.1,39.0,14.4,10,11662,8.2,2,0,4,6.7,2,M,no,activo
PAC007827,43,58.4,163,22.0,91,103,125,85,66,99,5.5,170,70,87,188,0.76,114,0.5,31.7,16.2,7,11498,9.0,12,0,4,7.8,4,M,no,ligero
PAC007828,75,81.3,140,41.5,102,119,165,90,77,72,5.0,242,53,162,154,0.54,67,3.4,13.5,16.6,3,3945,5.7,10,4,2,13.2,10,M,no,sedentario
PAC007829,33,87.1,173,29.1,86,98,140,76,80,97,5.8,181,45,141,168,0.77,119,0.3,29.8,12.1,5,10335,9.8,10,17,1,8.2,8,F,no,ligero
PAC007830,65,112.2,187,32.1,143,97,128,87,70,149,7.8,283,43,178,307,1.03,86,6.0,37.8,14.0,0,4327,8.7,18,15,0,7.6,6,M,si,ligero
PAC007831,18,63.0,169,22.1,77,110,104,72,84,73,5.4,158,88,112,50,1.05,91,0.1,28.4,14.3,7,13091,8.0,3,0,4,9.2,7,F,no,activo
PAC007832,20,50.7,167,18.2,97,117,148,80,73,101,4.6,167,65,128,266,1.03,110,1.8,28.2,10.0,9,4741,7.4,16,21,3,6.9,6,F,no,sedentario
PAC007833,61,97.2,190,26.9,131,114,142,71,79,113,6.6,234,41,147,317,1.01,74,7.4,33.9,13.7,0,2892,7.1,8,8,2,11.7,9,F,no,sedentario
PAC007834,47,102.3,191,28.0,120,106,113,93,79,147,6.1,241,44,192,230,1.07,83,6.6,26.6,13.5,0,528,7.4,5,0,0,10.6,6,F,no,ligero
PAC007835,86,84.3,205,20.1,141,98,149,74,89,132,7.1,232,64,107,261,1.3,79,4.7,34.4,16.5,3,500,7.3,6,2,0,9.6,7,F,si,sedentario
PAC007836,87,86.1,150,38.3,82,111,140,109,78,107,5.9,248,58,138,223,0.5,84,6.8,36.4,14.0,0,3271,5.5,25,3,3,9.4,6,F,no,sedentario
PAC007837,18,79.5,148,36.3,99,100,118,77,78,93,4.7,248,59,111,147,0.98,108,2.1,12.7,12.6,8,11125,6.6,19,29,3,8.6,8,M,si,ligero
PAC007838,69,101.1,167,36.3,111,91,180,112,79,103,6.5,248,32,109,90,0.4,80,3.9,24.5,19.0,0,4875,7.4,0,14,2,10.5,9,M,si,ligero
PAC007839,78,84.4,203,20.5,99,105,143,101,65,132,7.4,237,25,198,278,1.7,47,7.5,35.0,15.1,0,6934,7.5,9,0,4,6.8,9,F,no,ligero
PAC007840,31,50.3,154,21.2,84,99,111,72,90,92,4.9,204,59,90,53,0.76,101,1.9,16.0,11.2,3,8510,9.8,17,27,3,13.6,6,M,si,ligero
PAC007841,53,91.5,155,38.1,94,87,173,86,69,97,5.7,226,48,99,255,0.4,71,5.9,37.0,16.7,3,4012,5.1,0,0,0,13.4,5,M,si,ligero
PAC007842,68,85.2,146,40.0,113,99,167,111,65,85,6.5,210,59,89,97,0.53,63,9.7,16.9,14.1,0,9329,4.2,4,0,1,13.8,7,F,no,sedentario
PAC007843,18,87.0,155,36.2,70,93,96,76,72,125,4.2,172,63,106,128,0.98,130,4.2,15.2,10.7,6,5839,8.4,21,29,2,11.6,10,F,no,ligero
PAC007844,63,86.8,183,25.9,138,85,154,85,80,126,7.7,216,64,116,359,1.07,86,6.1,30.9,14.6,0,5039,10.6,14,9,2,9.7,8,M,si,ligero
PAC007845,70,75.1,187,21.5,110,102,147,90,75,109,5.9,242,38,193,209,1.35,93,8.3,39.2,13.5,1,6066,10.3,8,2,3,8.0,8,F,si,sedentario
PAC007846,69,99.3,164,36.9,109,90,180,94,75,112,6.5,191,49,131,150,0.67,99,5.4,25.6,16.3,4,2469,7.4,15,14,3,13.1,3,M,si,ligero
PAC007847,33,81.7,166,29.6,72,108,97,66,62,68,4.5,147,89,106,46,0.81,116,1.4,24.7,13.0,13,10400,9.8,5,0,5,7.6,5,F,si,activo
PAC007848,83,83.8,205,19.9,123,119,120,80,78,123,7.2,231,26,206,205,1.0,57,6.9,40.1,14.4,0,500,7.6,7,10,0,13.4,9,M,no,ligero
PAC007849,21,88.1,176,28.4,84,108,117,69,56,72,4.9,172,70,94,207,1.07,84,0.3,27.7,14.8,9,10049,8.5,0,0,7,5.2,5,F,si,sedentario
PAC007850,20,44.2,140,22.6,85,98,135,91,85,63,5.4,220,69,126,101,0.68,88,1.9,10.1,12.2,4,7285,6.3,15,33,2,8.4,9,M,si,sedentario
PAC007851,89,99.0,156,40.7,115,105,132,87,80,104,5.9,225,56,124,73,0.63,53,3.7,32.7,13.8,7,8061,5.7,12,9,0,12.1,6,F,no,sedentario
PAC007852,68,90.0,161,34.7,90,107,175,112,76,98,5.5,178,61,155,105,0.4,68,3.4,36.8,17.7,3,5795,7.5,15,7,3,11.1,10,F,si,ligero
PAC007853,26,87.1,157,35.3,105,83,114,75,79,110,4.3,110,45,169,117,1.0,87,4.1,21.9,13.3,0,5464,7.8,26,24,2,12.5,8,F,no,activo
PAC007854,57,72.6,187,20.8,117,114,157,93,83,133,8.5,244,42,186,216,0.92,76,4.0,24.5,16.5,1,7076,8.2,8,3,3,11.2,8,F,si,sedentario
PAC007855,18,79.5,154,33.5,87,112,159,58,73,105,5.1,194,74,81,80,1.18,115,2.2,44.0,17.3,8,10075,8.6,0,4,7,3.9,3,M,si,sedentario
PAC007856,18,85.9,167,30.8,90,105,124,87,85,101,6.3,133,55,135,40,1.13,121,2.0,23.0,10.8,5,9172,9.8,12,27,5,10.0,8,F,no,ligero
PAC007857,41,103.4,205,24.6,112,84,115,78,76,160,7.7,243,28,162,290,1.19,68,4.4,43.9,13.3,0,8582,9.3,13,0,2,11.9,8,M,no,ligero
PAC007858,31,57.5,169,20.1,88,95,120,81,57,100,4.6,181,75,60,89,1.25,120,2.4,25.7,15.7,5,16836,7.4,7,0,7,8.1,5,M,si,ligero
PAC007859,64,94.1,143,46.0,95,111,173,98,71,96,6.5,254,41,143,180,0.82,63,5.8,14.3,14.7,3,500,4.5,3,12,5,8.4,5,M,no,activo
PAC007860,69,78.7,192,21.3,108,95,141,89,64,161,8.8,265,36,190,350,1.19,73,2.6,36.8,13.8,0,2412,7.7,8,16,1,8.2,6,F,si,sedentario
PAC007861,65,91.1,204,21.9,116,107,163,82,76,136,6.6,255,38,168,299,1.39,61,8.4,38.0,16.6,0,3007,7.5,23,17,0,11.8,5,F,si,ligero
PAC007862,82,65.0,145,30.9,101,98,161,88,82,85,6.5,222,36,139,284,0.49,101,0.6,35.6,18.7,0,4416,5.1,7,0,4,13.6,8,M,no,ligero
PAC007863,18,64.1,161,24.7,80,107,114,71,60,100,5.1,158,66,102,40,0.8,72,0.1,39.0,13.7,8,14263,8.3,7,10,5,2.7,3,M,si,sedentario
PAC007864,84,88.0,140,44.9,102,111,168,88,77,87,6.9,220,50,129,86,0.4,62,6.8,31.0,16.4,2,7168,6.0,12,0,1,10.9,8,M,no,sedentario
PAC007865,62,60.0,160,23.4,96,103,176,95,84,138,4.5,227,55,140,225,0.4,83,3.0,19.1,16.3,1,2887,7.9,0,0,1,14.0,5,M,si,sedentario
PAC007866,22,59.2,152,25.6,92,94,135,77,82,103,5.4,215,81,111,166,1.0,125,0.1,20.7,9.8,6,10649,9.5,23,25,0,8.1,5,F,no,sedentario
PAC007867,74,93.7,190,26.0,115,97,135,85,80,94,8.0,245,36,136,296,0.95,70,5.9,36.8,13.3,2,3361,8.4,5,15,2,11.0,8,F,no,activo
PAC007868,65,83.8,145,39.9,121,120,143,107,92,105,5.8,236,31,125,282,0.42,66,4.6,21.6,14.4,0,1492,5.6,11,2,4,14.5,4,F,si,sedentario
PAC007869,43,71.4,153,30.5,74,97,124,96,79,96,4.7,167,42,110,40,0.92,86,6.7,18.9,13.1,6,11726,8.4,21,22,0,8.7,10,F,si,sedentario
PAC007870,45,66.0,171,22.6,64,114,96,79,61,90,5.0,161,54,119,176,1.0,126,3.4,47.1,15.0,13,9521,8.7,4,0,7,6.3,0,F,no,sedentario
PAC007871,21,70.5,152,30.5,76,92,125,55,66,101,4.6,172,95,103,77,1.2,102,1.6,37.7,14.7,11,11684,9.9,5,0,7,8.4,2,F,no,ligero
PAC007872,60,112.1,205,26.7,114,109,144,78,78,119,6.8,231,31,114,326,1.56,58,9.5,42.3,14.5,1,5408,10.1,10,3,0,10.4,9,F,no,sedentario
PAC007873,18,64.1,167,23.0,80,101,119,81,73,111,5.8,173,59,108,105,0.7,81,2.0,13.2,11.4,4,5944,9.1,11,29,0,10.3,8,M,no,ligero
PAC007874,18,69.3,159,27.4,76,94,126,77,61,68,4.9,184,62,85,136,1.16,110,0.9,26.1,15.9,5,14389,7.6,0,3,4,6.5,0,F,no,sedentario
PAC007875,76,88.3,140,45.1,125,101,161,88,78,102,6.2,224,59,186,138,0.51,82,2.3,43.1,16.5,0,3319,6.4,7,0,1,8.9,6,F,no,sedentario
PAC007876,78,76.0,157,30.8,114,93,183,80,79,110,4.6,229,43,112,156,0.61,63,3.5,48.0,17.5,0,1541,7.7,3,0,1,15.8,9,M,no,ligero
PAC007877,90,105.1,200,26.3,86,90,163,81,78,131,7.1,222,39,130,169,1.12,80,6.9,26.9,16.5,3,8773,9.4,17,4,1,13.6,9,F,si,sedentario
PAC007878,35,75.4,150,33.5,74,107,114,72,84,61,5.3,156,74,117,150,1.36,102,1.8,40.6,12.2,8,9492,7.0,0,0,6,4.2,1,F,no,sedentario
PAC007879,80,92.2,140,47.0,107,80,145,94,77,116,4.8,186,48,151,130,0.68,62,7.3,40.2,15.8,3,1877,5.3,13,3,0,12.0,7,F,si,ligero
PAC007880,66,82.6,144,39.8,100,101,179,86,73,114,5.1,220,30,127,211,0.4,99,7.6,28.9,17.1,0,500,6.4,14,14,3,9.4,4,F,si,sedentario
PAC007881,53,75.7,196,19.7,97,97,135,90,73,141,6.6,253,43,116,326,1.35,89,6.9,26.1,13.1,1,1983,8.7,12,0,1,11.5,5,F,no,sedentario
PAC007882,43,70.1,171,24.0,61,83,130,63,45,89,6.1,164,73,104,87,0.91,80,6.3,37.6,15.6,9,13752,7.5,0,2,6,4.5,2,F,no,activo
PAC007883,32,63.2,165,23.2,66,106,124,72,57,88,5.2,168,55,131,67,1.13,116,3.3,26.3,14.6,10,11889,8.7,3,4,3,6.5,5,M,si,activo
PAC007884,64,105.3,140,53.7,100,103,165,109,69,103,7.2,239,35,132,244,0.57,70,0.1,38.6,16.7,2,927,7.3,7,11,1,14.0,6,F,no,ligero
PAC007885,37,81.5,169,28.5,93,102,100,86,76,72,4.6,172,70,74,40,0.92,93,0.1,37.2,13.5,8,5269,7.9,25,24,1,9.0,7,M,no,ligero
PAC007886,83,78.9,140,40.3,97,102,167,107,86,92,4.7,214,25,128,104,0.65,72,0.8,22.7,14.4,3,3452,5.7,11,11,2,11.6,8,M,no,sedentario
PAC007887,27,55.4,146,26.0,98,75,106,74,63,104,5.3,146,55,59,114,0.83,89,3.2,34.6,12.6,4,5058,7.4,20,22,3,5.6,8,F,no,sedentario
PAC007888,44,62.7,157,25.4,78,96,126,78,65,75,4.1,148,82,137,207,1.27,97,0.2,40.3,16.2,9,15616,7.9,11,5,4,6.2,1,M,no,ligero
PAC007889,62,113.4,191,31.1,107,112,142,76,88,118,7.4,235,50,208,257,1.22,49,7.5,43.0,17.0,0,666,10.1,7,3,1,13.1,8,F,si,sedentario
PAC007890,43,81.1,159,32.1,73,104,115,77,73,93,6.1,200,82,88,51,0.99,115,0.1,38.5,16.0,6,17443,5.8,0,6,5,3.9,3,F,si,activo
PAC007891,66,87.2,140,44.5,88,98,174,86,77,83,5.5,199,49,128,278,0.51,76,7.0,30.7,14.5,0,5083,7.8,11,5,2,6.0,7,F,si,ligero
PAC007892,47,70.9,140,36.2,110,101,157,104,83,102,4.8,258,38,150,324,0.57,65,10.8,31.9,14.5,0,5941,6.8,4,16,4,12.9,1,F,no,sedentario
PAC007893,31,56.3,159,22.3,71,100,116,75,45,114,5.1,138,68,88,97,1.06,119,2.2,25.2,13.3,14,11493,8.0,12,0,2,9.3,2,F,no,ligero
PAC007894,18,72.4,168,25.7,97,92,122,83,81,76,6.1,183,50,146,98,0.66,107,1.8,26.9,12.2,7,10074,8.3,21,34,1,11.0,10,F,no,ligero
PAC007895,87,70.3,140,35.9,100,94,148,117,76,78,6.1,222,25,164,148,0.66,62,5.0,41.7,18.0,2,6846,7.2,13,6,0,9.9,10,F,no,sedentario
PAC007896,90,62.1,140,31.7,93,89,168,114,64,110,5.6,214,25,132,45,0.42,81,2.0,41.0,17.6,1,6875,6.4,14,14,3,11.1,8,M,no,sedentario
PAC007897,20,56.3,169,19.7,79,88,124,67,99,101,4.0,206,55,115,95,1.12,92,2.5,20.8,14.1,2,5873,9.0,18,27,4,11.4,7,F,si,ligero
PAC007898,26,65.9,173,22.0,80,111,124,66,67,90,4.9,142,78,118,191,1.08,130,5.3,49.3,14.5,10,8659,7.9,0,3,5,6.6,2,F,si,ligero
PAC007899,55,80.0,205,19.0,126,81,115,90,85,134,8.2,210,27,227,332,1.25,86,9.4,35.3,15.1,3,6056,8.7,21,9,1,11.6,8,F,si,ligero
PAC007900,35,59.3,168,21.0,74,100,113,81,70,90,4.7,161,66,138,40,1.14,130,3.5,35.0,13.9,10,8977,8.8,0,4,5,6.5,1,M,si,sedentario
PAC007901,45,52.3,163,19.7,79,108,115,70,67,91,6.3,156,62,101,40,0.96,115,1.1,31.5,16.4,6,14494,8.9,1,0,6,8.6,2,F,no,ligero
PAC007902,35,40.2,163,15.1,86,96,129,86,72,65,5.1,154,63,101,40,1.35,101,0.8,35.2,11.0,13,12434,9.1,5,12,8,4.8,0,F,no,activo
PAC007903,31,64.1,161,24.7,73,103,125,68,88,108,5.4,223,58,142,115,1.01,76,3.3,19.2,15.4,3,13057,7.7,17,23,1,7.3,10,M,no,activo
PAC007904,34,69.3,187,19.8,69,105,93,65,58,74,4.8,156,56,96,84,0.87,90,0.1,31.5,16.0,6,9312,8.2,16,0,6,9.7,5,M,si,ligero
PAC007905,43,42.7,165,15.7,73,112,111,87,83,82,6.1,158,67,129,40,1.12,78,2.0,48.6,13.5,9,10473,7.6,4,2,7,7.9,3,M,no,ligero
PAC007906,64,107.8,142,53.5,100,79,163,95,69,101,5.4,270,47,180,116,0.44,91,2.3,20.1,15.0,1,5863,5.2,0,15,3,15.0,4,M,si,sedentario
PAC007907,73,95.3,140,48.6,99,95,140,106,73,112,5.4,263,41,156,55,0.52,65,4.4,43.6,15.5,0,4537,4.7,15,3,2,14.0,6,F,si,sedentario
PAC007908,88,89.1,154,37.6,96,93,161,107,68,95,5.2,209,38,147,213,0.4,64,3.9,29.8,15.8,0,3885,6.7,20,3,4,12.5,6,M,no,ligero
PAC007909,64,81.0,144,39.1,102,107,178,97,80,122,6.3,213,66,116,152,0.46,76,0.7,38.3,17.1,0,711,4.9,8,0,1,9.6,6,M,si,sedentario
PAC007910,61,73.4,197,18.9,112,93,119,93,77,134,7.7,251,34,170,284,1.24,87,5.1,33.6,16.2,0,9452,8.4,13,7,0,11.5,9,M,no,ligero
PAC007911,27,63.8,159,25.2,74,91,112,81,84,104,5.2,155,51,145,175,1.1,105,2.3,32.1,12.1,9,12425,7.6,14,17,5,10.0,9,F,no,sedentario
PAC007912,18,51.6,164,19.2,76,94,125,59,87,92,5.2,139,58,89,105,1.07,110,5.1,20.4,9.2,6,9366,6.9,18,35,3,6.9,4,M,no,ligero
PAC007913,33,73.2,155,30.5,109,116,116,86,85,87,4.5,127,39,110,100,0.83,83,1.7,25.8,12.0,5,10633,8.8,23,13,2,10.1,4,M,si,activo
PAC007914,18,77.6,155,32.3,95,87,93,81,75,92,4.5,146,56,109,137,0.9,106,4.2,25.0,13.6,11,7563,10.4,23,22,4,10.7,8,F,si,sedentario
PAC007915,29,74.5,156,30.6,79,108,104,79,70,75,5.2,177,53,107,102,0.74,99,0.1,18.2,12.8,0,13549,7.9,0,9,0,7.8,2,F,no,activo
PAC007916,55,54.8,168,19.4,86,120,143,65,62,100,6.1,167,74,71,85,1.31,114,0.1,41.8,13.7,6,13368,9.9,8,8,8,5.4,3,M,si,sedentario
PAC007917,69,91.6,146,43.0,97,93,168,94,73,100,4.6,221,67,128,168,0.4,63,1.4,41.6,16.8,4,1598,4.3,24,0,5,12.8,9,M,si,sedentario
PAC007918,73,91.3,145,43.4,89,100,154,91,89,60,5.3,234,41,136,196,0.79,57,3.5,44.8,17.0,0,5023,5.4,16,0,2,13.6,3,M,si,sedentario
PAC007919,81,72.5,194,19.3,125,97,147,102,81,136,6.6,226,25,131,276,1.01,89,6.3,24.9,16.2,3,2166,8.5,3,5,1,9.6,8,M,no,sedentario
PAC007920,84,89.5,149,40.3,95,102,156,94,92,68,7.0,222,35,198,240,0.4,63,3.9,25.4,16.1,4,4844,5.3,15,2,3,15.0,3,M,si,sedentario
PAC007921,30,40.0,168,14.2,103,91,138,82,75,72,4.1,193,83,106,137,0.63,110,3.2,18.7,10.9,9,8661,8.2,15,21,0,14.7,10,M,no,ligero
PAC007922,60,88.2,205,21.0,100,106,144,118,77,152,7.4,265,25,179,288,0.85,49,6.7,20.2,14.5,3,2078,8.9,12,6,2,10.4,7,F,si,sedentario
PAC007923,54,113.6,205,27.0,101,90,123,94,78,129,7.5,237,57,162,228,1.08,92,6.8,40.0,13.7,3,4674,8.1,22,8,2,3.8,7,F,no,sedentario
PAC007924,27,55.1,162,21.0,67,86,101,68,100,75,4.7,175,33,153,147,1.0,82,2.6,30.7,12.3,3,6667,7.8,13,31,3,10.9,8,M,no,sedentario
PAC007925,57,95.5,143,46.7,104,99,159,89,79,92,5.5,254,25,147,56,0.68,65,8.4,22.3,15.9,3,1544,5.6,2,9,1,15.0,4,F,no,sedentario
PAC007926,71,94.8,149,42.7,111,99,162,95,69,89,6.8,249,28,148,197,0.93,99,7.3,23.0,16.6,0,7193,7.5,6,0,3,12.6,4,F,no,sedentario
PAC007927,81,84.8,140,43.3,111,86,181,88,75,110,5.4,237,55,155,153,0.53,54,10.3,32.4,18.0,3,7288,7.1,5,0,1,16.2,6,M,no,sedentario
PAC007928,76,91.0,142,45.1,95,83,154,120,75,132,5.4,191,37,114,210,0.5,48,4.9,44.9,17.6,3,2498,7.6,10,11,3,18.6,5,M,no,sedentario
PAC007929,18,58.7,167,21.0,77,100,134,73,69,86,5.7,222,70,87,40,1.04,110,0.1,32.9,14.3,13,10513,7.6,0,0,5,7.4,1,F,no,ligero
PAC007930,22,60.9,154,25.7,68,108,90,57,61,107,6.7,121,69,146,40,1.37,106,1.2,42.5,15.0,15,13949,8.0,10,0,7,8.9,1,M,no,sedentario
PAC007931,64,92.0,205,21.9,117,96,157,77,83,129,7.1,272,50,174,314,1.17,81,3.2,31.2,15.0,1,4113,9.2,13,0,0,12.8,9,F,no,sedentario
PAC007932,18,66.1,169,23.1,69,95,109,87,55,73,5.9,195,78,161,99,1.38,112,0.1,30.1,14.5,8,10167,9.1,0,0,5,8.4,0,M,si,sedentario
PAC007933,55,77.6,148,35.4,120,90,143,120,66,66,6.1,196,54,145,304,0.5,71,4.3,36.8,16.0,0,2543,5.2,10,7,1,8.8,7,M,no,ligero
PAC007934,18,46.2,166,16.8,64,119,96,62,63,98,4.3,190,54,67,100,1.18,87,1.7,24.6,15.1,9,14616,10.9,5,7,6,5.0,6,F,no,activo
PAC007935,78,89.6,152,38.8,122,105,173,98,71,101,7.1,232,51,146,122,0.4,57,4.6,20.7,16.4,5,7114,6.3,18,0,3,18.9,6,M,si,ligero
PAC007936,75,91.7,162,34.9,101,93,158,76,76,95,6.6,248,60,129,157,0.5,77,7.2,48.0,19.0,1,1617,8.2,7,0,1,15.5,10,M,si,ligero
PAC007937,71,73.2,142,36.3,112,107,135,104,69,88,5.7,224,45,149,124,0.48,92,6.5,41.2,14.1,4,8084,6.6,11,12,1,14.6,8,M,si,sedentario
PAC007938,60,100.4,147,46.5,116,91,169,103,89,104,5.8,197,63,136,169,0.47,89,9.1,47.2,16.8,0,2428,6.0,0,0,1,9.7,2,F,si,activo
PAC007939,54,117.5,197,30.3,110,100,135,89,85,144,6.6,255,47,174,275,1.33,67,1.8,50.7,14.8,0,4184,7.0,13,0,1,12.3,9,M,no,ligero
PAC007940,26,40.6,166,14.7,83,119,112,78,77,80,4.7,164,54,124,138,0.95,101,0.1,29.2,11.8,6,11009,8.8,20,28,1,14.2,6,M,no,activo
PAC007941,53,73.6,153,31.4,74,97,116,67,48,93,5.6,173,55,83,149,1.4,85,3.0,23.0,14.0,7,16945,8.1,0,0,5,11.1,3,M,no,sedentario
PAC007942,18,44.9,158,18.0,103,104,97,61,92,101,5.4,124,43,87,83,1.17,130,2.9,25.5,13.4,7,7750,8.0,25,15,2,8.2,4,F,no,sedentario
PAC007943,19,66.4,177,21.2,75,100,122,73,66,94,7.4,176,34,139,101,1.13,87,0.1,53.6,14.8,8,17033,8.3,9,4,5,3.5,1,F,no,ligero
PAC007944,79,102.5,183,30.6,111,102,144,88,83,121,7.2,229,31,130,290,0.96,103,7.2,20.5,15.0,4,5951,8.9,14,0,0,8.5,9,M,si,ligero
PAC007945,55,81.3,187,23.2,128,91,142,86,76,144,6.3,245,39,175,320,1.11,72,9.2,28.1,17.2,1,500,10.7,10,5,0,9.8,6,F,si,ligero
PAC007946,69,74.3,197,19.1,132,130,134,94,77,134,6.5,268,35,131,231,1.55,87,5.6,40.5,17.1,0,500,9.6,0,4,1,8.0,5,F,no,ligero
PAC007947,49,74.2,143,36.3,129,103,173,107,62,92,6.1,264,52,138,143,0.4,58,5.2,33.8,16.0,0,3240,3.0,0,0,1,12.1,2,M,no,ligero
PAC007948,90,80.0,155,33.3,104,98,146,98,79,63,4.2,230,62,176,181,0.68,61,1.7,31.0,15.9,1,955,5.6,15,0,1,9.9,2,M,no,sedentario
PAC007949,28,76.1,184,22.5,85,109,109,78,61,88,4.3,213,47,96,103,1.0,88,0.1,47.5,14.3,6,12058,9.7,7,6,7,2.3,5,M,no,sedentario
PAC007950,49,96.8,188,27.4,116,119,157,85,65,126,8.2,224,56,178,245,1.03,74,7.8,37.8,13.7,0,3366,10.4,14,2,2,9.7,5,M,no,sedentario
PAC007951,26,41.7,157,16.9,88,98,110,81,69,87,6.5,180,43,97,123,1.24,105,0.1,25.1,12.9,9,14984,8.6,2,5,7,5.6,2,M,si,ligero
PAC007952,18,56.4,164,21.0,78,89,108,73,53,94,4.5,195,60,81,99,1.16,123,0.1,5.0,15.1,13,10993,10.3,6,0,8,8.4,4,M,si,ligero
PAC007953,57,93.1,149,41.9,121,105,147,109,85,81,7.4,228,42,146,232,0.65,58,3.8,30.0,15.6,0,2979,7.3,17,14,3,9.7,8,M,no,sedentario
PAC007954,49,97.0,186,28.0,123,116,135,99,69,131,7.8,281,37,149,266,1.14,54,5.5,41.8,14.2,0,500,9.1,16,4,4,13.4,3,M,si,sedentario
PAC007955,21,57.0,155,23.7,61,82,126,82,60,68,5.3,147,84,57,40,0.93,129,0.9,28.4,15.5,7,11138,6.9,1,7,8,8.6,1,F,no,ligero
PAC007956,69,73.4,167,26.3,113,94,145,99,80,126,5.5,250,56,129,194,0.43,48,4.0,14.8,17.1,0,3542,6.6,4,9,4,13.8,5,F,no,ligero
PAC007957,85,84.0,140,42.9,105,94,182,103,71,124,6.7,166,30,121,193,0.67,56,5.0,30.5,16.6,1,7283,7.2,2,20,0,13.0,3,F,si,sedentario
PAC007958,26,85.6,167,30.7,93,97,144,86,79,104,6.3,172,40,64,64,0.93,117,2.4,22.2,16.4,10,12511,7.5,1,6,5,7.2,3,M,no,ligero
PAC007959,21,55.4,170,19.2,90,133,116,53,89,126,4.3,181,77,135,56,1.06,86,1.1,36.1,13.9,4,10567,9.3,4,1,5,9.9,4,M,no,ligero
PAC007960,66,56.3,166,20.4,89,105,139,83,63,80,5.0,184,60,101,86,0.96,99,3.8,40.9,15.4,12,13361,8.0,20,0,4,9.3,1,M,si,sedentario
PAC007961,47,134.2,183,40.1,103,105,153,97,83,121,9.0,275,40,161,321,1.04,87,9.1,33.5,16.6,0,3339,10.0,12,10,2,7.2,9,F,si,sedentario
PAC007962,78,83.1,147,38.5,125,87,172,88,61,102,5.1,239,65,116,193,0.51,84,4.4,11.3,17.3,4,2611,6.0,20,5,0,9.8,5,M,no,ligero
PAC007963,64,114.2,188,32.3,104,100,125,90,66,136,7.0,268,40,131,240,1.03,65,7.4,51.7,15.8,0,3582,11.0,12,23,3,7.3,6,F,si,sedentario
PAC007964,36,62.7,178,19.8,86,106,111,65,71,91,4.3,148,57,144,99,0.99,94,0.8,8.5,16.1,8,15716,7.0,0,0,6,8.1,4,M,no,activo
PAC007965,30,51.1,152,22.1,60,99,101,64,63,83,4.0,140,58,73,60,1.16,104,3.8,35.7,12.0,10,15674,10.3,10,5,7,4.8,1,M,si,ligero
PAC007966,29,58.0,154,24.5,100,88,107,77,106,96,5.2,208,68,147,122,1.38,80,1.9,32.1,10.6,10,8293,10.4,22,23,1,8.7,10,M,no,sedentario
PAC007967,63,101.1,143,49.4,109,111,160,102,72,141,6.7,217,40,147,158,0.67,73,5.6,21.7,16.9,1,2967,6.2,17,0,2,12.5,7,F,si,sedentario
PAC007968,29,74.9,161,28.9,75,106,97,61,50,89,4.1,126,88,145,182,1.19,91,1.3,37.1,16.1,11,11871,8.5,9,0,4,6.7,2,M,no,activo
PAC007969,24,68.9,166,25.0,85,86,101,69,76,98,5.2,169,35,124,40,1.05,116,0.6,41.6,15.1,5,6853,8.2,1,15,5,8.2,2,F,no,activo
PAC007970,67,89.9,192,24.4,118,94,139,97,76,127,8.7,162,44,164,322,1.12,92,6.7,41.5,14.3,0,500,7.3,3,1,3,12.5,5,F,si,sedentario
PAC007971,50,87.9,148,40.1,94,95,148,96,83,99,5.6,225,38,122,196,0.4,83,7.3,36.5,16.6,2,5114,6.6,18,9,5,19.8,7,M,si,sedentario
PAC007972,56,114.9,190,31.8,114,102,146,95,81,163,7.7,255,27,186,309,1.12,77,6.5,33.9,15.2,0,4535,8.3,4,15,2,8.9,10,M,no,activo
PAC007973,27,60.0,173,20.0,60,78,115,80,60,95,5.9,171,51,103,130,1.07,115,3.4,22.9,18.0,9,15503,9.4,1,6,7,10.4,2,M,no,activo
PAC007974,18,61.6,166,22.4,86,98,118,69,45,100,4.2,118,68,104,162,1.04,93,0.1,34.1,13.8,12,11065,7.1,10,7,8,6.3,1,M,no,ligero
PAC007975,75,90.6,140,46.2,101,99,160,108,80,82,6.0,201,38,147,252,0.47,43,5.6,58.4,16.1,4,8333,5.7,8,9,3,8.9,5,M,no,activo
PAC007976,66,87.2,205,20.7,88,103,128,81,58,116,7.7,254,42,143,239,1.36,37,7.5,17.0,16.2,0,5326,8.8,17,8,1,11.5,8,M,si,sedentario
PAC007977,34,48.3,154,20.4,101,80,104,75,77,68,6.0,192,58,93,146,0.96,87,1.4,8.5,13.6,9,7475,8.5,21,22,2,8.9,8,M,si,ligero
PAC007978,18,65.1,167,23.3,81,92,117,79,64,80,6.1,174,57,158,95,0.95,107,4.2,45.5,14.2,9,16371,7.9,8,0,3,9.1,3,F,no,activo
PAC007979,45,46.6,163,17.5,73,103,126,68,70,106,4.3,272,76,113,53,1.02,92,2.6,20.6,13.9,9,10093,8.6,4,12,4,7.1,3,M,no,sedentario
PAC007980,18,63.3,159,25.0,86,99,114,78,86,96,5.3,193,57,51,213,0.9,105,7.1,28.9,12.3,7,5184,7.5,27,28,0,12.6,8,F,no,sedentario
PAC007981,90,77.5,157,31.4,106,95,158,100,59,93,6.1,260,25,175,260,0.58,45,4.3,44.2,12.2,0,4972,5.9,0,6,2,9.4,8,F,no,sedentario
PAC007982,64,97.9,202,24.0,135,92,134,81,59,120,7.0,248,25,154,189,0.95,86,6.6,46.5,13.8,0,2043,9.1,22,19,2,10.6,9,F,si,sedentario
PAC007983,45,59.8,163,22.5,81,98,131,67,70,65,5.4,110,48,85,116,0.89,122,0.1,27.6,15.4,5,12633,6.9,0,0,5,10.5,4,F,no,ligero
PAC007984,55,90.5,144,43.6,123,99,143,113,82,94,6.3,209,53,137,156,0.5,92,5.7,30.4,15.0,1,6075,6.0,10,0,1,9.6,9,M,no,ligero
PAC007985,74,92.3,205,22.0,122,110,121,88,74,131,7.9,233,26,162,223,1.08,71,5.6,36.6,13.8,0,2843,9.0,16,0,3,15.3,6,F,si,sedentario
PAC007986,67,107.7,185,31.5,93,110,155,86,94,157,7.0,210,36,186,301,1.0,87,7.4,36.2,18.6,0,512,10.8,15,11,2,12.9,7,F,si,sedentario
PAC007987,63,70.8,140,36.1,108,107,129,98,74,99,6.5,230,58,163,229,0.55,100,4.4,43.1,15.0,0,1573,4.0,8,0,4,11.5,6,F,no,sedentario
PAC007988,18,69.3,167,24.8,76,82,126,73,58,101,4.7,142,69,109,108,1.26,100,1.9,16.9,16.0,6,10202,9.3,5,0,7,6.5,6,F,no,ligero
PAC007989,27,75.3,165,27.7,72,84,124,79,72,106,4.2,149,45,81,89,0.82,90,0.1,34.6,15.1,11,13005,10.3,6,0,5,9.0,5,F,no,sedentario
PAC007990,35,56.2,172,19.0,67,102,141,65,66,78,4.4,207,79,141,60,0.98,127,0.3,28.2,11.6,11,13709,7.5,0,8,8,4.5,2,F,no,sedentario
PAC007991,55,88.9,160,34.7,68,94,137,71,88,86,4.0,174,54,147,113,0.9,103,3.7,34.0,12.5,8,8538,8.6,17,9,1,9.5,10,F,no,activo
PAC007992,18,50.7,161,19.6,85,103,132,60,68,99,4.0,174,52,106,84,1.43,96,1.7,32.4,13.7,7,13128,9.1,18,0,3,8.6,6,F,no,sedentario
PAC007993,54,89.6,193,24.1,118,86,140,83,58,120,6.3,176,43,195,251,1.54,75,6.5,22.9,14.7,0,6756,7.8,8,4,2,15.0,8,F,si,ligero
PAC007994,90,79.8,152,34.5,100,93,162,100,76,79,6.3,232,25,113,110,0.81,57,4.6,34.3,17.0,2,3470,8.7,8,0,2,12.1,7,F,no,sedentario
PAC007995,36,66.1,166,24.0,91,110,133,69,57,73,6.3,131,63,115,97,1.17,98,0.1,39.6,14.4,9,11480,9.7,7,7,6,11.2,4,M,si,ligero
PAC007996,22,53.5,147,24.8,117,101,111,74,88,66,4.9,140,56,40,98,1.04,83,3.8,24.6,13.7,5,9355,8.0,26,30,1,10.5,10,M,no,sedentario
PAC007997,72,81.6,140,41.6,97,77,147,91,78,129,5.1,207,61,118,107,0.73,57,3.4,25.0,18.2,0,6353,4.8,1,3,0,9.3,6,M,si,ligero
PAC007998,18,73.7,153,31.5,73,102,123,83,77,86,6.2,190,39,103,179,0.98,107,5.5,27.9,12.0,1,9344,8.3,25,14,3,11.1,10,F,no,ligero
PAC007999,55,86.0,190,23.8,85,124,137,90,81,150,7.8,304,43,158,339,1.0,42,7.3,34.0,15.4,0,708,9.4,9,13,2,10.1,4,M,no,ligero
PAC008000,71,70.3,160,27.5,99,102,179,87,95,110,5.5,232,32,127,208,0.59,63,7.9,30.6,16.5,0,500,4.9,10,17,2,16.1,7,M,si,sedentario
PAC008001,46,102.4,188,29.0,126,94,112,89,73,146,6.7,272,49,139,270,1.26,66,4.2,43.8,10.8,0,4506,11.0,7,3,3,14.6,5,M,si,sedentario
PAC008002,53,89.1,205,21.2,110,101,134,95,87,114,6.5,259,41,154,233,1.14,91,4.1,39.9,19.0,0,3599,7.2,7,11,1,13.2,6,F,si,ligero
PAC008003,66,118.3,195,31.1,131,88,156,84,70,136,7.1,270,31,106,245,1.2,79,7.3,14.0,15.8,0,500,10.2,15,4,1,16.3,10,M,no,activo
PAC008004,18,61.6,164,22.9,90,90,133,83,83,100,5.5,199,72,90,40,1.15,118,5.5,24.1,10.7,5,9775,8.2,20,14,1,13.1,6,F,no,sedentario
PAC008005,36,74.5,162,28.4,96,94,90,72,72,105,4.0,207,55,114,102,0.9,86,4.4,18.9,10.3,4,7502,7.5,12,24,0,5.4,7,F,si,ligero
PAC008006,79,91.2,151,40.0,102,81,163,94,78,82,7.1,264,58,160,158,0.77,70,5.4,40.0,16.5,3,3829,8.0,8,16,0,11.2,9,M,si,activo
PAC008007,53,113.7,205,27.1,129,95,151,85,79,128,7.2,207,35,156,307,1.19,85,1.9,33.7,14.9,0,5188,7.1,6,5,1,13.6,8,F,no,sedentario
PAC008008,23,58.4,158,23.4,102,102,112,89,90,90,4.8,174,35,124,78,0.93,81,5.3,39.6,11.0,4,10194,8.9,20,15,2,12.3,8,M,no,ligero
PAC008009,51,113.8,205,27.1,107,89,135,100,83,131,8.1,245,43,133,284,1.4,74,4.4,47.7,15.4,5,4386,9.9,18,13,2,11.8,6,F,no,sedentario
PAC008010,90,84.9,161,32.8,76,88,176,97,84,114,6.6,221,25,155,171,0.53,61,1.2,38.6,17.0,4,660,6.4,32,7,1,7.6,10,M,no,ligero
PAC008011,56,70.4,192,19.1,116,103,152,78,77,124,6.9,214,49,179,165,1.18,58,8.8,33.9,15.4,0,3807,9.8,16,1,1,11.3,8,M,si,sedentario
PAC008012,18,78.5,145,37.3,85,91,117,85,78,98,5.3,181,68,88,146,0.65,92,3.4,22.6,12.1,6,9572,9.4,27,36,1,12.0,8,F,si,ligero
PAC008013,18,65.4,166,23.7,68,91,138,76,70,86,4.3,207,73,126,123,0.6,101,0.1,22.9,11.1,4,3462,8.1,27,23,0,10.6,8,M,no,activo
PAC008014,18,63.7,159,25.2,74,90,121,77,80,103,4.5,223,70,54,118,1.07,114,5.2,40.8,10.4,7,5588,8.3,23,29,6,9.2,8,F,no,activo
PAC008015,31,93.2,140,47.6,84,104,138,69,87,84,5.0,160,64,76,76,1.02,95,7.5,21.6,12.1,4,5124,8.8,11,32,0,7.7,9,M,no,sedentario
PAC008016,74,76.1,150,33.8,97,104,126,90,80,72,4.6,219,39,154,161,0.57,71,5.2,35.2,14.0,3,3183,4.0,0,4,4,15.4,7,F,no,ligero
PAC008017,90,94.3,154,39.8,109,95,147,96,65,76,5.5,216,28,117,96,0.59,81,5.3,21.5,15.3,5,3872,6.3,1,0,4,9.2,10,F,si,sedentario
PAC008018,90,81.9,187,23.4,124,95,134,89,86,88,7.4,230,33,144,257,0.77,48,6.8,32.6,12.5,0,1985,10.5,7,10,2,11.6,6,M,no,sedentario
PAC008019,42,72.1,140,36.8,92,106,124,82,87,117,4.9,188,77,140,66,1.13,119,4.9,15.8,13.0,3,8091,7.9,29,22,4,9.5,9,M,no,sedentario
PAC008020,33,78.0,162,29.7,67,107,98,66,64,88,5.7,211,73,44,43,1.31,107,2.5,32.5,15.4,9,11896,9.0,7,0,6,6.5,3,F,no,sedentario
PAC008021,31,55.9,171,19.1,82,80,103,76,77,97,4.8,241,50,123,148,0.94,130,3.2,37.3,11.9,0,12235,8.7,8,30,1,11.5,10,F,no,activo
PAC008022,49,79.6,191,21.8,122,93,145,98,67,126,6.1,247,28,157,234,1.1,80,2.5,39.5,14.7,0,500,9.3,7,5,2,15.2,10,M,si,activo
PAC008023,21,54.9,159,21.7,81,117,130,67,52,90,4.9,148,62,114,40,0.82,117,0.1,46.8,13.3,7,12793,6.6,0,16,5,3.6,3,F,no,ligero
PAC008024,24,50.3,165,18.5,102,91,116,56,48,79,4.8,223,52,93,40,0.95,92,0.9,53.9,15.9,5,9397,9.1,12,0,5,9.1,1,M,no,activo
PAC008025,74,113.4,187,32.4,101,116,132,87,64,147,6.4,291,45,145,293,1.28,68,9.4,25.2,13.8,0,3126,7.8,22,2,1,15.0,10,M,si,sedentario
PAC008026,18,58.9,169,20.6,75,91,110,65,59,102,4.9,117,58,55,40,0.86,97,0.1,39.9,14.6,14,14645,7.7,1,0,6,10.7,6,M,no,ligero
PAC008027,50,72.6,157,29.5,85,86,126,82,79,81,5.2,169,44,130,150,1.1,117,2.8,31.6,11.9,3,8765,7.0,13,14,3,9.4,7,F,no,sedentario
PAC008028,23,47.6,161,18.4,68,94,104,52,73,107,6.9,164,62,135,121,0.98,71,0.1,39.0,15.0,12,16032,9.8,17,0,5,7.0,0,M,no,sedentario
PAC008029,79,79.7,160,31.1,105,94,157,102,82,115,6.5,250,56,138,162,0.4,80,2.2,44.3,16.5,0,7092,6.1,9,6,4,13.1,4,M,no,activo
PAC008030,64,60.4,169,21.1,70,102,118,77,62,101,5.8,175,77,87,229,1.08,78,0.1,30.4,13.0,10,13441,8.2,7,13,6,7.2,4,M,no,activo
PAC008031,78,86.1,158,34.5,122,91,135,107,80,113,6.0,228,55,167,242,0.44,54,4.9,13.1,14.4,0,5474,5.9,19,0,1,15.1,5,M,no,ligero
PAC008032,77,72.8,153,31.1,121,91,176,109,70,108,5.6,222,58,146,247,0.4,67,7.0,13.1,12.8,1,3789,7.3,11,0,3,17.8,2,M,no,sedentario
PAC008033,36,85.5,161,33.0,97,108,90,83,45,109,4.3,134,53,66,40,0.96,90,6.3,41.2,11.8,10,13036,9.2,6,0,4,6.0,0,M,no,activo
PAC008034,74,77.4,147,35.8,92,105,172,103,77,101,6.6,168,37,136,241,0.4,84,6.8,40.8,17.0,2,5237,5.7,0,1,4,15.1,4,M,no,ligero
PAC008035,86,82.6,145,39.3,110,93,178,97,63,114,5.4,185,57,154,156,0.48,100,8.2,43.9,16.2,0,5351,7.6,11,2,2,13.4,9,F,no,sedentario
PAC008036,84,77.5,145,36.9,93,100,167,94,96,88,5.8,236,55,117,174,0.5,64,7.0,34.3,16.8,3,2436,6.6,8,0,0,10.3,7,M,si,sedentario
PAC008037,84,94.6,149,42.6,110,97,149,111,88,111,6.4,189,55,126,107,0.75,63,5.3,39.0,14.8,0,1962,6.0,0,14,4,9.6,7,F,no,ligero
PAC008038,31,50.1,157,20.3,61,99,143,66,54,75,5.9,146,91,112,118,0.95,101,0.1,24.7,14.5,10,14094,8.5,0,4,4,6.0,4,F,no,ligero
PAC008039,36,72.6,151,31.8,82,95,113,88,77,82,4.4,211,57,124,40,0.8,115,0.1,10.8,10.5,5,9890,5.9,19,21,2,8.4,6,M,no,sedentario
PAC008040,77,86.1,140,43.9,93,98,161,94,68,103,5.5,187,62,105,266,0.41,70,1.4,32.7,15.7,5,3698,6.7,1,0,0,15.0,10,F,no,sedentario
PAC008041,53,66.2,146,31.1,116,94,163,119,76,95,6.2,238,49,169,178,0.4,67,6.0,36.1,14.9,5,6656,7.3,17,4,1,16.8,6,F,no,ligero
PAC008042,40,69.3,205,16.5,99,103,133,93,95,150,6.2,286,45,192,260,0.98,90,6.4,36.9,16.8,0,3972,11.0,20,0,2,9.1,5,F,no,sedentario
PAC008043,35,45.9,156,18.9,101,91,128,90,54,99,5.6,190,61,62,130,1.18,81,4.1,28.0,14.5,9,13145,8.6,0,1,6,4.4,2,M,no,ligero
PAC008044,44,48.0,170,16.6,80,98,113,73,61,93,4.7,185,69,133,134,1.35,110,1.0,29.8,16.0,10,8486,9.8,0,0,8,3.3,5,M,no,ligero
PAC008045,70,93.5,197,24.1,107,84,130,81,71,143,6.0,229,53,205,331,1.16,90,4.3,36.4,12.2,1,4703,7.8,11,10,1,10.9,9,M,si,sedentario
PAC008046,90,112.9,156,46.4,78,81,179,92,80,112,6.3,229,38,179,164,0.41,53,5.1,31.3,15.8,5,5518,4.7,18,0,1,13.2,10,F,no,sedentario
PAC008047,65,87.3,140,44.5,125,116,165,96,91,104,6.4,251,40,77,200,0.52,55,1.9,36.1,15.5,0,8440,6.4,5,0,5,13.5,8,F,si,sedentario
PAC008048,79,109.6,198,28.0,92,107,125,104,94,129,6.6,236,30,183,343,1.03,74,9.4,50.5,15.7,0,2983,8.7,8,8,0,9.7,3,M,si,sedentario
PAC008049,24,62.4,161,24.1,76,87,121,60,76,106,4.8,212,63,128,99,1.02,125,0.5,13.9,8.8,8,7445,7.3,24,20,1,5.5,8,F,si,sedentario
PAC008050,35,69.8,175,22.8,87,113,113,63,50,95,5.4,130,74,102,101,0.71,109,0.8,32.3,14.7,7,13391,9.3,0,0,5,6.8,3,F,no,activo
PAC008051,48,89.3,192,24.2,107,108,157,98,83,126,6.6,254,34,224,293,1.4,71,5.5,23.8,16.3,3,615,9.1,10,9,1,10.6,9,F,si,activo
PAC008052,18,60.2,152,26.1,74,109,120,80,96,71,5.0,189,43,115,141,0.93,103,2.3,35.6,12.2,5,13184,7.1,25,32,2,9.9,9,M,no,ligero
PAC008053,26,51.5,152,22.3,68,86,132,85,88,115,5.6,154,78,120,98,0.87,130,3.7,14.4,13.1,1,4365,9.0,21,20,0,6.3,7,F,si,sedentario
PAC008054,59,75.6,178,23.9,69,88,110,81,65,93,4.9,122,84,44,138,0.69,97,4.8,40.3,13.3,10,15810,7.5,8,5,7,4.6,5,M,no,ligero
PAC008055,90,95.4,140,48.7,108,114,149,115,81,102,6.6,262,25,108,278,0.4,52,2.5,41.4,13.7,3,500,4.7,8,11,1,15.4,5,M,si,sedentario
PAC008056,62,103.3,147,47.8,119,109,148,89,78,118,5.6,217,64,137,138,0.61,89,9.5,37.1,15.5,0,4265,5.1,18,0,3,17.4,4,M,si,sedentario
PAC008057,37,62.0,160,24.2,74,90,112,73,67,88,5.2,150,50,106,74,0.78,106,0.1,52.8,15.4,8,12842,8.7,7,10,5,6.8,3,F,no,sedentario
PAC008058,87,112.0,140,57.1,115,97,156,90,58,101,5.8,205,55,130,265,0.63,42,6.2,53.1,12.6,2,1963,6.8,4,13,2,11.2,9,F,no,sedentario
PAC008059,37,81.7,165,30.0,64,101,132,65,66,90,4.3,187,91,122,131,0.94,93,0.7,35.0,15.1,4,13439,9.8,8,3,8,7.2,4,F,si,ligero
PAC008060,84,78.5,142,38.9,108,109,176,99,80,102,6.0,273,32,112,72,0.41,75,1.1,34.4,18.1,1,4510,6.3,7,0,0,11.4,7,F,si,sedentario
PAC008061,68,91.9,140,46.9,110,98,159,97,98,105,5.2,225,52,124,277,0.4,59,3.8,29.7,13.2,2,7913,6.0,10,5,2,15.3,8,M,si,sedentario
PAC008062,90,96.0,140,49.0,104,75,175,96,77,100,5.1,207,58,74,236,0.73,69,5.1,27.6,18.0,1,1492,4.0,14,21,2,13.8,8,F,si,sedentario
PAC008063,90,97.3,144,46.9,104,97,150,112,68,94,5.2,203,41,108,206,0.48,72,3.7,40.0,13.4,0,7638,5.4,6,5,2,14.0,10,M,si,activo
PAC008064,63,92.6,205,22.0,113,114,115,86,79,116,8.1,246,25,149,314,1.25,81,8.7,30.5,14.3,0,5712,9.5,14,2,1,13.2,3,F,si,ligero
PAC008065,71,105.4,185,30.8,112,104,156,89,77,155,7.6,261,47,129,204,1.36,61,3.8,45.6,18.1,0,3477,8.0,18,4,2,8.9,4,M,si,ligero
PAC008066,18,61.8,171,21.1,85,106,127,73,56,90,5.2,185,69,84,132,1.2,102,0.1,43.5,13.6,9,13175,5.5,4,0,6,5.8,3,M,si,sedentario
PAC008067,18,90.1,165,33.1,73,95,116,77,71,101,4.5,192,70,102,107,1.08,123,0.6,47.6,15.5,12,11587,8.5,2,7,3,7.8,6,M,no,ligero
PAC008068,40,67.8,171,23.2,94,106,117,66,69,90,4.8,179,65,99,123,1.19,117,0.3,25.2,16.4,12,11710,7.9,0,2,6,4.5,4,F,no,sedentario
PAC008069,24,53.6,162,20.4,98,82,111,88,53,88,5.8,121,73,148,94,1.26,117,4.3,43.9,13.6,7,16254,7.7,0,10,3,5.3,8,M,si,sedentario
PAC008070,29,67.9,156,27.9,88,87,127,68,63,82,4.5,188,45,120,40,1.09,87,5.9,10.4,10.9,5,5007,7.7,22,28,2,13.9,8,M,no,activo
PAC008071,35,71.7,164,26.7,60,108,114,69,69,68,5.1,185,52,99,181,1.27,118,0.1,36.2,12.5,12,14991,9.8,13,11,6,10.7,5,M,no,ligero
PAC008072,56,78.0,141,39.2,82,94,150,82,64,124,5.9,228,35,104,220,0.4,91,0.1,18.1,15.5,0,3229,7.4,4,1,2,9.4,5,M,no,sedentario
PAC008073,20,64.4,175,21.0,83,106,90,71,69,97,4.4,187,66,109,55,1.11,92,0.1,51.6,14.8,10,14735,8.4,0,5,5,3.4,3,F,no,sedentario
PAC008074,34,77.6,165,28.5,80,103,140,76,63,107,4.3,216,68,77,40,1.46,110,3.1,42.8,12.9,8,15332,7.4,0,0,7,9.3,1,M,no,sedentario
PAC008075,18,56.5,153,24.1,72,87,111,60,76,77,5.3,183,76,113,106,1.39,93,0.1,45.4,15.7,7,12442,8.9,0,0,8,9.2,4,F,no,ligero
PAC008076,18,87.5,159,34.6,95,105,100,72,77,60,4.0,159,38,106,64,1.37,92,2.4,42.8,13.9,10,8527,11.0,8,5,6,8.9,2,M,no,activo
PAC008077,30,52.3,160,20.4,81,120,103,65,83,60,6.4,188,63,86,118,1.12,130,0.1,38.6,16.5,8,12772,7.7,0,0,7,6.4,1,F,no,activo
PAC008078,18,54.0,155,22.5,60,93,140,82,60,85,4.9,201,67,40,112,0.93,106,0.3,27.3,14.7,12,7545,11.0,4,2,7,4.3,4,M,no,ligero
PAC008079,43,40.7,171,13.9,83,89,94,81,67,72,5.2,227,55,175,85,1.41,120,2.3,35.4,15.3,9,14022,8.4,10,2,6,7.5,2,F,si,ligero
PAC008080,90,80.2,152,34.7,94,82,161,83,99,99,6.0,202,59,161,144,0.43,66,5.7,46.1,16.2,0,5456,8.0,19,1,3,13.5,4,M,si,ligero
PAC008081,80,85.1,194,22.6,116,100,182,92,75,133,8.2,283,49,156,254,1.31,94,7.5,34.6,14.7,0,3847,9.2,22,0,0,9.3,7,M,no,ligero
PAC008082,56,97.4,178,30.7,91,120,141,90,88,118,6.1,242,38,159,310,1.3,62,5.0,38.9,14.9,0,1181,7.6,17,3,5,15.1,10,F,si,ligero
PAC008083,71,65.1,140,33.2,113,99,162,92,86,114,6.2,175,50,139,200,0.74,56,1.9,29.2,16.6,3,3904,5.3,7,14,3,11.3,7,F,si,ligero
PAC008084,50,76.5,156,31.4,81,75,100,78,65,87,6.5,192,81,111,154,1.06,92,1.6,34.0,14.5,12,13230,7.8,18,0,5,4.9,5,F,no,activo
PAC008085,18,64.0,145,30.4,88,102,130,70,78,84,5.8,197,30,40,40,0.79,106,4.5,22.5,13.1,3,11008,6.2,16,26,2,5.2,6,M,si,ligero
PAC008086,18,56.2,160,22.0,68,98,125,60,66,62,4.2,164,86,132,163,1.08,123,3.5,38.7,15.3,5,12156,6.6,9,0,7,3.6,0,M,no,sedentario
PAC008087,61,57.3,141,28.8,88,95,157,104,60,121,4.5,241,25,104,235,0.46,79,6.0,24.3,12.8,0,2582,7.1,6,0,2,12.9,9,F,si,sedentario
PAC008088,37,66.0,164,24.5,94,120,111,79,88,90,6.3,166,70,93,67,1.08,89,0.8,27.5,11.1,7,8485,8.2,18,30,3,8.1,6,F,no,sedentario
PAC008089,58,79.3,201,19.6,125,99,132,100,78,112,7.5,223,25,124,274,1.06,85,5.5,36.5,16.0,0,2977,9.0,9,0,2,12.6,7,M,si,sedentario
PAC008090,81,73.1,150,32.5,97,84,148,118,67,105,6.9,223,50,118,100,0.56,71,6.4,23.9,16.8,2,6648,7.5,13,9,0,12.0,6,M,no,sedentario
PAC008091,79,79.1,141,39.8,111,81,179,100,63,60,6.0,211,48,126,170,0.53,82,3.8,30.4,16.1,0,6314,7.5,3,7,2,12.6,5,M,si,sedentario
PAC008092,28,67.2,157,27.3,86,94,127,75,93,94,5.8,205,69,101,48,0.74,101,0.1,16.5,12.9,7,6383,8.7,35,30,1,9.0,6,F,no,activo
PAC008093,18,48.7,142,24.2,79,107,106,77,67,81,4.3,159,60,142,91,1.19,91,4.1,43.1,15.3,13,18166,8.2,11,0,4,4.3,1,F,no,ligero
PAC008094,69,76.6,205,18.2,139,105,156,78,86,135,8.3,243,28,160,182,1.26,77,7.0,33.2,14.1,1,2072,8.2,4,18,0,12.0,9,M,si,ligero
PAC008095,62,88.9,162,33.9,115,101,151,105,79,102,5.9,240,42,168,158,0.6,92,1.8,23.5,14.1,3,3941,5.0,0,15,1,14.3,10,M,si,sedentario
PAC008096,32,70.7,158,28.3,62,102,138,69,63,114,5.9,169,47,119,99,0.85,104,0.7,31.7,10.9,7,7851,8.5,19,31,2,10.3,7,F,no,activo
PAC008097,77,72.8,140,37.1,105,105,165,93,88,138,5.1,174,61,138,171,0.4,78,4.4,27.2,16.2,2,5489,3.3,8,1,2,10.1,7,F,si,ligero
PAC008098,27,40.0,144,19.3,71,101,135,69,52,81,4.6,152,79,91,76,1.08,112,3.4,37.6,14.0,7,10464,8.0,10,0,2,8.3,7,M,si,sedentario
PAC008099,67,65.1,148,29.7,104,105,152,100,58,88,5.2,229,65,161,132,0.4,72,0.3,15.6,16.4,0,2530,5.4,1,0,0,7.8,4,F,no,sedentario
PAC008100,87,79.3,141,39.9,90,78,179,105,75,110,6.0,292,33,96,136,0.4,86,9.2,33.5,18.3,1,1635,6.3,6,8,1,11.2,10,F,no,sedentario
PAC008101,90,71.9,152,31.1,113,92,157,88,69,76,7.2,217,56,125,209,0.4,87,1.2,33.5,16.1,1,2692,5.6,9,5,2,12.0,3,M,no,sedentario
PAC008102,58,69.3,205,16.5,128,94,138,97,87,140,8.0,264,25,173,265,0.87,102,5.4,20.1,12.6,0,2812,9.8,8,7,3,11.9,6,M,si,sedentario
PAC008103,61,90.4,204,21.7,113,107,116,103,60,110,7.1,248,62,99,244,1.14,87,2.7,37.0,13.9,1,500,9.4,0,3,0,10.0,5,F,si,ligero
PAC008104,34,77.6,165,28.5,80,97,104,51,45,104,4.9,150,65,92,81,0.88,118,0.7,36.1,14.3,10,13789,8.8,3,10,5,2.6,1,F,si,ligero
PAC008105,64,108.1,200,27.0,122,117,144,79,71,116,8.3,224,25,139,290,1.02,53,10.4,56.4,13.4,1,2534,8.5,8,0,4,13.7,9,F,si,ligero
PAC008106,79,80.1,152,34.7,124,98,175,107,78,96,5.9,263,27,123,85,0.4,63,3.1,31.0,16.0,1,767,5.6,12,0,1,11.8,10,F,si,sedentario
PAC008107,74,78.2,188,22.1,115,87,147,73,73,122,7.6,284,25,174,182,1.16,94,4.8,45.7,14.6,3,1748,9.0,5,0,0,6.9,6,M,si,sedentario
PAC008108,65,114.2,186,33.0,108,112,144,107,80,131,7.0,264,51,152,362,1.25,108,7.1,30.2,15.0,0,2842,10.0,17,5,1,14.8,5,F,no,sedentario
PAC008109,60,86.6,188,24.5,99,89,137,101,79,135,6.5,206,51,190,136,1.17,87,4.1,35.3,14.7,1,3082,8.9,14,1,0,12.9,8,M,no,sedentario
PAC008110,50,76.0,149,34.2,105,112,159,99,81,82,6.0,273,52,178,170,0.5,78,6.1,34.7,16.6,1,500,5.2,22,1,1,11.8,4,F,no,sedentario
PAC008111,18,60.9,184,18.0,103,123,114,67,63,122,4.7,141,55,104,96,1.24,105,2.1,13.6,14.6,9,12558,7.8,0,0,4,4.9,4,M,si,activo
PAC008112,56,94.5,149,42.6,122,100,157,100,76,104,5.7,214,69,142,188,0.47,57,3.6,41.8,17.2,0,7435,4.5,13,10,3,15.8,6,F,si,sedentario
PAC008113,27,95.6,154,40.3,69,90,98,69,73,81,4.6,163,48,107,76,1.11,97,3.2,35.8,17.6,5,11339,9.2,5,5,7,4.0,4,M,si,ligero
PAC008114,18,69.4,150,30.8,86,91,114,78,88,69,5.6,162,66,144,129,1.17,110,2.3,28.1,12.0,5,8088,9.5,28,14,0,7.8,7,M,no,sedentario
PAC008115,21,70.5,159,27.9,76,103,128,71,100,99,5.4,192,55,169,128,0.72,80,0.1,21.6,11.5,6,8300,7.7,17,29,1,8.4,10,F,no,ligero
PAC008116,88,67.6,140,34.5,110,122,160,94,68,105,6.9,216,58,139,170,0.49,57,2.9,31.1,14.5,0,5321,5.7,0,4,1,12.6,5,M,si,sedentario
PAC008117,43,74.5,153,31.8,66,107,106,70,58,114,5.0,203,61,86,136,1.04,102,2.8,32.8,14.9,7,12324,7.8,0,1,3,8.5,3,M,no,sedentario
PAC008118,61,80.7,164,30.0,110,97,156,100,77,131,6.5,187,41,127,94,0.4,123,2.6,22.5,17.1,1,500,5.9,9,0,1,15.9,6,M,si,sedentario
PAC008119,21,79.7,157,32.3,100,87,95,66,61,99,5.5,227,64,82,89,0.9,130,0.1,38.9,14.3,11,13293,9.7,4,1,4,10.8,3,F,si,activo
PAC008120,18,81.3,155,33.8,89,99,123,74,82,74,6.0,184,56,115,92,1.04,82,0.1,15.0,10.7,10,12717,7.4,25,29,0,5.3,6,M,no,sedentario
PAC008121,38,40.0,172,13.5,97,103,108,85,61,88,5.0,150,65,147,142,1.42,121,0.1,21.0,15.7,11,10007,8.6,0,18,2,3.8,3,M,si,activo
PAC008122,44,62.3,160,24.3,82,108,130,93,90,60,4.9,234,53,116,123,1.24,74,5.3,23.2,13.9,3,8058,8.4,7,8,3,9.8,8,M,no,ligero
PAC008123,50,83.1,188,23.5,129,101,147,82,93,89,6.7,286,50,167,254,1.04,100,8.5,35.7,14.4,0,5644,10.8,11,12,3,6.9,5,F,si,sedentario
PAC008124,18,74.3,156,30.5,79,106,136,71,87,86,5.2,158,81,40,122,1.09,119,0.1,43.6,16.2,9,12779,9.0,1,0,3,7.5,2,M,no,ligero
PAC008125,49,105.0,194,27.9,137,104,126,100,82,117,7.4,216,41,132,264,0.97,93,7.2,50.4,15.3,0,7299,8.1,14,0,4,13.0,7,M,si,sedentario
PAC008126,38,58.2,165,21.4,98,103,131,76,71,79,4.6,151,87,111,138,0.98,86,3.8,39.2,16.1,3,18708,9.2,0,0,6,6.9,3,F,no,activo
PAC008127,18,75.0,164,27.9,81,103,98,70,52,87,7.1,194,57,60,106,1.11,102,0.5,44.8,18.1,13,13376,9.7,4,5,4,3.2,4,M,no,activo
PAC008128,45,84.7,168,30.0,110,97,161,91,79,89,6.0,275,51,127,192,0.4,101,3.4,31.5,15.7,0,9491,6.0,0,8,1,14.4,8,M,no,ligero
PAC008129,60,93.2,192,25.3,115,101,132,86,84,132,7.3,250,36,103,191,1.19,72,8.0,27.8,16.5,0,500,9.4,8,12,0,10.7,6,F,si,sedentario
PAC008130,35,64.5,181,19.7,108,84,134,64,81,90,5.3,155,29,95,112,0.91,97,1.5,14.1,11.5,9,7601,6.7,8,19,1,8.6,8,M,si,activo
PAC008131,27,68.5,157,27.8,86,97,121,68,89,81,5.8,157,71,103,40,1.08,87,4.8,29.5,12.9,8,11032,7.7,25,18,3,7.7,10,F,no,activo
PAC008132,38,75.6,164,28.1,72,103,109,85,89,72,4.6,141,77,113,67,0.95,83,4.9,23.3,12.4,6,9790,8.7,20,19,2,10.5,7,F,no,sedentario
PAC008133,36,98.0,200,24.5,116,107,139,88,90,138,7.8,303,29,148,342,1.13,99,5.5,41.0,14.8,0,500,8.1,16,14,1,12.2,6,M,no,sedentario
PAC008134,35,64.6,166,23.4,75,99,125,77,47,94,5.6,192,74,105,88,1.17,115,0.1,38.5,13.7,9,10721,6.7,2,14,5,2.1,7,F,no,ligero
PAC008135,76,82.0,192,22.2,96,95,149,78,71,139,7.5,239,38,188,262,1.35,71,7.9,22.0,15.5,0,2176,8.1,16,5,1,11.8,10,F,no,ligero
PAC008136,22,61.7,166,22.4,94,96,127,71,67,99,4.4,160,63,95,111,1.17,122,0.6,26.1,15.8,9,10760,5.8,1,1,7,7.9,1,M,no,ligero
PAC008137,24,57.0,169,20.0,62,94,105,75,92,70,5.6,222,44,135,234,0.95,92,3.0,16.4,11.0,9,9298,9.5,10,12,0,12.4,6,M,no,sedentario
PAC008138,18,73.7,156,30.3,83,107,119,67,68,74,4.8,204,62,51,61,1.13,96,1.1,36.5,14.0,9,7288,6.1,9,0,5,8.0,5,M,no,ligero
PAC008139,18,49.7,157,20.2,91,119,121,67,61,102,4.8,137,67,121,131,1.14,109,0.1,53.7,15.6,13,11412,5.5,3,6,6,4.6,0,M,no,ligero
PAC008140,80,80.1,148,36.6,111,99,172,103,75,123,5.5,234,34,168,123,0.59,86,3.1,38.7,15.5,0,9764,5.7,1,14,0,10.8,5,F,no,sedentario
PAC008141,78,91.7,198,23.4,114,96,135,96,65,122,7.0,266,54,150,259,1.32,97,9.3,58.1,12.6,0,2057,9.8,23,11,4,8.7,9,M,si,sedentario
PAC008142,72,125.2,204,30.1,123,110,150,81,76,117,8.2,254,41,233,315,1.17,91,6.6,31.7,14.0,0,2610,10.2,3,0,3,8.7,8,F,si,ligero
PAC008143,77,104.3,188,29.5,117,107,126,86,94,132,6.4,189,33,117,270,0.92,73,5.9,32.7,14.1,0,2229,8.3,20,5,0,12.7,9,F,no,sedentario
PAC008144,40,78.6,151,34.5,79,107,141,68,93,89,5.1,195,58,115,156,0.68,107,3.8,15.6,14.3,6,6413,7.0,19,22,1,8.5,7,F,no,sedentario
PAC008145,73,89.7,199,22.7,93,101,141,106,71,111,7.3,239,56,139,265,1.41,87,4.5,40.4,14.8,0,500,8.5,7,0,1,9.6,3,F,si,sedentario
PAC008146,18,41.3,178,13.0,70,114,90,65,65,109,4.0,198,79,96,40,1.15,91,4.1,31.6,14.7,12,10648,6.9,8,0,2,8.5,4,F,no,ligero
PAC008147,36,85.6,148,39.1,76,97,99,78,77,98,5.0,165,57,95,242,0.76,91,4.2,23.9,12.2,3,11279,7.2,15,22,4,3.6,5,M,no,activo
PAC008148,40,51.3,147,23.7,93,88,125,67,76,60,5.6,184,57,143,40,0.94,127,2.4,24.6,10.4,7,6859,7.7,23,27,3,6.8,9,M,si,ligero
PAC008149,27,80.9,173,27.0,77,91,105,86,50,66,4.5,190,72,111,40,1.2,104,3.6,43.0,13.4,11,11002,7.0,0,11,7,2.2,1,M,si,activo
PAC008150,64,95.5,140,48.7,101,103,169,120,79,120,5.5,196,44,196,235,0.44,56,4.8,36.4,16.1,0,7053,6.5,9,3,0,14.5,8,F,si,sedentario
PAC008151,79,101.1,190,28.0,111,111,136,89,74,132,6.4,276,37,159,348,1.12,72,5.8,42.7,15.0,1,5133,8.8,13,6,1,9.7,6,M,no,ligero
PAC008152,79,96.1,195,25.3,124,94,136,84,70,125,8.0,242,26,138,221,1.18,54,3.7,32.3,14.1,3,5977,8.4,22,0,5,10.2,4,F,si,sedentario
PAC008153,18,47.4,140,24.2,100,82,150,75,87,115,5.2,115,65,114,109,1.02,88,1.5,28.9,8.3,6,9742,6.8,24,26,3,6.2,10,M,no,ligero
PAC008154,52,93.2,196,24.3,113,89,140,92,79,120,7.5,283,26,149,199,1.16,87,7.6,37.7,16.0,0,500,7.5,4,1,4,10.8,6,M,si,sedentario
PAC008155,25,75.4,167,27.0,70,103,130,63,72,88,4.9,144,53,88,137,1.03,113,0.9,34.6,13.7,12,13405,8.4,4,11,7,5.6,1,F,si,ligero
PAC008156,30,104.6,161,40.4,105,99,136,65,93,105,6.1,126,60,99,137,1.03,114,5.0,23.4,9.0,2,9388,9.4,19,37,0,8.4,5,F,no,activo
PAC008157,89,64.7,149,29.1,94,106,138,99,78,87,6.2,210,56,119,220,0.86,85,5.9,32.6,15.6,3,8505,5.2,8,5,3,12.3,6,M,si,ligero
PAC008158,53,73.0,176,23.6,99,112,110,69,61,75,4.6,138,65,41,43,1.29,107,2.8,40.2,14.8,10,11060,6.6,0,3,5,10.0,3,M,no,ligero
PAC008159,37,79.8,148,36.4,119,94,145,103,81,87,6.1,262,46,98,167,0.4,88,1.2,38.5,14.8,0,6386,6.1,3,0,2,16.7,3,M,no,sedentario
PAC008160,18,51.8,162,19.7,86,107,98,75,70,89,5.4,189,59,68,83,0.74,102,0.1,38.6,14.6,11,9470,8.7,2,0,3,7.2,0,M,no,activo
PAC008161,87,76.7,143,37.5,108,110,178,120,91,83,5.7,213,37,122,203,0.6,82,3.9,24.2,15.1,0,7219,5.4,18,0,4,8.6,6,M,no,sedentario
PAC008162,20,77.2,161,29.8,69,127,122,75,56,87,4.6,180,44,72,44,0.89,116,3.0,39.7,14.6,7,15531,9.6,3,0,5,7.1,7,M,si,activo
PAC008163,71,95.5,195,25.1,113,105,148,78,75,128,7.1,245,25,106,241,1.11,48,3.6,39.2,15.3,0,4068,10.1,0,14,4,9.6,4,F,no,sedentario
PAC008164,25,66.5,163,25.0,94,99,128,98,82,79,5.0,186,42,119,128,0.98,117,4.0,11.2,11.4,5,6026,8.5,23,26,2,6.2,5,F,no,activo
PAC008165,18,59.2,170,20.5,94,116,105,87,86,69,4.3,182,61,119,101,1.02,97,0.9,23.0,11.3,8,8768,7.4,21,23,2,10.5,10,F,no,ligero
PAC008166,18,78.9,157,32.0,85,77,123,82,91,93,4.9,166,61,157,75,0.82,84,4.2,24.6,13.7,6,9011,9.1,29,31,2,11.3,6,M,no,sedentario
PAC008167,18,54.4,146,25.5,90,88,99,57,82,91,6.7,192,63,110,107,0.94,92,2.8,11.0,10.8,7,4666,7.8,25,20,3,9.6,10,M,no,ligero
PAC008168,66,103.3,155,43.0,109,96,136,102,68,120,5.1,217,58,123,259,0.4,106,1.5,30.1,13.9,4,8591,4.4,15,4,4,10.9,4,F,no,sedentario
PAC008169,76,92.3,152,39.9,134,86,150,88,83,110,6.8,177,61,123,49,0.52,87,1.4,21.7,16.8,4,3279,5.7,0,7,1,14.2,7,M,no,sedentario
PAC008170,35,78.0,167,28.0,84,88,115,66,50,80,5.3,202,79,52,40,1.02,82,0.1,41.4,18.5,11,13022,8.5,2,0,6,6.7,4,M,no,activo
PAC008171,36,74.8,159,29.6,69,102,112,83,73,66,4.2,230,67,94,100,1.13,122,0.1,15.8,12.1,5,10798,8.2,8,0,6,4.0,0,M,no,activo
PAC008172,57,95.1,188,26.9,99,97,165,80,98,142,8.2,286,50,141,258,1.31,79,4.9,25.4,10.9,1,500,10.0,18,7,0,11.3,9,F,si,sedentario
PAC008173,82,88.6,151,38.9,118,75,166,96,79,69,6.0,222,36,136,188,0.4,88,7.5,28.1,16.5,0,7801,4.5,4,10,1,15.7,6,F,si,ligero
PAC008174,72,76.6,145,36.4,132,92,140,113,89,123,5.0,249,53,143,122,0.4,77,2.9,43.3,17.8,1,5121,7.0,2,1,0,15.7,5,M,no,sedentario
PAC008175,28,66.7,166,24.2,63,94,97,76,58,104,4.6,183,51,133,148,1.24,117,3.3,55.5,11.9,8,13856,9.5,0,2,7,2.0,1,F,no,ligero
PAC008176,81,70.1,150,31.2,112,91,166,96,89,114,5.3,292,64,149,163,0.65,81,8.8,29.0,16.1,5,3718,7.8,17,0,3,10.6,7,M,si,sedentario
PAC008177,23,63.8,182,19.3,93,107,120,71,63,86,5.3,130,68,176,133,1.11,109,3.9,12.1,17.9,8,12176,8.7,4,0,3,4.7,3,M,si,sedentario
PAC008178,32,72.7,173,24.3,90,103,128,74,45,67,5.9,164,53,105,102,1.12,111,0.7,31.5,15.1,8,13781,8.9,8,9,5,2.0,2,M,si,sedentario
PAC008179,67,87.1,178,27.5,113,95,125,94,81,135,6.7,254,36,148,236,1.1,102,9.6,50.8,14.5,0,2060,7.9,20,5,0,10.6,6,M,no,sedentario
PAC008180,58,72.0,205,17.1,113,107,125,86,46,132,6.9,229,32,116,198,1.03,60,5.9,24.5,15.7,4,2432,9.2,13,0,2,17.7,6,M,no,sedentario
PAC008181,60,73.7,140,37.6,113,95,147,100,80,111,6.2,161,43,129,209,0.44,66,5.8,30.7,16.9,0,2339,5.7,10,11,3,17.7,6,M,si,sedentario
PAC008182,68,99.6,149,44.9,113,85,163,117,90,70,4.4,269,53,123,163,0.4,60,5.4,32.8,15.3,2,767,7.4,5,3,3,11.3,8,F,no,ligero
PAC008183,50,82.7,149,37.3,83,86,90,71,77,88,5.0,165,38,157,112,1.34,77,5.1,33.6,11.3,10,8568,5.3,23,26,0,5.5,4,F,no,ligero
PAC008184,32,49.8,163,18.7,84,116,101,62,57,85,4.4,189,80,74,127,0.93,75,0.2,35.9,12.8,11,10553,8.5,0,6,5,7.0,1,F,si,activo
PAC008185,74,93.1,198,23.7,101,98,141,104,81,131,7.9,219,42,167,233,1.16,63,6.4,43.6,13.0,0,500,8.3,13,5,0,8.3,10,M,no,activo
PAC008186,81,92.1,152,39.9,105,86,171,89,88,106,6.0,241,43,190,90,0.81,80,7.3,28.0,16.5,0,9937,7.6,14,7,4,12.3,9,F,no,sedentario
PAC008187,73,62.9,144,30.3,106,104,140,106,74,126,5.5,229,38,143,124,0.58,99,5.9,26.8,16.4,3,3198,6.0,13,0,1,7.3,2,F,si,sedentario
PAC008188,48,77.7,164,28.9,96,80,142,75,88,129,5.2,224,51,62,182,0.97,126,5.6,18.8,11.3,4,15265,8.5,22,22,0,11.1,5,F,no,ligero
PAC008189,18,50.0,168,17.7,93,81,115,81,79,86,7.5,132,77,145,164,1.26,74,0.1,10.2,11.9,5,11895,6.5,20,25,6,9.1,8,F,no,ligero
PAC008190,32,65.4,160,25.5,84,90,147,69,91,95,4.4,163,54,110,78,1.24,110,4.8,14.5,10.1,4,7165,7.7,27,6,3,9.5,9,F,no,sedentario
PAC008191,90,81.0,146,38.0,93,109,167,90,71,107,6.0,219,53,128,158,0.76,83,4.0,52.7,13.8,1,6145,6.2,5,2,1,12.8,7,M,no,ligero
PAC008192,33,48.8,171,16.7,78,97,114,76,58,60,5.1,156,54,101,182,1.22,101,1.7,48.2,17.8,6,15263,9.2,20,0,4,3.4,1,F,no,sedentario
PAC008193,28,84.0,159,33.2,90,97,119,71,79,63,4.6,210,55,71,160,0.99,73,0.1,16.1,13.3,3,9425,9.6,1,34,0,7.9,9,F,si,activo
PAC008194,51,61.3,144,29.6,84,112,128,78,67,96,5.8,171,64,115,185,1.12,95,0.2,33.7,16.5,9,16024,9.5,0,0,6,7.3,5,M,no,ligero
PAC008195,40,66.5,168,23.6,60,84,122,84,57,60,5.5,148,77,92,57,1.32,94,3.3,35.1,13.0,6,15226,10.5,0,0,4,5.9,3,F,no,ligero
PAC008196,18,67.5,140,34.4,86,91,90,62,94,72,5.1,142,52,91,44,1.07,100,1.4,27.5,11.0,3,4861,8.8,18,39,1,10.6,4,F,no,ligero
PAC008197,18,82.2,153,35.1,72,88,120,70,84,101,4.7,208,50,81,106,1.2,124,0.3,22.1,11.7,6,6866,6.8,13,28,0,8.6,9,F,no,ligero
PAC008198,18,55.3,168,19.6,84,127,127,66,53,97,4.2,219,73,107,71,1.12,103,0.7,43.3,14.1,9,9239,7.3,3,4,6,3.3,9,M,no,ligero
PAC008199,59,91.6,190,25.4,106,100,130,81,73,142,7.0,248,27,121,235,1.04,75,6.8,40.8,16.4,0,3940,8.6,11,6,1,13.1,8,M,si,sedentario
PAC008200,18,43.4,164,16.1,97,92,109,87,55,113,5.8,156,82,61,40,0.97,76,1.4,24.0,12.9,13,10223,7.9,9,5,5,9.8,5,F,no,activo
PAC008201,18,68.6,161,26.5,76,92,112,71,69,83,5.6,150,48,109,161,0.97,105,2.2,35.5,14.4,7,10138,8.3,10,2,5,6.7,5,M,no,ligero
PAC008202,71,92.2,150,41.0,95,97,172,92,80,103,5.3,197,58,185,120,0.47,41,5.5,37.2,14.7,0,3451,7.3,4,9,0,14.1,6,F,no,ligero
PAC008203,85,74.9,149,33.7,105,88,178,89,89,92,5.9,176,67,127,200,0.6,81,3.9,25.8,16.3,4,4072,5.9,13,3,1,11.5,5,M,si,sedentario
PAC008204,77,104.8,189,29.3,117,103,138,90,89,129,6.4,236,38,125,294,0.98,76,8.6,48.7,15.4,0,500,7.5,18,1,0,11.6,6,M,no,ligero
PAC008205,22,49.6,176,16.0,92,94,126,81,62,90,4.9,178,63,87,75,0.94,103,0.1,27.8,13.6,9,5632,7.4,3,0,6,2.0,3,F,si,sedentario
PAC008206,37,54.1,173,18.1,75,103,121,80,58,77,4.6,216,51,117,60,1.19,90,1.0,45.0,15.4,11,11567,7.7,0,1,8,8.9,3,M,no,ligero
PAC008207,64,104.6,195,27.5,107,114,135,95,77,129,7.0,231,30,160,302,1.05,67,5.6,35.7,13.7,0,2647,9.4,8,1,0,7.4,5,F,no,sedentario
PAC008208,65,78.4,153,33.5,104,102,155,102,69,94,5.8,220,86,167,155,0.78,86,4.0,24.3,16.1,0,3201,7.1,11,10,4,12.8,7,M,no,ligero
PAC008209,20,90.9,153,38.8,115,107,97,76,68,74,4.2,200,66,73,81,1.07,94,0.1,43.3,14.1,6,16328,9.6,4,0,4,5.8,7,F,no,ligero
PAC008210,63,67.3,143,32.9,104,112,167,82,66,113,6.1,221,46,70,92,0.4,85,0.6,31.3,15.1,4,2023,4.1,0,8,1,11.9,3,F,si,sedentario
PAC008211,23,66.9,156,27.5,84,106,115,69,69,66,5.2,191,60,96,67,0.93,111,0.1,29.9,17.0,8,15071,8.5,16,0,4,9.3,2,F,si,sedentario
PAC008212,25,45.8,156,18.8,74,98,106,69,95,87,5.6,193,52,118,154,0.71,95,4.4,21.4,14.5,7,9641,7.7,34,23,2,13.1,6,F,no,activo
PAC008213,68,88.6,193,23.8,115,101,123,102,88,125,7.7,210,28,146,246,1.19,93,10.9,34.4,14.7,0,9992,7.8,17,9,1,11.4,8,F,si,sedentario
PAC008214,88,67.0,155,27.9,103,97,177,85,82,104,6.6,204,52,119,91,0.54,56,4.5,13.0,15.5,3,7081,6.1,4,15,3,15.7,4,M,no,ligero
PAC008215,53,61.8,162,23.5,93,112,151,72,71,95,5.5,182,76,105,80,1.25,88,5.0,32.1,14.2,10,12916,7.7,8,0,7,4.8,2,M,no,ligero
PAC008216,58,103.8,143,50.8,99,92,180,108,71,96,5.9,330,57,172,203,0.4,52,7.1,31.5,16.2,2,4196,7.2,14,0,2,11.3,8,M,no,sedentario
PAC008217,18,57.7,155,24.0,77,95,147,66,72,69,7.8,150,69,81,113,0.88,91,4.5,40.3,13.7,7,11400,9.7,0,0,4,10.0,4,M,no,ligero
PAC008218,76,117.9,149,53.1,94,102,142,95,79,113,5.8,261,64,170,141,0.8,79,2.2,16.3,17.5,0,5387,6.0,18,0,1,8.3,6,F,no,sedentario
PAC008219,76,69.0,195,18.1,121,116,154,87,72,135,6.8,194,49,142,375,1.05,72,5.9,43.8,14.1,0,2392,8.4,8,1,1,16.1,10,F,no,sedentario
PAC008220,86,88.0,151,38.6,125,94,137,95,74,98,5.7,253,50,133,220,0.41,82,1.9,31.0,14.4,0,2741,7.7,0,9,7,10.1,8,M,no,sedentario
PAC008221,73,89.7,153,38.3,94,114,165,101,78,106,5.7,192,47,124,147,0.48,77,3.7,45.7,17.0,0,6545,4.9,0,5,3,13.6,5,F,si,sedentario
PAC008222,25,66.6,159,26.3,79,110,139,78,71,106,4.7,204,75,98,40,1.15,130,0.1,37.1,14.6,3,11260,7.1,10,21,5,6.8,6,M,si,ligero
PAC008223,64,91.4,144,44.1,100,103,164,97,66,94,6.9,196,76,103,105,0.66,67,6.9,40.4,16.7,3,1328,7.3,10,4,2,10.0,7,F,no,sedentario
PAC008224,61,92.7,199,23.4,131,109,142,81,76,112,8.3,256,25,95,273,1.42,84,4.7,55.3,17.6,0,5209,11.0,8,0,1,12.0,7,M,no,ligero
PAC008225,18,76.4,164,28.4,88,91,113,86,82,106,5.1,131,65,103,208,0.76,113,1.5,21.4,13.2,5,10577,6.1,7,20,2,10.5,4,M,no,activo
PAC008226,33,71.6,161,27.6,68,90,131,74,65,97,4.5,177,52,126,53,0.88,114,1.0,33.0,14.6,10,12657,8.6,9,0,5,7.2,8,F,si,sedentario
PAC008227,20,67.0,163,25.2,77,91,114,85,87,109,5.6,213,67,93,112,0.91,102,2.4,25.5,11.1,2,10163,7.5,31,15,3,5.3,7,M,si,ligero
PAC008228,75,70.1,150,31.2,111,93,163,110,63,105,5.5,211,54,144,105,0.47,53,5.9,41.4,14.7,2,3925,4.9,14,8,3,13.0,9,F,si,sedentario
PAC008229,18,59.7,143,29.2,89,105,103,82,60,81,5.0,139,59,136,99,1.16,117,0.3,43.5,14.1,6,15701,10.5,0,6,5,10.9,0,M,si,ligero
PAC008230,81,75.2,198,19.2,112,104,169,77,77,156,7.1,192,42,202,224,1.13,81,6.2,43.3,15.2,4,3017,6.7,7,15,2,7.6,8,M,si,ligero
PAC008231,31,62.9,159,24.9,82,96,117,65,67,82,6.1,140,85,113,40,1.05,69,2.8,28.1,15.1,9,17201,7.6,1,6,8,7.4,2,M,si,sedentario
PAC008232,62,90.3,140,46.1,92,95,156,106,93,85,6.0,198,47,132,143,0.51,64,4.3,32.5,13.6,0,897,4.9,0,0,2,9.7,5,M,si,sedentario
PAC008233,28,92.5,157,37.5,75,85,127,71,68,110,5.2,264,57,69,71,1.14,129,3.7,26.1,10.7,6,6840,8.1,6,29,0,11.0,5,M,no,ligero
PAC008234,35,61.0,156,25.1,93,99,126,81,91,72,4.2,196,48,128,92,1.19,108,3.6,27.4,12.9,7,7710,8.6,10,32,1,13.2,10,F,no,ligero
PAC008235,31,53.2,173,17.8,60,120,138,99,56,60,4.0,226,52,120,40,0.84,102,0.4,18.6,13.9,11,6485,10.3,2,0,6,7.2,1,M,no,ligero
PAC008236,31,65.0,168,23.0,93,91,119,75,62,121,4.6,178,77,78,105,0.93,68,2.2,50.9,14.1,5,12295,8.9,8,10,8,9.1,3,F,no,sedentario
PAC008237,75,99.1,193,26.6,116,109,130,97,78,136,6.9,220,37,156,328,1.13,64,8.8,30.8,15.5,0,1707,8.3,18,11,2,17.1,9,F,no,ligero
PAC008238,63,90.5,140,46.2,116,102,146,101,85,106,4.8,174,29,182,171,1.03,67,4.9,27.7,16.4,0,6158,5.2,3,1,3,13.3,6,M,no,sedentario
PAC008239,79,81.9,204,19.7,112,110,147,78,88,133,7.8,250,49,110,286,1.18,75,7.7,32.5,15.6,2,2429,8.6,6,0,1,12.6,3,M,si,sedentario
PAC008240,57,108.2,140,55.2,76,88,174,102,77,111,5.0,189,60,162,198,0.66,65,5.3,29.6,16.8,5,6315,6.0,8,9,1,11.7,5,M,si,sedentario
PAC008241,19,53.7,151,23.6,122,76,118,65,86,81,4.7,198,75,130,89,0.67,108,3.8,32.4,14.3,3,8880,9.0,33,22,2,10.2,8,M,no,sedentario
PAC008242,46,57.0,183,17.0,73,109,112,88,70,91,5.2,184,66,82,50,0.83,108,0.1,26.4,13.3,12,12147,7.8,0,5,6,7.5,3,M,no,ligero
PAC008243,69,81.9,200,20.5,125,85,140,92,74,126,8.1,284,41,145,357,1.33,74,5.5,31.5,13.9,0,2987,11.0,18,3,0,6.8,9,M,no,sedentario
PAC008244,61,89.6,194,23.8,114,109,156,104,81,130,8.7,269,32,215,309,1.12,63,2.9,40.2,16.1,0,1920,8.9,13,11,2,13.5,7,M,no,sedentario
PAC008245,48,83.0,201,20.5,111,105,126,83,78,113,7.2,246,28,128,189,1.39,82,8.4,16.7,13.7,3,591,7.1,6,15,2,13.4,5,F,si,ligero
PAC008246,74,70.8,154,29.9,96,83,171,102,90,106,6.1,237,55,161,136,0.42,119,4.3,36.0,16.4,0,5162,5.8,4,6,0,10.3,4,M,no,sedentario
PAC008247,31,72.8,155,30.3,80,101,107,71,85,100,4.9,208,59,120,40,1.18,107,2.2,15.3,13.2,1,8497,7.5,25,31,1,9.2,10,F,si,sedentario
PAC008248,44,80.3,173,26.8,68,107,124,72,66,89,5.3,162,56,148,205,1.22,107,2.7,43.7,15.4,5,12902,7.7,0,6,4,5.7,8,M,si,ligero
PAC008249,86,79.0,140,40.3,83,103,167,72,73,99,6.4,272,34,174,210,0.4,83,4.2,29.6,15.9,4,500,7.5,3,0,2,17.5,6,F,no,ligero
PAC008250,78,83.2,140,42.4,109,83,173,102,63,92,6.5,196,28,134,268,0.67,76,4.0,32.0,18.2,0,5495,6.0,13,15,3,12.1,7,F,no,ligero
PAC008251,23,66.7,160,26.1,68,88,114,67,59,97,5.0,177,67,50,45,0.91,123,0.1,30.7,14.9,10,13030,9.7,2,0,7,4.1,3,F,no,sedentario
PAC008252,41,63.5,170,22.0,78,114,126,75,65,73,4.6,178,47,104,45,1.2,80,0.8,38.9,16.2,10,10621,9.0,12,3,4,6.0,5,F,no,ligero
PAC008253,38,69.2,179,21.6,72,90,104,75,58,93,6.6,180,77,98,40,1.27,104,0.1,32.2,15.5,10,9267,5.9,0,0,6,2.8,0,F,no,ligero
PAC008254,56,59.8,151,26.2,124,95,158,99,73,112,6.0,252,25,178,48,0.48,77,1.3,30.2,15.2,4,7024,6.3,4,0,4,14.4,6,M,si,ligero
PAC008255,36,60.7,152,26.3,73,110,122,56,58,109,6.5,198,69,88,70,1.35,122,0.7,35.2,14.3,6,11074,5.4,12,1,5,5.6,3,M,no,ligero
PAC008256,18,87.1,155,36.3,86,95,121,79,68,108,4.5,190,39,91,108,1.16,94,3.8,10.6,11.9,8,9909,6.6,15,24,5,13.5,9,F,si,activo
PAC008257,38,72.6,150,32.3,94,105,167,87,53,120,6.6,262,51,128,201,0.4,100,2.3,29.2,18.5,3,4809,4.5,13,0,1,10.0,6,F,si,ligero
PAC008258,55,70.9,145,33.7,113,98,147,111,75,97,6.0,221,66,164,139,0.4,74,0.1,38.9,15.2,1,3920,8.4,9,13,1,13.6,8,M,si,sedentario
PAC008259,51,102.9,143,50.3,116,96,165,102,87,81,4.6,201,37,95,110,0.56,73,8.3,35.0,15.1,1,5803,6.4,19,9,1,15.4,8,F,si,sedentario
PAC008260,23,46.6,161,18.0,95,79,134,79,77,73,6.0,168,55,99,105,1.14,96,6.3,22.8,10.1,5,15195,8.3,11,23,3,9.1,9,F,no,ligero
PAC008261,24,49.4,155,20.6,73,94,124,88,79,75,5.0,122,65,50,126,0.84,86,1.6,38.5,14.5,10,11478,8.3,10,12,5,6.1,2,F,si,ligero
PAC008262,33,41.9,160,16.4,89,115,123,77,63,80,5.3,190,80,103,111,1.4,72,2.9,33.0,14.3,7,14343,8.0,0,0,7,7.4,0,F,si,ligero
PAC008263,50,105.6,197,27.2,119,106,137,81,81,129,6.7,221,58,183,253,1.3,94,6.2,31.6,16.0,0,3303,8.3,12,0,4,7.2,4,F,no,sedentario
PAC008264,18,68.7,151,30.1,95,99,120,79,85,107,4.0,153,25,104,93,0.64,116,5.6,31.8,12.2,4,9834,9.2,20,9,0,9.0,7,M,no,sedentario
PAC008265,70,94.0,140,48.0,108,90,167,108,74,106,7.1,216,55,117,269,0.4,67,10.9,38.7,13.2,1,5850,5.5,8,5,1,10.3,6,M,si,activo
PAC008266,18,94.6,154,39.9,79,84,112,62,74,83,6.9,156,56,118,171,1.23,111,4.6,19.6,13.2,5,13035,7.1,19,16,4,11.1,7,M,no,sedentario
PAC008267,32,63.6,146,29.8,96,84,137,79,76,64,5.2,178,73,136,80,0.93,99,1.2,16.5,10.8,5,9112,6.1,4,39,0,7.5,9,M,si,activo
PAC008268,23,62.6,153,26.7,114,104,123,78,79,80,4.5,185,39,142,107,0.68,109,5.0,14.5,10.5,5,4083,8.1,5,26,0,11.7,10,M,si,ligero
PAC008269,77,101.1,154,42.6,89,97,156,97,77,83,6.1,211,44,144,278,0.56,85,3.1,37.3,18.8,2,2539,5.7,16,6,0,16.3,6,F,no,ligero
PAC008270,75,76.3,151,33.5,97,95,130,96,84,91,4.9,203,36,114,108,0.7,73,4.0,35.5,16.4,0,2926,6.3,13,9,1,7.3,7,M,no,sedentario
PAC008271,72,101.6,205,24.2,143,101,142,95,99,132,8.0,226,33,182,368,1.08,80,4.6,35.5,12.5,0,1581,9.2,6,3,3,11.4,9,M,no,ligero
PAC008272,58,59.0,152,25.5,67,116,122,66,78,103,4.7,123,72,83,156,1.55,92,4.9,41.9,14.2,7,14876,7.3,3,0,5,6.7,2,M,no,activo
PAC008273,20,51.1,170,17.7,69,101,120,57,69,102,4.8,199,43,149,43,0.89,100,2.5,44.3,17.7,9,8167,6.5,0,0,6,6.1,0,F,no,ligero
PAC008274,77,88.5,198,22.6,102,94,164,98,82,159,6.8,207,46,174,289,1.17,67,6.0,28.7,16.2,0,1399,8.7,4,0,2,10.5,10,F,si,sedentario
PAC008275,64,86.7,152,37.5,96,84,162,93,72,76,5.5,245,62,88,119,0.63,90,6.8,19.0,16.8,2,1981,6.8,15,0,3,12.6,6,F,no,sedentario
PAC008276,53,89.8,140,45.8,92,104,170,103,68,97,4.9,185,60,160,241,0.45,74,2.1,46.1,17.1,1,2328,4.8,7,19,5,15.6,6,F,si,sedentario
PAC008277,28,55.5,143,27.1,90,104,124,78,84,67,4.4,208,51,139,189,0.99,89,3.8,31.4,12.9,6,9494,7.6,26,25,0,6.6,9,M,no,sedentario
PAC008278,27,58.0,149,26.1,103,104,101,67,83,118,6.2,196,64,138,105,1.07,101,2.6,23.2,14.6,5,9277,8.3,17,30,1,9.0,6,F,no,sedentario
PAC008279,45,87.2,162,33.2,80,114,140,61,51,102,4.5,195,75,121,143,1.15,74,0.1,35.7,13.2,5,9878,7.1,0,5,6,9.0,0,M,si,activo
PAC008280,38,56.8,169,19.9,78,96,90,87,60,80,4.7,155,57,107,40,0.86,111,3.0,37.7,13.8,8,10951,7.1,3,12,7,5.5,3,M,si,activo
PAC008281,63,99.8,198,25.5,126,109,132,81,76,116,6.9,253,41,86,278,1.05,73,7.9,48.4,16.7,0,2789,8.5,0,4,3,7.0,6,F,si,activo
PAC008282,19,45.4,166,16.5,75,103,136,77,69,60,5.3,158,56,59,125,1.22,92,0.6,36.5,15.4,5,9535,7.1,7,9,8,5.2,6,F,no,ligero
PAC008283,43,108.5,187,31.0,132,111,116,92,90,131,6.7,225,30,89,301,0.83,87,1.8,39.6,13.6,0,9998,8.0,8,1,0,12.2,9,F,no,sedentario
PAC008284,29,47.1,170,16.3,63,116,117,70,63,77,4.4,202,36,62,123,1.19,105,1.5,43.6,13.6,3,7564,8.8,7,8,6,5.3,3,F,no,activo
PAC008285,59,66.8,204,16.1,131,100,132,87,60,129,6.4,234,25,155,296,1.05,60,6.4,28.9,14.7,0,3801,9.4,10,2,2,12.4,4,F,no,activo
PAC008286,66,78.1,149,35.2,97,95,165,92,80,96,6.6,233,41,118,199,0.55,107,2.9,32.4,15.5,0,3597,6.6,7,6,2,12.6,6,F,no,sedentario
PAC008287,31,49.0,161,18.9,75,103,115,62,55,87,5.8,150,73,90,48,0.71,118,0.1,36.7,14.4,6,12358,8.8,2,0,4,9.1,4,M,si,activo
PAC008288,46,70.1,146,32.9,72,124,128,67,65,85,4.4,156,64,88,53,0.79,130,1.3,48.3,15.9,7,11539,7.4,0,0,6,7.6,3,M,si,activo
PAC008289,52,83.2,143,40.7,115,90,166,101,72,92,6.2,208,29,126,123,0.56,63,7.3,19.0,17.1,0,4032,6.5,0,6,1,11.7,5,M,no,sedentario
PAC008290,24,75.5,149,34.0,91,94,122,65,67,60,4.3,149,54,120,40,0.96,92,3.1,27.4,14.1,6,10862,7.9,6,18,5,5.1,4,M,si,ligero
PAC008291,18,56.0,162,21.3,77,86,127,70,80,80,6.0,145,60,140,67,1.16,79,2.4,15.0,11.1,7,8294,8.1,14,24,3,6.5,7,F,no,ligero
PAC008292,18,65.7,177,21.0,94,96,130,82,54,83,5.4,178,100,121,40,1.18,87,3.3,41.3,16.2,11,12001,6.2,0,0,5,5.2,1,F,no,ligero
PAC008293,75,72.4,147,33.5,118,82,174,101,74,130,6.4,223,34,155,174,0.55,45,6.4,40.3,12.5,2,1212,5.7,6,7,4,14.5,7,M,si,sedentario
PAC008294,18,75.6,148,34.5,78,83,119,70,82,70,5.6,198,48,186,121,1.11,91,6.6,30.6,13.9,8,8088,6.8,21,36,4,6.3,7,F,no,sedentario
PAC008295,77,118.7,144,57.2,96,104,178,98,88,92,5.1,232,45,124,155,0.73,87,6.1,43.8,14.2,0,3832,8.2,18,5,3,9.3,4,M,si,sedentario
PAC008296,24,59.8,159,23.7,75,110,129,55,45,74,4.5,203,67,85,40,0.79,94,1.7,45.0,11.4,7,9910,8.8,13,2,6,10.6,3,F,no,ligero
PAC008297,78,94.9,159,37.5,80,92,148,116,62,115,5.9,252,52,124,152,0.47,72,6.8,28.1,15.5,0,3231,6.8,12,0,2,18.0,7,M,no,sedentario
PAC008298,85,103.4,144,49.9,110,81,150,97,63,111,6.3,208,36,134,104,0.54,46,2.8,30.2,16.4,3,6786,5.8,11,0,1,13.2,6,F,no,sedentario
PAC008299,18,79.4,166,28.8,96,101,123,61,64,85,4.5,131,74,40,162,1.0,107,0.1,44.6,16.6,8,10124,8.7,0,0,3,5.1,5,M,no,ligero
PAC008300,90,68.7,140,35.1,144,88,182,93,73,85,5.6,219,57,129,170,0.73,104,1.0,24.7,16.4,1,4231,7.4,7,0,1,10.2,5,M,si,ligero
PAC008301,90,79.3,149,35.7,106,103,158,106,77,69,6.1,210,54,174,186,0.4,52,3.9,18.1,16.4,2,6989,6.6,14,6,4,16.8,6,F,si,sedentario
PAC008302,51,90.1,157,36.6,107,122,135,103,78,79,6.0,213,52,143,229,0.51,77,3.7,25.0,15.3,2,3773,5.2,17,5,2,13.5,8,M,no,sedentario
PAC008303,74,105.0,182,31.7,120,89,161,96,64,117,8.3,287,33,135,285,1.0,59,4.0,37.8,14.6,0,8128,9.1,16,5,3,10.5,4,F,si,sedentario
PAC008304,89,83.1,162,31.7,114,108,152,97,69,109,5.9,201,60,101,335,0.48,78,5.2,44.7,15.6,2,4721,6.4,9,2,2,11.6,10,F,si,sedentario
PAC008305,27,64.6,171,22.1,77,88,131,86,66,107,5.5,240,48,112,81,1.09,109,0.1,32.1,16.9,9,14290,7.3,0,0,5,2.6,2,F,no,activo
PAC008306,63,103.1,198,26.3,133,106,131,95,95,120,7.5,213,37,148,219,1.34,64,8.6,30.3,13.6,2,1679,8.8,15,5,0,6.3,10,F,no,ligero
PAC008307,85,126.6,187,36.2,141,100,146,88,60,137,8.0,247,25,148,343,1.27,73,6.0,41.0,14.4,1,3445,8.8,9,12,1,11.1,6,F,no,sedentario
PAC008308,87,84.8,204,20.4,116,115,143,88,76,161,6.3,251,33,231,356,1.24,71,5.8,38.5,15.3,1,500,9.6,15,10,3,12.2,7,M,si,sedentario
PAC008309,18,77.5,162,29.5,76,94,148,89,90,77,4.2,146,49,121,40,1.08,126,2.2,24.1,9.0,7,3859,8.3,20,24,2,11.9,7,M,si,sedentario
PAC008310,28,59.1,157,24.0,89,95,125,74,57,60,4.9,125,49,141,245,1.07,101,4.2,42.1,17.0,10,9584,6.8,7,0,4,8.5,3,F,si,sedentario
PAC008311,71,96.5,142,47.9,100,105,144,91,75,102,6.2,246,38,191,172,0.84,77,4.6,36.8,18.1,1,3514,7.3,2,1,3,16.6,3,F,si,sedentario
PAC008312,23,43.6,167,15.6,61,123,128,62,80,105,5.3,180,83,61,125,1.04,117,0.2,39.8,14.8,11,16452,8.9,1,0,6,5.0,4,F,no,sedentario
PAC008313,87,102.0,140,52.0,100,81,165,89,76,121,5.3,233,47,171,137,0.4,94,5.8,42.5,17.4,7,500,7.4,2,5,1,10.5,3,F,no,ligero
PAC008314,23,44.3,166,16.1,81,101,113,68,60,93,4.8,110,63,96,54,1.28,99,0.1,37.2,15.1,6,11717,7.2,10,2,9,7.5,0,M,no,ligero
PAC008315,73,103.2,144,49.8,116,80,165,119,68,89,4.7,225,47,118,74,0.59,73,4.6,33.9,15.0,3,5991,6.0,19,3,1,19.6,7,M,no,sedentario
PAC008316,60,92.9,192,25.2,112,101,136,77,73,121,8.8,236,38,160,191,1.48,71,6.8,31.5,17.6,0,4018,10.4,15,0,2,12.6,10,F,si,sedentario
PAC008317,61,97.9,142,48.6,113,95,144,104,79,94,5.8,242,30,109,155,0.53,55,4.4,38.4,16.3,0,1506,4.7,16,0,3,14.9,9,F,si,sedentario
PAC008318,52,93.3,143,45.6,96,96,158,99,79,122,5.9,152,58,145,140,0.4,69,7.7,36.1,16.2,0,2958,5.9,16,1,1,16.7,9,F,si,sedentario
PAC008319,80,94.3,187,27.0,118,108,142,86,71,104,6.5,249,47,112,215,1.16,22,5.8,58.3,15.0,2,500,9.3,13,12,2,9.8,9,F,no,sedentario
PAC008320,74,104.7,194,27.8,111,101,130,103,87,111,8.2,230,49,158,267,1.18,105,1.8,42.5,13.8,0,2442,8.3,19,3,0,10.1,7,M,si,ligero
PAC008321,26,69.5,167,24.9,96,75,145,80,66,99,4.8,180,60,109,70,0.61,73,3.4,42.5,11.3,9,8307,6.2,9,31,2,9.4,9,F,no,activo
PAC008322,30,56.4,151,24.7,64,89,118,85,59,72,5.8,186,67,49,75,1.11,104,1.5,23.5,14.1,11,9702,6.7,0,4,3,5.2,4,M,no,activo
PAC008323,55,99.2,195,26.1,125,105,142,81,85,111,6.9,233,32,132,319,1.19,68,4.4,43.8,15.2,0,4314,10.0,16,6,3,15.4,9,M,no,sedentario
PAC008324,59,49.1,180,15.2,92,109,98,62,63,97,4.8,199,61,128,139,1.04,101,2.1,26.8,16.9,4,13324,7.3,8,8,5,4.8,2,M,no,activo
PAC008325,73,104.1,185,30.4,120,89,141,76,73,146,7.7,237,45,203,251,0.91,83,7.9,31.6,13.8,3,7003,8.0,22,6,3,12.6,4,M,si,sedentario
PAC008326,90,83.4,151,36.6,99,109,155,98,70,101,6.0,229,43,188,145,0.42,71,4.1,24.2,17.4,2,4710,6.0,14,3,5,7.2,5,M,no,ligero
PAC008327,46,79.7,169,27.9,84,91,121,67,70,78,5.3,189,49,99,82,1.19,111,2.6,46.5,15.8,8,13541,9.2,9,8,6,5.1,1,M,no,activo
PAC008328,24,46.3,164,17.2,80,83,93,73,60,89,5.9,175,74,84,168,1.0,93,2.4,33.3,14.9,8,10291,6.7,5,1,5,8.6,3,M,no,ligero
PAC008329,49,81.4,156,33.4,109,90,171,93,75,110,5.7,286,41,147,235,0.63,68,1.5,45.6,15.6,0,5232,5.2,5,8,3,11.8,9,F,si,ligero
PAC008330,28,87.7,162,33.4,98,90,139,83,91,77,5.1,179,65,88,43,0.88,107,3.5,14.6,12.8,10,9629,8.3,20,27,0,4.4,10,M,no,activo
PAC008331,32,80.3,166,29.1,74,101,90,77,54,88,4.2,194,60,81,101,1.06,106,2.9,39.0,14.3,6,12571,9.2,0,0,5,2.2,0,F,no,ligero
PAC008332,18,73.7,152,31.9,82,83,123,69,84,124,5.7,241,34,156,170,1.12,74,4.1,19.4,12.5,5,10210,8.3,20,35,2,11.6,4,M,no,ligero
PAC008333,34,40.8,153,17.4,69,95,128,86,83,91,5.6,146,66,153,154,1.0,97,0.5,16.8,10.9,6,10441,8.2,19,24,2,7.4,8,F,si,sedentario
PAC008334,65,78.1,143,38.2,118,112,160,103,75,114,6.6,242,33,99,206,0.56,58,3.6,25.0,17.7,4,500,5.2,12,7,4,14.8,7,M,no,sedentario
PAC008335,18,58.7,162,22.4,117,99,136,67,82,90,4.6,169,48,153,78,0.56,107,2.2,29.3,11.1,7,9518,6.1,17,27,0,12.1,6,F,no,sedentario
PAC008336,68,84.8,154,35.8,112,97,148,96,79,115,5.4,234,37,104,220,0.4,77,4.0,34.0,14.9,2,8363,6.8,0,0,3,12.6,9,M,si,ligero
PAC008337,31,60.0,158,24.0,98,97,123,77,74,102,4.0,215,88,93,71,0.72,98,0.1,47.7,12.7,11,16537,7.1,4,2,4,6.1,6,M,si,ligero
PAC008338,59,92.4,167,33.1,114,98,172,90,73,100,5.4,226,47,165,133,0.61,75,0.1,33.9,17.1,4,3546,5.5,11,12,4,15.8,6,M,no,sedentario
PAC008339,26,72.2,164,26.8,81,77,154,81,92,101,4.2,207,45,127,129,1.03,112,6.5,26.0,10.4,8,5669,8.5,30,33,4,9.8,6,M,si,ligero
PAC008340,90,94.3,140,48.1,91,93,157,104,88,111,5.8,173,75,207,258,0.4,81,2.9,30.0,19.0,9,2999,3.4,9,0,4,14.5,5,F,no,sedentario
PAC008341,31,53.5,148,24.4,76,103,101,60,66,94,4.0,249,67,136,51,0.86,130,0.6,21.9,14.4,10,11049,8.1,3,5,4,8.9,2,F,no,sedentario
PAC008342,19,76.8,168,27.2,80,87,105,79,72,79,4.0,185,71,139,41,0.99,85,1.8,17.7,12.2,2,9248,8.4,14,33,1,7.7,6,M,si,ligero
PAC008343,27,68.8,185,20.1,122,109,152,86,75,123,7.1,230,34,172,251,0.98,106,10.2,25.2,14.5,1,7655,9.7,13,9,0,8.6,9,M,si,ligero
PAC008344,31,57.9,171,19.8,82,95,136,62,91,79,5.6,191,70,108,40,0.85,106,7.7,30.1,13.3,4,7886,7.8,20,31,4,4.2,9,F,no,sedentario
PAC008345,56,52.3,155,21.8,99,101,101,85,63,85,5.6,154,78,85,58,1.32,130,0.1,38.2,14.1,11,14405,8.7,0,0,5,4.9,5,M,no,ligero
PAC008346,18,58.3,149,26.3,97,99,98,80,87,101,4.0,175,62,94,40,1.15,106,5.2,31.9,12.9,6,4904,9.4,15,18,1,10.5,8,M,no,ligero
PAC008347,30,71.6,153,30.6,80,102,93,65,66,103,4.4,168,65,91,49,1.19,107,1.1,21.8,14.8,8,13987,7.4,7,0,4,2.0,1,F,no,sedentario
PAC008348,59,51.9,161,20.0,87,91,129,62,91,96,5.7,180,66,60,122,1.16,106,3.1,13.0,10.1,3,6114,6.5,22,16,5,9.7,10,M,no,activo
PAC008349,44,57.5,167,20.6,95,112,116,69,61,107,4.6,191,67,80,208,1.41,109,0.6,47.2,14.7,14,9544,9.1,0,0,7,6.8,2,F,si,ligero
PAC008350,56,73.8,170,25.5,61,108,112,74,59,81,5.1,193,65,108,40,1.17,86,0.1,35.5,15.7,5,16220,10.0,11,0,3,4.3,3,F,si,sedentario
PAC008351,18,70.4,165,25.9,73,77,105,74,65,94,5.2,163,55,85,123,0.81,92,3.4,23.9,12.8,6,4412,7.9,16,31,0,6.9,3,M,si,activo
PAC008352,78,101.3,156,41.6,97,92,158,109,48,109,6.0,233,40,111,199,0.73,79,5.5,23.5,16.0,0,7962,5.0,22,7,1,13.9,7,M,no,ligero
PAC008353,18,80.5,167,28.9,68,96,98,67,52,89,5.2,180,100,126,40,1.24,121,0.1,28.0,14.5,11,14894,9.5,2,7,7,5.6,2,F,no,sedentario
PAC008354,35,71.5,160,27.9,93,94,121,80,78,89,6.4,213,65,108,40,0.79,102,4.3,27.9,13.9,4,7049,9.2,30,11,0,9.6,10,M,no,ligero
PAC008355,21,69.7,159,27.6,87,80,123,83,80,102,6.3,215,60,98,66,1.28,71,0.9,30.8,10.8,5,5133,7.3,18,18,4,7.4,7,F,no,ligero
PAC008356,78,114.2,202,28.0,130,101,132,87,81,163,7.0,286,52,148,321,0.82,96,5.8,22.1,12.1,0,658,7.1,4,5,0,16.6,8,F,si,sedentario
PAC008357,25,80.3,142,39.8,80,77,120,66,78,67,6.4,204,59,104,48,0.81,95,5.9,22.7,11.6,4,7658,8.1,23,28,2,11.0,7,F,si,sedentario
PAC008358,18,75.4,158,30.2,84,104,154,73,86,97,5.7,144,52,170,57,0.84,106,0.1,36.9,13.7,8,10299,9.4,9,20,3,7.0,5,F,no,ligero
PAC008359,29,83.8,153,35.8,63,108,107,81,57,80,5.8,141,47,74,197,1.11,94,0.1,43.2,15.1,6,17161,7.9,6,0,7,2.3,1,F,no,sedentario
PAC008360,58,56.0,176,18.1,70,112,105,80,73,71,4.5,136,67,98,40,1.11,75,0.1,31.9,15.0,8,14337,7.7,0,4,5,5.7,2,M,no,ligero
PAC008361,90,96.6,195,25.4,115,113,115,93,75,135,6.9,287,48,132,225,1.36,74,5.8,46.2,15.0,0,500,8.5,18,10,1,5.8,7,M,si,ligero
PAC008362,75,98.0,192,26.6,106,120,121,91,72,139,7.3,216,56,128,324,1.13,42,7.0,36.2,14.8,0,1980,9.4,1,12,2,9.5,6,F,si,ligero
PAC008363,65,75.3,150,33.5,93,101,164,93,77,106,5.8,192,33,129,189,0.48,63,4.6,41.9,15.9,1,3055,6.5,7,8,4,13.8,9,F,no,sedentario
PAC008364,87,77.0,190,21.3,125,92,133,89,91,133,6.7,244,42,158,283,0.86,95,3.8,55.5,14.7,0,500,9.6,13,0,1,10.2,6,M,no,sedentario
PAC008365,34,50.4,170,17.4,63,82,98,69,66,87,5.2,149,63,112,66,0.99,107,0.5,29.6,16.4,6,19009,10.6,0,10,6,9.3,1,F,si,activo
PAC008366,23,73.7,157,29.9,72,89,131,78,64,101,5.2,244,53,72,127,0.73,108,1.3,27.8,12.1,4,8091,7.6,16,21,3,14.2,10,M,no,ligero
PAC008367,30,70.2,149,31.6,78,108,116,67,78,78,5.2,274,45,97,43,1.05,117,1.2,29.3,14.3,7,10307,8.9,13,4,7,7.1,3,F,no,sedentario
PAC008368,25,64.1,165,23.5,91,98,131,63,87,88,6.1,180,64,109,89,0.71,122,0.2,41.8,11.6,5,7789,6.8,10,24,0,14.3,6,M,si,activo
PAC008369,18,62.3,164,23.2,65,104,128,78,64,98,5.8,138,48,111,170,1.02,83,1.4,34.8,15.0,6,14410,8.1,17,12,3,2.0,4,M,no,activo
PAC008370,72,105.1,140,53.6,106,90,177,84,74,91,6.1,183,47,140,156,0.49,73,2.1,53.8,18.7,1,8731,4.7,3,0,1,12.9,5,F,si,sedentario
PAC008371,82,81.8,140,41.7,79,78,160,115,86,79,6.0,179,42,154,40,0.62,98,3.7,39.1,18.0,0,4488,6.4,16,3,3,8.8,8,M,no,sedentario
PAC008372,18,63.0,179,19.7,71,87,118,71,88,88,4.2,200,65,133,151,0.95,103,4.9,12.7,10.7,5,9630,7.2,22,19,1,4.3,10,M,si,sedentario
PAC008373,22,63.0,143,30.8,81,96,146,78,93,80,6.0,184,65,125,73,0.8,123,5.4,23.0,8.9,8,8171,7.3,20,25,0,6.4,7,F,no,ligero
PAC008374,24,72.8,152,31.5,83,83,104,72,72,109,5.2,190,58,110,151,1.05,89,4.5,11.0,12.1,0,5005,7.9,13,19,4,12.4,9,M,no,ligero
PAC008375,19,58.9,153,25.2,91,90,117,71,60,71,5.8,223,95,154,105,1.23,87,0.1,31.8,14.8,5,11106,7.3,0,14,7,4.5,2,F,no,ligero
PAC008376,43,87.8,186,25.4,148,100,109,75,72,129,7.3,278,33,134,268,1.31,107,5.2,30.1,11.8,0,8041,9.5,13,12,2,15.9,6,M,si,sedentario
PAC008377,18,103.1,172,34.8,91,102,126,87,62,100,5.4,143,70,121,40,0.83,96,0.1,33.5,17.1,6,7178,8.2,3,0,5,6.0,2,F,si,sedentario
PAC008378,64,82.3,201,20.4,103,104,142,86,101,121,8.2,261,43,153,338,1.35,61,6.7,33.1,13.7,3,500,8.8,11,20,1,10.6,5,M,no,sedentario
PAC008379,83,93.6,203,22.7,124,100,140,82,78,142,6.9,241,42,166,267,1.4,89,6.6,14.2,14.2,1,500,9.3,20,9,3,9.8,10,M,no,sedentario
PAC008380,26,90.4,161,34.9,66,99,132,75,63,84,5.0,202,67,81,88,0.77,107,1.5,42.2,14.1,6,13178,7.2,0,8,4,7.8,2,F,si,ligero
PAC008381,40,79.5,152,34.4,78,100,171,103,65,109,6.3,253,59,150,108,0.4,77,6.1,43.5,17.3,6,1641,7.7,6,0,1,12.8,7,F,si,sedentario
PAC008382,74,74.2,153,31.7,115,103,160,115,83,91,6.6,209,52,181,150,0.4,79,5.4,35.7,15.5,4,2231,5.8,8,0,2,12.3,3,M,si,activo
PAC008383,53,73.0,196,19.0,123,82,114,92,79,142,7.2,212,30,127,269,1.06,40,6.0,36.7,16.0,0,2487,8.8,9,15,1,12.1,3,M,si,sedentario
PAC008384,54,111.4,191,30.5,117,105,139,92,78,121,6.7,229,31,168,287,1.37,41,5.0,32.5,14.1,0,500,8.8,14,0,0,7.0,10,F,no,sedentario
PAC008385,36,53.3,150,23.7,80,118,111,69,66,93,4.0,178,79,112,51,1.3,109,0.1,34.7,13.7,8,10907,8.6,0,13,6,5.8,5,F,no,ligero
PAC008386,38,40.0,158,16.0,89,104,110,70,64,94,5.4,193,61,107,82,1.1,121,2.1,39.1,12.9,7,11749,8.9,11,4,6,4.5,3,M,no,sedentario
PAC008387,79,100.7,178,31.8,119,103,131,87,81,144,6.8,233,26,183,325,1.18,63,6.3,46.0,17.3,2,2626,7.9,0,1,4,14.1,6,F,no,sedentario
PAC008388,25,73.1,183,21.8,78,116,129,76,78,71,4.4,124,56,61,50,0.73,83,1.0,30.3,13.8,5,13995,9.5,3,0,4,7.1,5,M,si,ligero
PAC008389,19,61.6,150,27.4,78,105,121,71,66,70,4.3,153,61,120,87,0.78,97,0.1,23.8,14.9,10,11867,8.3,0,4,5,4.8,6,F,si,activo
PAC008390,41,90.9,201,22.5,125,110,134,85,73,130,7.6,248,25,202,329,1.38,73,5.8,22.5,13.6,0,983,8.5,14,8,1,10.0,5,M,si,ligero
PAC008391,49,76.0,148,34.7,109,89,150,109,71,113,5.4,227,34,179,174,0.8,66,2.2,33.0,17.1,0,8942,6.3,0,1,3,8.7,7,F,si,sedentario
PAC008392,90,93.4,140,47.7,122,91,145,106,68,114,5.9,258,56,133,210,0.4,73,8.1,38.3,13.7,3,500,3.5,19,0,4,13.5,2,M,no,sedentario
PAC008393,41,71.3,205,17.0,108,117,121,77,84,134,6.6,224,47,157,229,1.27,79,7.6,37.9,14.2,0,6130,9.1,5,0,0,11.6,5,M,si,ligero
PAC008394,56,62.5,162,23.8,73,99,124,63,63,93,4.4,193,77,123,40,0.9,72,0.1,46.4,17.5,9,13458,10.8,13,5,3,4.6,4,F,si,sedentario
PAC008395,36,85.2,148,38.9,80,88,110,77,81,87,6.9,159,68,111,149,0.8,120,3.7,27.2,12.8,3,10246,7.4,27,19,2,5.3,7,M,si,ligero
PAC008396,29,78.1,164,29.0,60,89,124,86,82,110,4.4,192,53,59,174,0.93,89,4.0,30.9,11.7,4,4423,7.8,17,33,2,4.5,4,F,no,activo
PAC008397,56,50.8,166,18.4,72,97,132,67,62,75,4.5,176,75,103,48,0.71,85,0.1,34.0,14.1,9,17118,8.8,0,0,7,5.3,4,F,si,activo
PAC008398,60,87.7,140,44.7,99,84,136,113,69,103,5.7,243,41,105,247,0.77,76,7.8,15.7,14.5,0,2692,7.2,2,14,2,12.4,5,F,si,ligero
PAC008399,48,73.3,172,24.8,76,89,122,66,64,113,5.9,110,57,91,76,0.77,114,0.2,31.0,16.3,8,12261,8.3,0,0,4,2.8,3,F,no,activo
PAC008400,39,64.9,163,24.4,92,92,120,64,59,91,5.2,146,67,133,92,1.23,110,3.5,27.0,14.1,6,12899,9.3,4,0,10,8.0,2,M,no,ligero
PAC008401,18,50.6,178,16.0,88,106,122,58,58,70,4.0,167,80,112,132,0.97,126,0.1,50.8,15.5,8,13190,8.8,6,0,4,6.4,2,M,si,sedentario
PAC008402,35,76.0,168,26.9,60,109,121,71,55,71,4.5,139,91,76,101,1.04,104,2.7,33.3,13.7,8,12726,7.9,1,0,7,9.1,4,F,no,sedentario
PAC008403,48,73.7,200,18.4,126,94,127,94,81,159,7.4,247,48,131,302,0.81,65,8.0,50.9,12.9,4,2752,8.2,6,15,1,12.9,8,F,si,sedentario
PAC008404,37,66.9,165,24.6,89,94,131,65,57,73,6.3,144,80,113,42,1.1,93,2.2,41.0,17.2,8,16523,9.3,0,0,9,5.2,3,F,no,activo
PAC008405,20,50.5,167,18.1,81,123,119,67,63,96,5.2,238,74,105,40,1.18,127,0.1,22.2,13.2,10,14521,7.5,5,0,4,6.2,3,M,no,ligero
PAC008406,74,86.6,145,41.2,103,83,161,105,69,109,5.9,263,68,175,109,0.45,57,2.7,33.2,14.7,1,6136,6.0,1,0,3,9.7,8,F,no,sedentario
PAC008407,33,57.3,163,21.6,69,111,105,80,60,90,5.4,159,62,52,126,1.33,123,2.2,38.7,14.1,11,9318,8.1,12,0,6,2.0,2,M,no,activo
PAC008408,18,84.5,164,31.4,88,94,138,69,78,95,6.4,155,48,108,144,1.08,117,5.1,6.8,13.3,5,5844,9.4,25,27,2,11.6,5,M,si,ligero
PAC008409,76,90.6,152,39.2,107,104,153,98,63,85,4.8,269,54,108,119,0.47,64,6.6,32.3,19.0,7,500,5.9,0,0,2,10.2,7,F,no,sedentario
PAC008410,64,64.1,140,32.7,85,100,134,85,67,94,5.8,207,51,106,119,0.68,81,3.0,26.9,16.8,1,2793,5.5,9,9,4,9.6,8,M,si,sedentario
PAC008411,75,110.2,182,33.3,113,95,166,108,89,151,7.2,253,25,159,305,1.37,71,7.1,37.7,14.4,0,5408,9.1,12,4,3,11.5,3,M,si,sedentario
PAC008412,90,88.4,140,45.1,89,98,158,94,108,104,6.0,221,51,185,71,0.58,76,4.1,37.3,15.5,0,2571,5.2,6,5,2,15.4,7,F,no,ligero
PAC008413,90,73.0,198,18.6,102,104,127,94,88,114,7.4,264,32,185,295,1.1,86,9.8,33.6,18.2,0,3113,9.2,13,10,0,8.1,5,F,no,sedentario
PAC008414,69,99.0,197,25.5,113,94,155,91,74,121,6.9,212,36,156,216,1.21,78,9.8,39.5,14.2,0,1874,9.5,13,2,2,10.6,9,F,si,ligero
PAC008415,49,63.0,160,24.6,60,90,90,68,56,88,4.6,177,58,123,120,0.87,122,3.3,40.1,14.7,8,16487,9.0,0,2,9,4.3,1,F,si,activo
PAC008416,63,113.1,191,31.0,118,117,110,84,87,160,6.2,180,25,208,278,1.36,52,7.5,33.8,13.6,0,6182,9.9,4,9,1,14.5,10,M,no,ligero
PAC008417,50,98.9,197,25.5,113,102,129,72,87,126,8.8,223,57,180,182,1.29,46,6.9,23.9,13.4,3,1122,9.9,4,15,2,10.8,9,M,no,sedentario
PAC008418,37,40.0,177,12.8,80,94,115,70,62,85,4.8,162,71,81,63,1.08,99,0.1,39.1,16.0,5,14618,8.3,0,0,6,2.2,0,F,no,ligero
PAC008419,26,76.3,173,25.5,66,93,122,63,66,95,5.9,181,50,145,40,0.92,88,0.6,33.2,16.6,6,9629,8.4,20,0,4,5.7,2,F,no,activo
PAC008420,62,109.0,205,25.9,132,98,145,103,85,133,7.9,191,36,212,259,1.25,87,7.6,42.6,14.1,0,1094,8.2,5,0,2,10.1,10,F,si,sedentario
PAC008421,35,79.0,159,31.2,91,98,122,76,74,113,5.9,240,57,107,143,0.81,83,6.8,25.7,10.8,7,9046,9.9,24,19,1,10.3,7,F,si,sedentario
PAC008422,55,79.1,182,23.9,114,104,132,98,83,133,6.9,193,39,166,335,0.92,76,7.9,25.9,14.5,1,500,9.5,10,0,3,8.5,7,M,si,ligero
PAC008423,23,40.0,171,13.7,82,79,133,67,60,129,4.6,179,54,118,40,0.94,115,0.1,46.7,17.4,9,12287,7.8,10,11,7,7.3,3,F,no,ligero
PAC008424,18,66.8,156,27.4,110,107,116,63,87,92,5.6,110,75,76,102,0.86,77,8.8,31.3,11.9,6,10175,8.1,25,17,3,8.8,6,F,no,ligero
PAC008425,27,43.4,155,18.1,90,106,139,64,67,93,5.7,240,76,84,118,0.93,93,3.1,24.7,12.4,5,13110,9.9,6,4,1,7.8,5,F,si,ligero
PAC008426,39,87.6,162,33.4,81,116,125,83,73,65,5.2,171,58,40,123,1.08,101,2.0,40.4,16.3,5,15995,8.0,5,0,3,6.0,2,M,si,sedentario
PAC008427,76,90.0,151,39.5,119,84,166,95,76,76,5.7,169,71,143,247,0.75,54,4.6,32.6,17.8,2,6158,3.3,2,0,4,8.4,4,M,no,ligero
PAC008428,18,72.0,154,30.4,78,92,103,84,80,75,5.9,110,45,107,96,0.81,99,1.8,25.0,11.3,7,10424,8.8,16,24,0,6.9,7,M,no,ligero
PAC008429,25,74.9,160,29.3,102,115,103,71,55,80,5.1,175,70,97,129,1.1,90,1.4,44.1,14.4,7,10135,8.1,12,0,7,7.4,2,F,si,activo
PAC008430,59,83.1,205,19.8,132,90,135,78,52,97,7.2,240,36,175,319,1.12,62,3.8,43.0,16.9,5,500,8.3,17,15,3,10.9,6,F,si,sedentario
PAC008431,35,50.6,172,17.1,80,102,130,76,54,114,6.0,188,56,115,80,0.89,98,0.4,47.7,13.8,10,13042,7.5,0,14,8,9.6,3,F,no,sedentario
PAC008432,43,90.6,158,36.3,131,91,155,108,73,108,6.7,264,36,168,234,0.4,75,4.3,28.6,17.1,0,7126,5.2,0,8,5,10.8,7,M,si,sedentario
PAC008433,46,56.0,155,23.3,75,97,133,65,64,60,5.1,151,58,128,70,0.98,102,1.7,39.3,14.7,6,11694,7.9,4,4,6,8.3,2,M,no,activo
PAC008434,87,83.5,145,39.7,123,100,146,89,71,123,5.7,203,53,167,186,0.67,50,3.4,38.6,15.4,3,3668,7.3,19,0,3,13.8,5,M,si,ligero
PAC008435,61,101.6,149,45.8,98,92,175,91,75,103,5.5,220,46,132,179,0.52,69,4.9,46.7,16.4,3,3128,5.5,7,0,2,11.4,7,M,no,sedentario
PAC008436,81,77.0,195,20.2,97,92,135,79,92,118,7.7,220,25,205,277,1.49,73,5.3,19.8,16.7,0,4893,8.7,12,6,2,13.6,10,M,si,sedentario
PAC008437,18,90.2,163,33.9,89,95,113,73,87,109,5.1,212,45,135,83,1.04,87,3.0,29.5,13.7,10,4877,8.4,22,14,1,7.1,10,F,no,ligero
PAC008438,63,82.6,205,19.7,116,111,131,82,74,127,7.3,215,25,153,211,1.51,58,6.7,29.4,16.9,0,4610,9.2,11,0,0,8.6,6,F,no,ligero
PAC008439,90,102.0,156,41.9,129,94,177,100,85,128,6.3,204,62,119,200,0.44,93,4.9,27.2,13.8,5,500,6.1,13,3,2,8.3,8,F,si,sedentario
PAC008440,20,82.2,167,29.5,60,117,118,67,61,89,5.0,214,49,125,59,1.23,103,2.5,43.9,15.0,7,13021,8.6,0,5,4,4.4,3,M,no,ligero
PAC008441,71,59.7,142,29.6,106,105,168,99,86,104,5.5,268,50,134,203,0.57,83,2.9,20.6,16.4,3,3002,6.3,5,7,2,11.7,7,M,si,sedentario
PAC008442,18,48.2,167,17.3,71,95,117,80,57,66,5.6,158,73,61,50,0.92,104,0.1,24.2,14.0,5,12191,8.8,0,6,3,6.8,2,M,si,sedentario
PAC008443,90,79.9,141,40.2,105,87,134,110,74,81,4.0,230,48,138,206,0.51,94,4.8,23.4,17.2,0,7524,7.9,15,0,4,12.3,8,M,si,sedentario
PAC008444,60,73.5,205,17.5,116,112,110,82,74,136,7.2,256,32,87,257,1.0,109,7.0,47.5,16.4,0,2772,10.0,16,6,0,14.3,10,M,si,sedentario
PAC008445,45,62.6,193,16.8,77,81,124,71,89,80,6.4,180,70,87,81,1.04,112,0.7,29.2,15.9,5,6373,9.7,0,9,4,8.4,2,F,no,activo
PAC008446,18,88.8,175,29.0,78,87,142,70,89,81,4.8,166,75,141,70,0.83,98,2.7,16.5,11.6,4,6291,10.0,11,29,2,10.3,8,M,si,sedentario
PAC008447,18,66.8,169,23.4,86,107,123,79,71,118,6.3,201,56,156,110,0.82,116,5.7,13.6,10.6,9,1304,8.0,14,25,2,13.1,9,M,no,ligero
PAC008448,68,87.3,159,34.5,100,103,140,96,76,93,7.3,215,61,149,203,0.44,70,8.2,40.9,15.0,2,5655,6.0,0,5,2,15.0,7,M,si,sedentario
PAC008449,39,97.6,199,24.6,114,95,128,86,97,119,7.5,259,44,139,221,1.2,46,5.2,35.6,14.5,0,7412,9.3,10,16,1,6.1,7,F,no,activo
PAC008450,71,98.9,205,23.5,113,88,164,99,100,129,6.7,219,28,172,206,1.33,90,8.1,29.4,14.2,2,3720,10.3,7,4,4,5.8,10,F,si,sedentario
PAC008451,64,84.5,143,41.3,107,75,169,119,72,91,5.7,247,51,121,154,0.86,70,4.9,29.3,16.4,0,6700,6.4,14,0,2,13.5,6,M,si,sedentario
PAC008452,81,84.2,203,20.4,92,119,147,95,83,106,7.5,272,26,175,327,1.01,77,7.4,48.2,17.2,1,2970,8.6,7,5,3,5.9,4,F,no,ligero
PAC008453,18,81.2,169,28.4,60,91,96,59,55,92,4.8,170,51,110,46,0.99,76,0.1,32.6,16.2,7,12357,9.9,0,10,6,7.8,0,F,si,sedentario
PAC008454,61,100.3,201,24.8,135,97,107,91,70,137,8.4,259,53,190,353,1.07,73,10.3,37.9,14.3,0,3086,9.1,0,0,2,14.9,9,F,no,sedentario
PAC008455,18,77.9,172,26.3,65,122,99,76,58,78,6.5,161,70,118,105,0.85,113,1.0,24.1,12.9,11,15186,8.7,8,20,3,6.3,3,F,no,ligero
PAC008456,88,90.8,204,21.8,131,89,137,89,74,116,7.3,242,26,139,254,1.31,67,7.3,51.1,16.0,0,1835,8.3,8,0,0,8.1,5,M,si,ligero
PAC008457,68,76.1,196,19.8,129,102,129,93,79,144,8.8,246,44,188,237,1.03,92,8.6,11.0,13.8,0,500,8.5,13,0,4,11.6,6,M,si,sedentario
PAC008458,21,91.8,157,37.2,69,102,120,59,81,108,5.2,152,75,109,95,1.11,92,0.1,37.9,14.7,9,9628,7.4,0,10,5,6.6,3,F,si,ligero
PAC008459,36,56.6,156,23.3,98,124,134,78,68,72,5.6,131,75,120,107,1.22,94,0.1,53.6,12.3,9,12707,8.8,9,3,7,5.1,2,F,no,ligero
PAC008460,44,52.7,163,19.8,81,111,123,76,59,86,4.7,190,70,85,95,0.99,108,0.1,45.5,15.1,7,11844,7.1,15,0,5,5.8,4,F,si,activo
PAC008461,46,89.8,140,45.8,108,92,163,100,60,119,6.1,215,37,104,130,0.4,71,9.3,29.2,17.9,0,2659,5.5,20,5,1,9.1,10,F,no,sedentario
PAC008462,18,50.2,172,17.0,82,101,116,90,68,77,4.9,195,69,127,55,0.87,93,1.0,37.0,13.3,12,11592,8.5,3,3,5,2.0,7,M,no,sedentario
PAC008463,22,55.4,151,24.3,62,87,128,71,81,94,5.4,166,61,88,159,0.95,108,4.2,18.9,13.2,3,10623,8.8,11,37,2,8.2,7,M,no,activo
PAC008464,51,76.3,192,20.7,124,104,138,79,88,142,8.1,210,25,173,192,1.1,40,2.8,42.3,15.4,0,654,9.0,5,12,0,11.9,8,M,si,sedentario
PAC008465,61,91.8,205,21.8,120,115,149,90,75,127,7.0,236,49,201,339,1.11,71,5.8,44.3,16.3,0,1117,10.3,18,6,2,12.3,9,M,no,sedentario
PAC008466,30,85.0,161,32.8,89,93,119,86,72,97,4.6,214,67,106,79,0.85,112,3.1,32.8,13.4,10,9588,7.8,0,12,5,7.7,3,M,no,activo
PAC008467,45,98.8,205,23.5,103,104,135,79,81,155,8.0,249,25,155,315,1.28,88,8.2,41.2,14.4,0,5530,8.6,8,0,1,11.1,8,M,no,sedentario
PAC008468,42,67.9,154,28.6,79,101,113,66,65,75,5.0,117,73,76,72,1.31,103,2.4,30.6,13.0,15,9907,7.7,6,0,8,3.3,2,F,si,sedentario
PAC008469,39,63.0,164,23.4,88,97,107,86,71,72,4.6,210,63,110,46,0.83,112,0.1,23.3,15.7,8,12710,7.7,0,0,7,9.3,1,M,no,sedentario
PAC008470,38,67.0,201,16.6,123,94,126,94,82,127,7.4,266,38,202,304,1.01,80,12.3,35.5,12.0,1,5602,7.9,8,0,1,10.9,4,M,no,sedentario
PAC008471,43,95.3,198,24.3,128,126,147,75,79,119,8.5,207,45,158,144,1.29,103,6.4,36.1,14.6,0,500,9.8,11,0,0,14.7,5,M,si,sedentario
PAC008472,44,77.8,166,28.2,87,95,100,79,58,99,6.1,194,39,126,51,1.23,93,1.9,19.9,16.4,6,12163,7.6,4,0,5,5.9,0,F,no,ligero
PAC008473,18,81.2,158,32.5,81,112,128,83,47,90,4.0,179,85,67,135,1.15,75,1.1,23.8,17.3,9,12167,7.4,2,0,7,6.9,4,F,no,sedentario
PAC008474,19,65.8,180,20.3,91,94,90,72,86,101,6.4,205,69,73,146,0.97,104,0.7,23.5,9.8,3,7606,6.9,19,25,1,12.7,6,F,no,activo
PAC008475,20,64.7,144,31.2,78,95,146,80,83,86,5.3,202,71,160,173,1.23,106,2.2,20.4,11.3,4,7502,6.5,11,25,1,6.4,7,F,no,ligero
PAC008476,61,89.9,144,43.4,103,114,136,104,79,99,5.5,286,43,148,87,0.49,53,2.6,26.0,16.3,1,2578,6.0,3,6,0,16.8,8,M,no,sedentario
PAC008477,73,107.7,197,27.8,125,100,140,75,83,174,6.5,222,45,222,218,1.11,81,4.6,27.0,14.4,1,500,8.4,1,2,1,9.2,8,F,si,sedentario
PAC008478,68,104.2,140,53.2,124,94,139,114,84,109,6.4,266,51,180,140,0.62,100,5.6,18.2,15.1,0,9721,5.4,19,3,4,13.4,6,M,si,sedentario
PAC008479,19,72.7,160,28.4,103,86,121,70,59,89,4.6,197,67,96,74,1.03,83,2.9,16.1,14.6,8,5525,7.6,18,22,2,13.2,6,M,si,sedentario
PAC008480,73,100.6,195,26.5,94,98,121,85,55,139,7.0,226,32,192,297,1.09,81,3.9,28.9,14.5,0,2806,8.0,8,4,4,11.1,5,M,si,sedentario
PAC008481,67,65.3,189,18.3,123,98,127,90,80,111,6.7,242,49,158,233,1.06,66,5.7,34.0,12.5,0,500,8.8,13,6,3,6.9,7,F,si,ligero
PAC008482,34,66.1,149,29.8,84,106,132,90,86,100,4.9,204,48,123,117,1.09,111,1.4,21.8,12.1,6,11860,7.9,24,18,2,9.9,10,F,no,sedentario
PAC008483,61,102.6,154,43.3,90,104,132,85,69,135,5.3,239,57,161,150,0.69,119,3.0,40.7,16.1,2,500,6.1,23,5,1,13.4,8,M,si,ligero
PAC008484,90,114.4,191,31.4,119,111,143,81,75,119,7.7,226,36,161,213,1.38,73,6.4,18.7,13.7,0,2109,8.7,21,14,2,12.2,10,F,si,sedentario
PAC008485,90,67.1,144,32.4,94,86,158,101,71,108,6.6,244,30,147,160,0.4,89,4.9,28.2,14.8,3,8629,4.8,21,0,1,9.8,8,M,si,sedentario
PAC008486,32,40.0,160,15.6,77,89,134,73,82,60,5.9,152,72,61,40,0.87,90,0.1,34.6,14.0,10,12737,8.3,2,0,6,5.4,2,F,no,activo
PAC008487,90,71.1,151,31.2,108,94,178,109,68,116,5.3,194,48,185,259,0.92,61,6.3,37.5,17.8,0,4951,7.0,12,5,3,15.1,7,M,no,sedentario
PAC008488,57,103.9,190,28.8,120,75,134,96,87,143,6.7,264,56,156,323,0.95,75,7.5,37.8,16.5,0,4954,8.9,0,0,1,13.8,6,M,si,activo
PAC008489,69,95.2,187,27.2,111,111,140,84,84,142,7.1,235,25,185,209,1.41,60,5.6,35.3,15.4,0,5774,10.9,15,0,3,7.2,5,F,si,sedentario
PAC008490,53,93.2,201,23.1,109,109,121,78,92,132,6.5,242,31,160,261,0.99,89,6.2,22.7,15.6,0,1938,8.1,13,0,2,11.5,6,M,si,ligero
PAC008491,59,124.8,192,33.9,125,104,161,91,95,143,6.5,264,44,167,236,1.39,72,5.3,21.5,15.4,0,4072,10.4,3,19,1,7.2,8,M,no,ligero
PAC008492,19,73.5,177,23.5,77,107,113,61,84,96,5.4,209,44,97,133,0.93,83,0.1,26.1,13.5,11,8641,7.2,10,27,2,7.9,6,M,no,ligero
PAC008493,77,62.1,150,27.6,93,92,148,84,86,139,6.9,269,37,135,69,0.43,60,4.9,31.8,16.7,0,4698,7.0,11,15,2,12.1,5,F,no,sedentario
PAC008494,81,74.6,148,34.1,109,89,163,86,78,101,5.2,223,37,114,203,0.82,71,6.9,29.3,16.0,2,4412,5.8,14,3,0,14.5,8,M,si,activo
PAC008495,29,60.8,153,26.0,60,81,127,69,59,78,4.0,110,56,93,40,1.25,85,0.1,25.2,15.3,2,11744,7.1,0,6,4,5.9,6,F,si,ligero
PAC008496,57,94.4,154,39.8,90,81,161,101,85,106,6.1,241,42,176,127,0.4,73,1.9,14.6,14.9,3,6822,6.1,8,4,0,14.3,8,F,si,ligero
PAC008497,90,71.8,147,33.2,84,100,148,91,79,90,5.3,216,40,96,192,0.95,39,5.9,33.3,17.4,0,2370,6.6,20,0,0,8.2,7,F,no,sedentario
PAC008498,80,70.0,153,29.9,97,98,146,100,69,93,6.7,231,47,151,72,0.4,75,3.3,38.0,14.4,3,5281,3.6,13,13,1,11.2,7,M,si,ligero
PAC008499,63,66.5,156,27.3,91,94,136,86,73,96,6.1,260,45,132,206,0.4,58,4.6,28.5,16.2,4,2953,5.7,18,5,1,9.0,8,M,no,sedentario
PAC008500,57,91.5,149,41.2,108,98,141,97,60,107,4.5,224,47,147,236,0.4,68,2.4,18.3,15.2,5,3019,5.8,15,12,2,15.3,7,F,no,sedentario
PAC008501,82,81.1,140,41.4,107,101,181,89,93,96,5.2,238,50,204,199,0.71,37,7.4,32.0,15.7,0,1063,7.8,4,0,3,14.3,6,F,si,sedentario
PAC008502,63,97.0,201,24.0,106,97,93,82,83,120,8.1,192,27,134,174,0.93,80,7.2,50.5,14.9,0,1200,9.4,7,5,0,11.3,9,F,si,ligero
PAC008503,43,66.0,150,29.3,79,92,109,82,93,95,5.0,240,85,85,178,0.93,79,2.6,35.8,14.1,3,7689,5.4,8,25,2,10.7,10,F,no,activo
PAC008504,78,92.3,203,22.4,138,109,146,101,72,126,8.4,227,35,142,240,1.18,98,6.3,27.4,15.3,1,4283,9.1,0,11,0,8.8,7,M,si,ligero
PAC008505,90,80.1,140,40.9,96,96,159,117,67,119,6.3,213,38,123,209,0.67,74,5.9,44.4,16.4,2,2530,5.2,14,0,1,14.6,9,F,no,ligero
PAC008506,35,84.6,158,33.9,71,85,98,69,68,85,4.0,194,62,154,135,1.01,54,3.5,7.7,14.3,4,9637,8.2,29,36,0,6.1,6,F,no,activo
PAC008507,18,70.8,146,33.2,66,95,107,74,62,66,4.7,195,55,86,40,1.18,121,4.9,29.7,14.5,10,14305,9.7,0,13,4,8.0,0,F,no,sedentario
PAC008508,20,69.4,149,31.3,83,115,110,64,84,124,5.3,137,56,129,152,0.65,89,4.8,27.9,14.9,5,11646,7.6,14,24,2,9.9,10,F,no,sedentario
PAC008509,18,64.4,152,27.9,80,105,120,63,55,66,4.2,180,65,145,146,0.95,83,4.2,35.1,14.8,11,15447,8.4,6,5,8,7.6,5,F,no,sedentario
PAC008510,80,100.9,188,28.5,95,114,126,72,102,113,6.0,232,31,127,271,0.93,72,6.3,37.7,15.0,0,2091,7.4,10,4,0,11.6,8,M,si,ligero
PAC008511,69,81.6,203,19.8,110,107,178,78,88,141,8.0,266,25,165,249,1.48,63,5.9,48.4,18.7,1,4539,8.2,13,8,2,15.8,5,F,si,sedentario
PAC008512,18,87.9,149,39.6,84,91,118,78,74,101,5.2,148,84,103,40,1.13,80,2.3,30.0,12.5,8,6728,8.1,13,39,2,9.8,7,F,no,activo
PAC008513,84,76.1,145,36.2,100,95,147,107,77,80,7.4,199,42,132,198,0.73,82,1.8,37.5,15.0,3,2274,4.4,20,10,0,13.5,8,F,si,activo
PAC008514,37,65.9,150,29.3,102,108,107,75,88,104,5.9,132,65,130,54,0.62,88,0.7,15.3,9.4,9,8129,7.6,14,27,1,9.5,7,M,si,activo
PAC008515,19,64.4,152,27.9,109,88,115,78,78,83,5.6,162,64,112,97,1.2,69,4.6,19.5,12.5,1,10342,8.3,8,40,5,9.4,10,F,si,ligero
PAC008516,36,83.6,161,32.3,63,119,90,73,56,95,4.2,207,62,105,74,0.99,104,0.1,45.0,16.0,6,11472,8.5,2,7,2,9.5,6,F,si,sedentario
PAC008517,70,78.7,140,40.2,108,101,140,94,90,86,5.1,276,41,173,142,0.58,69,3.9,8.0,15.0,3,7396,5.2,25,8,2,15.9,5,M,si,ligero
PAC008518,21,67.7,150,30.1,69,95,107,86,73,85,5.4,155,71,60,85,0.84,107,4.9,29.2,15.1,9,14924,10.6,11,4,7,7.0,3,F,si,sedentario
PAC008519,23,40.0,182,12.1,62,100,96,82,69,92,4.8,152,73,88,40,1.03,123,0.2,23.7,12.3,8,10565,8.6,0,0,6,12.8,0,F,si,sedentario
PAC008520,18,44.2,148,20.2,86,90,121,73,88,60,4.7,137,86,167,105,0.98,111,3.7,11.8,10.6,5,8589,8.1,31,19,2,11.0,6,F,si,sedentario
PAC008521,44,58.0,150,25.8,61,105,119,70,71,78,4.8,120,65,131,66,0.87,112,0.1,27.0,17.6,11,13500,8.4,4,11,3,3.9,3,F,no,activo
PAC008522,26,66.3,169,23.2,68,87,104,67,70,76,5.5,203,50,122,107,1.17,114,0.3,35.2,15.5,7,14225,7.1,0,1,3,4.9,0,M,no,sedentario
PAC008523,71,101.2,200,25.3,117,112,147,84,82,115,7.4,252,25,182,270,1.28,94,12.5,46.8,15.9,1,500,8.1,9,9,1,14.3,9,F,si,activo
PAC008524,58,101.5,193,27.2,110,118,145,89,84,154,4.7,259,46,146,342,1.39,76,3.9,44.0,14.7,0,2878,10.1,13,20,2,13.0,9,F,si,sedentario
PAC008525,83,87.6,140,44.7,101,85,176,93,84,72,5.6,267,48,137,223,0.4,59,8.3,18.3,15.7,0,6010,7.3,6,9,1,10.2,7,M,si,sedentario
PAC008526,18,72.7,155,30.3,85,101,91,78,74,94,6.0,154,45,105,131,1.23,90,5.6,34.4,9.6,2,7884,9.9,4,29,1,6.6,7,M,si,ligero
PAC008527,38,57.4,158,23.0,84,95,104,65,74,66,4.7,132,62,124,40,1.2,102,0.2,36.7,16.8,9,13486,7.8,8,0,5,3.8,1,M,no,ligero
PAC008528,60,82.4,150,36.6,99,90,145,105,75,99,5.4,230,69,83,323,0.63,61,3.3,35.1,16.4,5,500,6.4,12,7,3,10.3,7,M,no,sedentario
PAC008529,29,95.6,159,37.8,70,84,127,56,59,79,5.7,145,57,85,114,1.28,105,0.1,31.8,13.5,12,10205,9.8,0,0,6,4.6,3,F,no,ligero
PAC008530,39,77.0,155,32.0,103,75,94,81,87,70,5.1,169,60,112,132,0.95,82,0.5,28.8,10.4,7,8081,8.9,24,17,3,8.2,10,F,si,ligero
PAC008531,50,104.7,196,27.3,118,110,158,93,81,120,7.4,279,40,139,333,1.12,57,4.7,29.9,13.3,3,3258,8.5,4,12,0,6.5,7,F,si,sedentario
PAC008532,18,97.7,147,45.2,81,99,92,59,77,68,5.0,176,66,110,40,1.47,130,0.1,38.6,16.4,9,15212,8.1,0,0,6,4.9,7,M,no,activo
PAC008533,69,90.0,142,44.6,118,92,163,96,75,86,5.0,225,46,130,40,0.46,79,6.0,26.4,15.8,0,5338,5.9,0,7,2,15.3,8,F,si,sedentario
PAC008534,22,82.9,151,36.4,74,88,117,71,76,94,4.8,204,66,89,70,0.86,118,0.1,22.9,10.0,4,7565,7.9,26,24,3,9.5,5,M,no,sedentario
PAC008535,18,75.1,164,27.9,91,95,90,91,82,75,4.3,157,60,94,40,1.01,103,0.8,18.9,13.2,5,6353,8.7,27,26,2,11.5,7,F,no,sedentario
PAC008536,18,46.4,153,19.8,95,98,106,83,80,86,5.1,149,62,89,117,0.88,90,2.7,24.8,10.3,8,5787,7.7,24,16,0,8.2,7,F,si,sedentario
PAC008537,44,62.0,165,22.8,71,90,127,74,75,89,4.6,193,68,124,40,1.2,94,2.4,25.7,11.3,7,8222,7.9,27,40,1,9.4,7,M,no,sedentario
PAC008538,71,90.8,140,46.3,113,86,146,101,76,108,7.3,151,43,188,96,0.5,104,3.3,25.2,16.2,3,1302,5.7,1,0,3,11.3,3,M,si,activo
PAC008539,37,67.2,177,21.4,69,108,134,58,58,62,6.1,141,65,118,99,1.22,82,0.1,23.3,17.7,9,12685,7.1,1,13,5,3.3,3,M,no,sedentario
PAC008540,82,58.9,144,28.4,110,107,135,111,80,91,6.5,251,72,157,102,0.4,51,8.3,17.8,16.7,1,500,5.8,3,15,3,12.5,7,F,si,ligero
PAC008541,74,68.9,140,35.2,121,80,152,100,100,101,5.0,254,62,195,206,0.4,117,7.2,33.8,13.5,4,1278,6.0,3,14,3,10.8,3,F,no,sedentario
PAC008542,18,79.2,140,40.4,103,76,117,78,90,70,4.0,198,48,149,234,0.91,109,5.3,13.9,11.5,5,11753,8.8,10,26,1,7.7,6,F,si,activo
PAC008543,58,58.4,174,19.3,60,106,122,61,45,84,4.9,199,78,81,63,0.99,110,1.1,33.5,17.5,10,13193,6.6,10,0,4,10.2,3,M,si,ligero
PAC008544,54,83.6,199,21.1,121,90,142,91,67,141,7.5,247,39,167,336,0.98,57,8.2,36.8,13.7,0,2221,9.0,10,7,4,9.6,6,M,no,sedentario
PAC008545,35,43.7,161,16.9,75,99,110,88,58,78,5.7,168,82,128,197,1.12,103,1.1,28.4,16.2,6,11619,8.2,5,2,5,7.7,3,F,no,sedentario
PAC008546,31,69.4,148,31.7,73,88,122,68,52,106,4.0,201,61,81,40,1.24,130,0.2,43.4,15.5,7,8893,9.3,3,0,3,5.0,0,F,si,ligero
PAC008547,60,64.7,193,17.4,130,111,126,81,82,108,7.1,212,53,162,225,1.15,90,1.9,46.0,13.6,0,2152,9.9,8,0,0,11.3,6,F,si,ligero
PAC008548,69,73.8,143,36.1,114,79,181,101,69,67,5.0,230,41,179,92,0.72,71,4.4,29.9,14.3,0,4569,6.4,12,0,0,16.6,9,F,si,sedentario
PAC008549,76,94.5,157,38.3,106,106,146,94,73,65,5.6,267,37,107,145,0.4,75,5.6,24.7,15.1,2,1653,5.3,7,0,1,13.2,7,M,si,sedentario
PAC008550,18,79.9,168,28.3,76,96,112,67,95,82,4.4,193,64,100,98,0.76,90,2.1,32.2,12.7,6,5557,7.1,24,18,3,9.3,8,M,no,sedentario
PAC008551,18,54.7,160,21.4,94,99,129,71,59,69,5.9,164,68,78,96,1.08,104,0.1,43.7,15.4,4,10443,8.4,4,0,7,4.2,1,F,si,ligero
PAC008552,53,80.9,141,40.7,116,105,155,94,82,83,5.1,191,25,104,153,0.56,54,5.2,39.7,17.6,1,4430,6.0,15,13,1,10.4,10,M,no,sedentario
PAC008553,49,86.0,171,29.4,69,115,112,70,65,81,4.8,158,61,91,117,0.79,80,3.7,43.0,15.9,10,7917,8.2,8,9,6,9.6,0,M,no,activo
PAC008554,75,81.4,192,22.1,125,97,142,82,84,130,6.9,262,33,134,271,1.22,56,6.5,36.0,13.1,0,747,6.8,7,16,3,7.5,10,F,no,ligero
PAC008555,22,81.9,163,30.8,93,82,107,81,83,109,5.7,143,44,85,55,0.95,88,4.7,30.9,13.0,0,9262,7.5,19,28,2,10.0,9,F,no,ligero
PAC008556,46,88.6,157,35.9,94,90,135,104,79,95,5.8,153,48,95,166,0.62,54,4.5,43.7,16.8,1,4236,6.3,16,5,0,13.5,10,M,si,sedentario
PAC008557,45,78.5,155,32.7,87,86,114,62,81,63,4.3,223,62,78,169,1.11,94,0.1,28.0,10.1,7,11199,9.3,23,24,2,9.7,9,F,no,ligero
PAC008558,27,70.2,151,30.8,60,99,145,67,52,91,4.9,155,83,118,157,0.62,112,0.1,32.1,17.9,12,9182,10.1,14,8,6,8.0,4,F,no,sedentario
PAC008559,68,82.7,186,23.9,115,112,136,81,65,107,7.1,204,41,147,328,1.09,47,3.1,36.7,12.5,0,4573,9.6,9,4,3,5.8,3,M,no,ligero
PAC008560,54,91.6,205,21.8,106,103,163,95,74,102,8.2,230,25,148,146,1.08,65,7.8,36.7,14.1,0,5196,8.9,20,12,0,8.5,6,M,si,sedentario
PAC008561,39,74.7,151,32.8,84,98,92,64,66,65,5.7,183,84,78,125,0.82,107,0.4,33.2,13.6,9,14945,8.0,0,10,6,2.3,0,F,no,activo
PAC008562,41,84.1,166,30.5,93,91,123,73,73,106,6.2,120,63,100,136,0.95,76,2.1,22.8,11.4,4,8483,6.0,26,26,0,12.0,9,F,no,sedentario
PAC008563,24,57.6,184,17.0,70,112,107,68,45,67,6.2,201,66,93,195,1.06,127,0.2,41.9,14.8,6,13904,8.1,1,8,6,5.8,2,F,no,activo
PAC008564,18,48.0,179,15.0,81,95,114,73,66,79,5.0,193,79,148,152,1.17,111,1.2,28.1,16.4,8,10622,8.4,0,3,4,8.3,1,M,no,ligero
PAC008565,73,83.7,190,23.2,100,108,134,73,74,113,6.7,241,48,155,340,1.37,102,7.4,46.6,13.6,0,4220,8.8,4,11,4,12.4,5,F,no,ligero
PAC008566,79,71.5,147,33.1,117,89,183,103,82,103,5.1,203,33,146,128,0.4,74,3.9,44.4,16.5,0,500,5.0,16,1,3,15.0,9,M,si,ligero
PAC008567,83,92.7,199,23.4,117,100,120,106,81,132,7.2,225,25,113,285,1.23,64,7.4,16.2,17.3,2,2625,7.3,9,15,2,14.7,2,M,no,sedentario
PAC008568,61,77.6,191,21.3,94,85,123,75,78,116,6.8,264,48,213,208,1.27,44,10.0,35.0,15.0,2,500,7.8,20,6,3,10.9,10,M,si,sedentario
PAC008569,63,89.2,142,44.2,91,106,179,96,82,98,5.5,257,45,156,178,0.42,61,6.9,25.7,16.8,2,5787,4.8,14,21,4,13.6,6,M,no,sedentario
PAC008570,79,77.3,165,28.4,106,80,168,76,60,86,6.6,233,59,102,101,0.61,60,1.7,26.7,17.1,0,8927,5.1,13,6,2,15.1,6,F,si,sedentario
PAC008571,64,84.8,140,43.3,121,111,168,102,64,101,5.3,235,39,106,244,0.57,52,3.6,32.5,16.4,1,2904,6.0,4,0,2,17.2,8,M,si,sedentario
PAC008572,51,78.6,205,18.7,132,84,126,104,71,168,8.1,234,25,102,286,1.35,65,9.5,33.7,12.9,0,5335,8.7,11,4,0,8.8,8,M,no,activo
PAC008573,65,103.0,191,28.2,127,91,140,96,75,147,6.8,223,54,211,200,1.07,104,7.3,18.0,13.3,0,4052,8.6,19,21,1,14.8,9,M,no,sedentario
PAC008574,18,48.1,169,16.8,100,103,128,82,77,73,4.6,162,58,112,48,1.24,105,1.4,17.7,13.9,2,12061,10.4,22,25,0,6.0,10,M,si,activo
PAC008575,18,69.0,162,26.3,81,113,117,74,51,75,4.0,201,77,133,40,1.28,101,0.2,19.6,14.5,10,9228,10.6,0,0,5,5.1,1,M,no,activo
PAC008576,63,72.0,203,17.5,109,99,153,99,84,132,6.2,288,51,135,291,1.19,100,8.9,52.7,14.1,0,3817,9.8,13,5,2,14.7,9,M,no,sedentario
PAC008577,34,47.9,151,21.0,79,100,118,62,63,89,5.6,204,63,108,66,0.97,61,3.0,40.5,13.8,3,9080,9.3,5,6,3,7.5,2,M,no,activo
PAC008578,72,105.6,204,25.4,119,98,152,86,93,124,7.2,209,28,186,250,0.85,86,1.9,41.6,15.6,3,3016,8.7,27,2,2,12.4,9,F,si,sedentario
PAC008579,18,54.3,161,20.9,83,84,90,60,105,89,4.0,195,69,135,40,1.05,81,7.4,39.0,8.8,8,5607,10.4,25,27,3,9.3,10,F,no,ligero
PAC008580,50,50.8,155,21.1,93,96,114,54,52,105,5.7,155,59,103,84,0.85,121,1.7,25.2,13.0,6,8813,7.4,3,4,8,2.0,2,M,no,sedentario
PAC008581,18,78.3,168,27.7,65,98,125,62,62,62,4.3,163,63,115,48,1.13,97,3.6,45.3,13.4,17,17613,7.9,3,12,6,5.7,1,M,si,sedentario
PAC008582,83,69.6,151,30.5,85,80,171,91,80,127,6.2,229,38,166,214,0.73,91,4.2,37.5,16.6,5,6569,5.3,1,9,1,8.8,5,F,si,sedentario
PAC008583,36,46.1,160,18.0,61,99,136,86,66,85,4.2,149,80,78,40,0.79,79,0.9,28.9,14.8,12,13015,7.5,12,8,9,9.1,0,F,no,activo
PAC008584,35,71.2,152,30.8,86,91,118,83,98,74,5.7,196,62,97,130,1.22,106,1.3,38.0,11.1,8,8846,7.8,17,14,1,12.8,6,M,no,ligero
PAC008585,34,76.0,162,29.0,87,88,109,77,77,99,5.6,187,59,53,40,0.57,89,1.3,42.2,12.0,8,10823,7.9,16,33,5,7.8,10,M,no,ligero
PAC008586,61,90.3,145,42.9,113,113,147,99,74,100,6.0,244,53,174,196,0.4,81,5.2,28.2,15.5,1,3689,4.9,0,15,4,11.3,4,F,si,ligero
PAC008587,18,69.1,158,27.7,79,87,131,76,69,100,5.3,164,68,157,40,1.12,97,5.8,32.8,15.0,5,7659,9.4,31,29,2,8.4,10,F,si,ligero
PAC008588,45,77.2,199,19.5,119,110,141,92,79,149,7.3,232,28,133,210,1.2,61,9.1,31.4,14.5,0,6421,10.8,0,15,0,12.0,5,M,si,sedentario
PAC008589,47,87.2,151,38.2,60,96,90,64,75,81,6.1,164,64,165,142,1.13,83,4.9,42.8,15.2,11,14300,8.4,5,0,4,9.5,4,M,si,ligero
PAC008590,34,66.2,159,26.2,80,110,130,68,69,92,5.0,166,52,79,40,0.92,114,0.1,25.1,12.4,10,12122,8.5,0,8,5,3.7,3,M,no,ligero
PAC008591,78,90.3,198,23.0,129,99,130,82,69,106,7.9,223,40,165,210,1.26,99,5.5,27.7,15.5,1,3625,8.1,15,13,0,9.3,8,M,si,ligero
PAC008592,50,101.9,175,33.3,120,117,164,85,82,109,6.9,278,25,144,249,0.98,32,5.4,39.7,13.3,0,5650,8.7,10,18,0,10.0,7,M,no,ligero
PAC008593,18,58.3,157,23.7,79,90,108,79,65,105,5.9,192,66,171,110,0.89,84,3.7,26.1,13.0,4,10783,7.4,15,15,2,9.2,5,M,si,activo
PAC008594,18,86.1,155,35.8,64,104,121,77,74,86,4.4,193,53,97,196,0.84,96,3.5,34.2,11.5,8,7495,8.2,5,26,1,8.3,5,M,no,activo
PAC008595,35,67.1,205,16.0,121,100,119,80,59,131,7.4,254,32,209,225,1.16,73,7.2,35.5,15.7,2,500,8.2,9,0,0,4.8,7,M,si,sedentario
PAC008596,22,63.0,169,22.1,84,114,126,66,65,90,4.9,205,50,89,108,0.94,112,0.8,36.1,14.3,9,8325,9.1,0,0,7,3.8,3,F,no,sedentario
PAC008597,18,78.6,160,30.7,108,103,143,69,97,111,5.3,165,50,88,40,0.75,68,5.9,26.3,11.8,3,10813,9.3,20,16,1,12.1,7,M,no,sedentario
PAC008598,67,91.6,187,26.2,118,97,144,79,83,130,6.6,214,28,165,195,1.14,98,6.2,44.5,15.3,0,1651,9.6,20,3,0,9.6,5,F,no,sedentario
PAC008599,78,65.9,140,33.6,128,98,171,106,78,106,6.1,280,56,165,155,0.4,61,0.9,22.7,17.8,0,6863,5.0,1,0,2,12.4,10,M,si,ligero
PAC008600,18,54.2,142,26.9,95,92,125,92,81,84,6.1,166,58,125,94,1.3,106,2.4,17.2,12.8,3,9910,7.9,19,23,2,10.6,9,F,no,ligero
PAC008601,88,72.4,151,31.8,117,91,158,105,74,112,5.7,221,50,117,129,0.4,54,5.7,23.5,15.2,0,5174,3.3,7,9,2,14.3,8,M,si,sedentario
PAC008602,52,99.3,193,26.7,110,106,150,84,83,125,6.4,251,42,103,224,0.88,57,8.3,58.3,14.1,0,500,10.3,9,13,0,13.5,9,M,si,sedentario
PAC008603,74,68.9,195,18.1,116,98,133,79,77,128,7.9,226,25,167,198,1.02,55,7.3,33.0,16.6,1,4820,10.7,22,11,0,12.6,7,F,no,ligero
PAC008604,45,46.8,163,17.6,76,87,109,74,58,97,4.7,172,87,129,58,1.42,87,0.1,33.7,14.0,8,8809,9.1,0,0,2,7.1,3,F,no,activo
PAC008605,35,63.6,158,25.5,67,99,97,73,71,95,5.3,244,64,77,115,1.29,88,3.3,17.9,14.7,12,13631,7.5,5,1,8,9.6,2,F,no,ligero
PAC008606,75,79.7,154,33.6,87,105,164,73,62,108,4.7,221,54,146,151,0.4,100,5.7,23.5,15.7,1,5778,6.3,19,5,4,14.5,6,F,no,ligero
PAC008607,88,69.6,141,35.0,96,87,160,103,69,95,5.5,232,65,158,235,0.4,82,3.8,29.5,15.9,1,3279,6.3,4,15,1,15.4,6,F,si,ligero
PAC008608,88,104.9,187,30.0,129,101,156,78,88,114,7.1,281,35,185,236,1.09,75,8.3,42.6,13.6,0,6256,9.4,3,0,1,11.7,10,M,no,ligero
PAC008609,28,70.5,158,28.2,115,91,117,72,61,101,5.5,220,65,150,77,0.84,113,4.0,18.8,13.1,6,6795,8.8,17,24,0,12.4,10,M,si,ligero
PAC008610,51,49.3,177,15.7,71,92,106,63,81,115,4.0,181,56,95,122,1.25,112,0.1,40.2,16.7,7,9418,8.5,3,0,7,9.7,5,F,si,activo
PAC008611,18,40.0,162,15.2,81,100,120,74,60,87,5.5,189,54,85,118,1.16,97,0.1,52.4,13.8,11,14257,6.4,1,0,8,9.4,5,M,si,ligero
PAC008612,18,61.7,143,30.2,102,87,128,65,76,85,4.5,209,52,101,148,0.78,93,6.5,35.6,13.3,10,14023,8.3,5,0,6,4.3,2,F,no,activo
PAC008613,65,90.7,204,21.8,99,101,139,82,68,147,6.9,242,26,141,319,1.15,94,9.1,40.0,14.7,1,7378,7.8,17,18,2,6.3,8,F,no,sedentario
PAC008614,36,63.9,166,23.2,89,103,112,80,72,108,4.8,226,54,123,101,0.99,101,5.0,38.1,12.1,8,8074,8.6,18,40,2,9.9,5,F,no,ligero
PAC008615,35,80.9,146,38.0,78,102,123,68,62,60,4.0,142,56,107,171,1.06,110,0.6,33.5,12.5,8,11462,7.9,0,11,4,8.0,6,M,no,sedentario
PAC008616,37,48.1,160,18.8,88,99,121,58,59,66,4.9,175,59,76,87,1.06,130,2.2,28.9,14.3,12,11099,9.2,11,0,5,2.6,5,F,no,activo
PAC008617,60,108.9,195,28.6,104,116,161,96,94,128,7.5,278,32,180,249,1.15,69,4.6,33.7,11.3,1,3010,10.1,16,14,0,11.7,10,F,no,sedentario
PAC008618,81,91.2,205,21.7,128,98,132,97,58,136,7.0,298,30,152,182,1.12,90,9.8,23.6,14.1,0,500,9.0,3,7,2,6.8,8,F,si,ligero
PAC008619,55,92.5,140,47.2,82,94,139,100,79,93,6.2,212,35,120,258,0.82,66,0.1,18.2,16.6,3,7710,5.0,16,5,2,13.8,7,M,no,sedentario
PAC008620,65,115.1,189,32.2,114,106,149,103,66,156,7.6,251,31,149,271,1.25,92,8.8,19.1,16.4,1,3425,9.3,10,0,2,9.5,8,F,si,ligero
PAC008621,37,55.8,169,19.5,111,87,123,75,47,92,5.1,190,65,70,125,1.15,128,1.7,39.2,14.6,9,14326,8.7,4,0,5,3.9,3,F,si,sedentario
PAC008622,68,86.5,198,22.1,124,112,150,90,79,119,6.6,206,25,207,293,1.03,102,7.2,31.3,13.9,0,1688,6.7,9,4,0,8.4,5,F,si,sedentario
PAC008623,18,51.4,169,18.0,82,92,108,69,59,80,5.4,131,83,90,71,1.23,130,1.9,34.4,17.7,11,11709,7.8,6,0,5,8.4,1,F,no,activo
PAC008624,59,107.4,197,27.7,111,117,117,75,95,111,7.7,280,57,207,318,1.22,76,6.3,34.1,15.5,0,3939,8.8,17,9,2,10.9,10,F,si,ligero
PAC008625,18,40.8,174,13.5,89,91,103,76,73,107,4.9,187,57,117,40,0.86,89,2.5,26.7,11.1,6,2423,8.0,21,28,0,7.9,5,M,no,ligero
PAC008626,18,92.4,165,33.9,80,109,129,67,69,79,4.8,204,65,87,65,1.18,86,2.0,7.3,12.4,3,12666,8.7,20,10,3,6.6,6,M,no,activo
PAC008627,81,76.1,149,34.3,113,91,159,98,87,98,4.3,186,65,101,136,0.4,70,4.5,33.0,14.1,3,703,4.8,6,2,2,14.0,7,M,si,ligero
PAC008628,85,89.2,154,37.6,80,101,155,97,72,120,5.0,242,64,92,209,0.57,86,5.2,29.0,16.0,1,2637,6.0,22,13,2,9.4,7,F,no,ligero
PAC008629,43,56.0,169,19.6,101,98,105,80,65,105,5.5,168,83,140,117,0.98,108,0.1,28.7,14.9,11,11470,8.0,6,2,6,5.7,2,F,si,ligero
PAC008630,20,77.7,159,30.7,88,87,119,72,73,101,4.6,194,43,163,138,1.01,90,4.9,7.4,11.1,4,5515,7.8,12,18,2,8.4,7,M,si,sedentario
PAC008631,33,78.3,155,32.6,82,94,99,69,89,84,5.3,206,49,137,59,0.88,102,0.7,29.9,12.0,8,3900,7.0,24,22,2,10.7,4,M,no,sedentario
PAC008632,31,51.8,164,19.3,83,96,120,66,48,93,6.3,236,56,40,85,0.94,80,3.4,32.1,14.8,9,12685,7.2,15,0,7,11.0,5,F,no,ligero
PAC008633,39,56.8,179,17.7,80,95,128,69,47,99,4.4,198,75,46,167,0.94,111,6.1,42.4,15.4,6,13652,7.3,0,1,5,8.5,3,F,no,activo
PAC008634,36,67.2,163,25.3,79,92,127,72,54,88,4.8,152,59,71,84,1.01,94,0.1,43.1,14.8,9,13925,9.0,1,1,3,4.7,0,F,no,activo
PAC008635,29,76.4,151,33.5,90,89,147,80,73,69,4.5,155,77,104,169,0.59,86,3.5,21.8,10.2,6,7195,6.9,27,12,4,7.4,9,F,si,ligero
PAC008636,30,81.1,169,28.4,65,106,135,76,78,107,4.0,222,68,165,121,0.96,95,7.5,21.7,11.0,3,6360,7.0,22,14,0,9.5,6,F,si,ligero
PAC008637,90,78.6,140,40.1,90,98,163,114,82,99,5.6,234,63,156,41,0.69,56,7.5,32.6,15.8,4,500,5.9,13,3,5,11.0,8,M,no,sedentario
PAC008638,18,83.4,165,30.6,88,95,123,64,81,119,5.8,179,59,90,145,0.99,92,3.3,39.3,12.4,6,8591,8.6,28,34,3,9.3,7,F,no,sedentario
PAC008639,47,74.5,166,27.0,81,79,112,77,56,72,5.1,197,62,62,62,0.58,79,0.1,13.3,16.3,8,12569,9.0,4,0,8,5.5,2,M,no,activo
PAC008640,90,69.3,148,31.6,101,88,136,111,70,113,6.1,174,45,121,213,0.64,24,5.8,21.5,16.7,4,2016,7.2,16,9,1,15.5,9,F,si,sedentario
PAC008641,18,69.4,165,25.5,74,75,129,69,72,107,5.7,201,62,130,179,0.82,87,0.1,32.3,11.8,7,6554,9.4,28,30,1,7.3,10,M,si,activo
PAC008642,78,82.2,161,31.7,116,90,161,100,58,96,5.5,203,33,139,71,0.4,60,3.7,28.0,16.2,1,3839,8.1,20,6,2,11.8,8,M,no,ligero
PAC008643,68,50.4,161,19.4,98,82,161,93,88,98,4.4,224,49,143,149,0.4,62,4.3,34.9,15.5,0,9790,5.0,1,13,0,17.1,10,F,si,sedentario
PAC008644,76,92.9,197,23.9,96,90,146,88,81,123,6.7,226,52,188,300,0.98,64,6.0,17.5,17.1,0,500,7.6,5,4,0,10.4,8,M,si,activo
PAC008645,67,106.1,194,28.2,110,86,139,94,101,132,7.8,267,47,141,240,1.09,81,2.7,53.6,15.9,0,3643,8.3,13,2,3,14.2,8,M,si,sedentario
PAC008646,18,83.5,166,30.3,71,94,110,81,79,120,5.2,202,42,116,67,0.75,77,1.5,17.0,11.6,1,9696,7.0,27,18,2,11.6,8,F,no,sedentario
PAC008647,18,67.3,151,29.5,74,92,114,82,85,77,4.1,167,42,148,133,1.02,61,1.8,7.6,12.2,7,9419,6.6,27,24,3,11.0,10,F,no,sedentario
PAC008648,18,67.5,178,21.3,78,90,124,83,65,60,4.0,251,58,40,164,1.08,80,2.1,44.9,14.6,8,14361,8.5,5,0,5,5.9,4,F,no,sedentario
PAC008649,46,61.0,155,25.4,101,86,92,77,87,83,5.2,200,29,102,137,0.97,104,2.1,21.2,14.2,10,8779,8.1,11,32,1,11.4,6,M,si,ligero
PAC008650,36,70.3,168,24.9,81,102,127,89,59,86,5.6,193,80,97,91,1.0,126,0.7,37.6,16.3,10,9417,7.2,0,0,5,8.1,1,M,no,activo
PAC008651,65,85.7,197,22.1,109,100,153,74,81,124,6.3,262,25,159,297,0.95,74,7.1,33.4,14.1,0,500,10.6,17,2,1,8.9,8,F,si,sedentario
PAC008652,62,82.7,141,41.6,109,97,163,101,73,96,6.1,205,56,137,172,0.4,59,2.0,23.5,13.4,4,3845,7.4,16,1,3,11.1,5,M,si,sedentario
PAC008653,66,94.4,194,25.1,126,112,128,98,54,135,7.2,271,47,183,244,1.17,94,3.8,32.2,11.0,0,4381,9.5,23,14,0,12.9,7,M,si,activo
PAC008654,23,72.3,152,31.3,67,84,120,93,77,94,5.7,199,64,111,200,0.96,98,3.8,19.0,14.1,5,8900,7.6,25,20,2,12.4,5,M,no,ligero
PAC008655,61,83.8,140,42.8,104,75,162,99,81,66,5.5,236,57,153,238,0.52,61,2.9,25.8,16.6,2,5335,6.0,15,0,0,11.6,4,F,no,sedentario
PAC008656,74,97.7,140,49.8,122,105,161,97,71,99,5.4,247,63,114,201,0.54,35,3.5,39.6,11.2,1,7425,6.0,10,5,4,11.5,6,F,si,sedentario
PAC008657,68,111.6,142,55.3,111,80,158,99,83,131,6.1,225,52,175,176,0.52,110,1.2,27.6,18.1,3,5897,5.2,5,15,4,11.7,10,F,si,sedentario
PAC008658,90,96.3,205,22.9,90,106,150,81,76,113,6.2,259,26,194,227,1.33,89,4.2,31.1,14.1,0,4945,10.4,11,8,2,11.8,7,F,no,sedentario
PAC008659,33,69.5,175,22.7,85,96,118,78,70,123,5.1,206,56,121,118,1.23,117,0.1,32.7,14.5,5,8031,7.6,10,9,2,2.0,2,F,no,activo
PAC008660,90,92.9,153,39.7,107,101,125,108,76,94,6.6,222,39,174,340,0.66,90,8.5,27.5,15.3,4,500,5.0,11,20,2,13.9,7,F,si,ligero
PAC008661,68,90.7,146,42.6,108,84,147,91,72,106,4.0,228,47,189,275,0.72,102,4.0,31.5,16.5,0,1303,5.5,17,10,0,10.9,10,M,no,ligero
PAC008662,18,74.9,170,25.9,76,92,115,75,79,114,4.9,229,54,117,115,0.82,68,0.1,47.9,9.8,6,8521,9.4,6,17,4,12.3,7,M,si,activo
PAC008663,71,72.5,149,32.7,95,111,157,92,80,77,6.0,238,45,128,162,0.4,57,4.8,33.7,15.9,0,4833,6.2,0,13,5,15.1,10,F,no,ligero
PAC008664,44,83.7,186,24.2,98,118,135,83,68,149,7.1,235,28,177,236,1.12,66,4.8,36.6,14.6,1,570,9.7,8,1,0,8.9,9,F,si,ligero
PAC008665,69,98.6,200,24.6,121,93,156,95,72,174,7.5,282,30,182,305,1.43,65,7.0,34.6,15.6,3,5716,10.0,9,9,1,13.9,7,M,si,sedentario
PAC008666,34,68.6,166,24.9,82,99,126,60,66,96,4.4,169,61,64,56,1.12,111,0.5,37.7,13.6,5,11220,9.0,4,1,8,8.9,1,F,no,activo
PAC008667,18,41.6,166,15.1,93,109,130,75,58,90,5.1,195,77,64,60,1.17,97,0.9,46.4,12.7,10,9803,8.3,6,0,6,3.3,6,F,no,ligero
PAC008668,28,70.4,171,24.1,84,109,123,89,54,87,6.0,139,62,118,89,1.13,103,0.1,37.2,15.9,9,16699,7.8,2,9,6,6.6,1,M,no,ligero
PAC008669,52,67.7,154,28.5,95,111,160,111,68,82,4.5,269,44,117,157,0.56,65,0.1,22.0,14.8,4,4311,5.7,19,6,2,10.5,8,M,no,sedentario
PAC008670,37,62.6,170,21.7,74,103,154,71,59,109,4.7,137,78,141,93,0.84,90,4.8,25.4,15.5,7,9150,8.5,2,0,7,6.4,0,M,si,sedentario
PAC008671,90,78.7,156,32.3,107,83,166,105,74,106,5.4,219,55,151,51,0.4,66,3.4,40.9,14.2,0,2197,6.9,23,12,5,13.1,10,M,no,activo
PAC008672,71,98.6,159,39.0,108,103,170,101,78,108,5.3,217,59,137,214,0.86,86,8.4,34.4,17.3,5,3438,5.5,11,16,5,10.4,7,F,no,sedentario
PAC008673,90,71.6,140,36.5,95,97,156,94,79,91,5.3,224,25,124,151,0.4,49,1.1,17.0,14.8,5,500,6.0,6,3,0,10.6,7,M,no,sedentario
PAC008674,34,77.7,170,26.9,74,87,110,74,60,94,5.4,149,42,160,176,1.13,76,3.0,33.8,14.2,3,8233,9.4,15,10,0,12.6,7,F,no,ligero
PAC008675,78,103.1,193,27.7,122,117,120,80,69,132,8.2,216,25,123,297,1.03,67,5.9,39.8,15.2,1,4311,7.9,18,6,3,8.2,6,M,si,ligero
PAC008676,73,102.5,151,45.0,97,97,143,90,73,115,5.3,241,32,176,187,0.4,74,9.1,22.3,16.9,0,5330,5.3,0,13,4,14.0,5,M,si,sedentario
PAC008677,88,66.5,190,18.4,121,87,122,91,68,116,7.5,187,31,126,195,1.32,79,0.3,33.5,15.1,0,2833,6.6,4,11,0,7.3,6,M,si,sedentario
PAC008678,80,90.2,189,25.3,114,108,134,81,87,122,5.8,225,50,131,360,0.99,80,7.0,29.9,15.0,2,10767,9.1,15,0,1,10.0,8,M,si,sedentario
PAC008679,33,74.1,182,22.4,79,95,119,68,78,60,4.0,192,91,102,92,1.43,77,0.6,42.5,13.9,10,18029,8.5,2,0,6,3.6,2,F,si,activo
PAC008680,66,77.3,150,34.4,98,85,177,96,82,70,6.9,179,51,154,150,0.53,73,2.1,29.4,16.5,3,1277,6.6,12,10,2,11.5,10,F,si,ligero
PAC008681,46,90.4,173,30.2,103,96,125,79,81,107,5.6,244,41,135,40,1.01,96,4.0,22.2,14.1,5,7940,6.9,20,32,1,14.4,8,M,no,sedentario
PAC008682,18,92.0,153,39.3,76,98,131,57,90,105,4.5,200,61,105,141,0.55,105,1.9,21.6,11.0,6,8777,7.2,12,25,2,5.3,5,F,no,ligero
PAC008683,26,73.6,168,26.1,91,89,136,76,74,83,4.6,191,65,108,40,1.01,115,3.0,5.2,11.0,9,5430,9.6,18,34,2,11.1,9,M,no,ligero
PAC008684,76,70.3,140,35.9,112,95,181,101,67,117,5.2,233,36,173,196,0.51,65,1.5,26.3,15.1,0,5164,3.6,9,16,4,15.4,8,M,no,ligero
PAC008685,21,66.5,156,27.3,67,90,95,73,73,90,5.1,208,56,126,128,0.8,110,2.6,15.5,13.7,7,5965,6.9,19,28,0,4.8,9,M,no,sedentario
PAC008686,18,82.2,141,41.3,90,88,134,77,74,104,5.1,210,53,141,125,1.03,117,3.2,33.2,10.6,1,12611,7.5,19,23,3,10.3,8,M,no,ligero
PAC008687,52,87.3,202,21.4,107,91,149,82,81,139,6.7,220,42,162,239,1.21,56,5.9,14.8,12.1,0,3377,10.4,15,8,3,9.9,8,M,si,sedentario
PAC008688,18,45.7,167,16.4,86,98,116,77,64,97,4.0,205,61,100,40,1.21,110,1.6,30.1,13.3,5,12635,9.9,5,7,5,2.7,3,M,no,sedentario
PAC008689,69,83.3,143,40.7,104,122,152,95,80,89,4.8,265,47,108,199,0.4,99,4.4,37.7,15.6,0,554,6.6,0,5,2,10.0,7,F,no,sedentario
PAC008690,56,78.4,187,22.4,117,95,139,71,81,105,8.1,231,39,136,203,1.23,73,5.4,45.0,14.8,0,4310,6.5,24,2,2,14.3,6,F,si,sedentario
PAC008691,68,80.3,205,19.1,123,113,169,84,76,129,6.8,264,57,209,252,1.25,94,3.5,15.5,13.9,0,1759,8.6,7,3,3,12.6,6,F,no,ligero
PAC008692,88,94.5,185,27.6,123,115,123,80,88,136,7.2,248,27,168,331,1.03,88,4.1,44.2,17.8,2,1006,8.3,3,11,4,8.5,3,F,si,ligero
PAC008693,20,77.3,164,28.7,60,97,121,76,79,92,5.7,162,60,107,129,1.04,87,0.7,42.2,15.0,7,11169,8.9,9,6,4,6.4,0,M,no,ligero
PAC008694,56,88.5,151,38.8,111,106,181,99,69,101,4.8,236,38,152,157,0.56,59,2.9,32.9,15.8,0,7991,5.1,17,2,0,14.2,7,F,no,sedentario
PAC008695,18,44.5,177,14.2,64,93,111,82,58,83,5.8,134,48,102,58,0.75,102,0.1,29.6,14.2,2,9235,9.7,0,0,4,4.9,4,M,no,ligero
PAC008696,23,82.4,148,37.6,89,87,111,69,89,70,6.3,220,46,73,66,1.0,112,4.0,11.5,9.5,3,4824,4.7,29,8,5,6.6,9,F,no,ligero
PAC008697,86,86.2,144,41.6,107,95,144,102,88,77,5.1,234,42,180,73,0.43,79,3.2,35.5,17.9,3,4644,5.0,13,0,0,15.5,5,M,no,sedentario
PAC008698,66,102.2,199,25.8,105,89,138,96,88,121,6.7,215,25,126,380,1.16,83,5.0,46.0,14.1,2,572,10.3,10,12,1,11.2,5,M,no,sedentario
PAC008699,34,45.2,173,15.1,71,103,112,75,65,75,6.1,154,67,124,124,0.94,114,0.1,41.0,18.0,13,11175,9.2,4,0,4,2.2,5,F,no,ligero
PAC008700,18,53.8,171,18.4,78,111,104,64,52,72,4.1,145,67,91,40,0.9,96,1.2,23.6,14.5,8,9450,6.9,0,0,4,8.5,0,M,si,ligero
PAC008701,55,92.4,186,26.7,114,100,149,100,77,122,6.9,200,41,160,304,1.61,39,9.8,32.0,13.5,0,3835,8.4,8,5,4,8.8,9,M,si,activo
PAC008702,18,70.6,145,33.6,62,102,90,66,59,71,4.2,196,70,41,40,0.98,99,2.4,38.7,14.0,12,13203,8.3,7,3,7,6.5,1,F,no,sedentario
PAC008703,58,98.2,140,50.1,109,93,129,100,85,111,5.4,245,44,149,240,0.4,92,7.6,41.3,15.0,1,9466,7.1,4,14,2,11.8,6,M,si,ligero
PAC008704,63,88.6,205,21.1,124,112,144,94,77,144,7.1,267,39,132,222,1.13,67,8.1,44.7,14.9,0,888,9.6,23,0,1,12.7,4,F,si,ligero
PAC008705,48,40.0,167,14.3,74,90,120,69,45,95,6.1,143,73,98,40,1.11,80,0.1,45.0,13.2,7,9049,9.7,0,15,5,6.4,4,F,si,sedentario
PAC008706,19,88.3,163,33.2,83,95,134,57,80,71,5.4,184,56,102,111,1.18,113,0.1,17.0,11.2,5,9365,6.7,22,33,4,4.7,10,F,si,ligero
PAC008707,32,73.3,156,30.1,84,91,111,70,87,91,6.9,190,51,41,213,0.75,70,4.2,31.5,13.0,3,10323,8.4,9,10,0,4.9,7,M,no,ligero
PAC008708,19,53.2,174,17.6,73,106,123,86,58,92,4.0,176,66,64,108,1.32,123,0.1,29.8,15.6,6,10190,8.1,13,0,7,6.0,2,M,si,sedentario
PAC008709,40,78.3,166,28.4,75,116,111,67,51,107,6.0,161,82,88,40,1.04,87,1.2,51.7,15.9,8,6163,8.2,5,0,5,2.0,4,M,si,activo
PAC008710,50,84.3,198,21.5,121,100,152,62,78,127,6.6,253,25,166,341,1.05,79,4.9,41.0,16.0,3,2534,8.5,12,7,2,10.2,9,M,no,activo
PAC008711,18,93.4,168,33.1,101,81,116,67,69,83,4.0,207,61,137,75,0.92,84,6.4,17.0,11.4,3,11418,10.0,14,23,0,9.9,4,M,no,ligero
PAC008712,79,121.9,183,36.4,125,99,125,80,80,144,7.3,241,39,233,187,1.07,85,9.8,27.4,15.1,1,2807,9.4,8,13,3,9.2,10,M,no,sedentario
PAC008713,85,87.1,141,43.8,118,114,158,115,71,94,6.0,272,49,89,228,0.41,90,3.6,47.6,17.9,0,500,5.3,6,10,5,9.5,6,F,si,sedentario
PAC008714,83,106.0,149,47.7,103,96,149,95,79,110,6.2,261,44,150,164,0.4,62,3.5,31.9,16.0,2,4377,7.4,14,14,4,13.9,7,F,no,sedentario
PAC008715,74,69.1,140,35.3,87,103,155,102,77,114,5.8,212,59,61,229,0.4,89,4.6,45.0,15.3,0,8243,6.0,18,9,0,9.9,3,F,no,ligero
PAC008716,66,100.5,183,30.0,110,94,157,75,83,133,6.6,223,25,162,275,0.79,87,4.1,46.7,17.4,0,515,8.1,12,6,2,13.1,10,F,no,sedentario
PAC008717,63,71.2,147,32.9,98,109,142,109,90,104,5.8,203,28,158,221,0.76,106,6.9,26.5,15.3,0,5722,5.5,4,0,2,13.7,5,M,si,sedentario
PAC008718,89,117.1,187,33.5,120,94,184,83,88,128,8.7,161,37,130,142,0.88,91,8.6,29.1,12.6,2,500,9.1,26,6,0,9.6,6,M,si,ligero
PAC008719,55,102.4,194,27.2,149,112,131,101,68,139,7.1,233,51,181,196,1.31,86,10.0,40.0,13.2,1,3661,9.1,10,0,0,17.1,8,M,si,sedentario
PAC008720,19,81.6,158,32.7,74,100,130,70,63,72,4.7,198,70,76,134,1.14,97,2.1,39.1,14.1,9,8780,8.1,0,16,5,6.6,0,M,si,sedentario
PAC008721,62,71.4,201,17.7,117,114,130,92,95,162,7.9,208,25,161,298,1.39,75,10.5,36.7,14.1,0,3665,7.9,9,5,0,7.6,6,M,no,sedentario
PAC008722,68,80.7,140,41.2,111,97,164,92,64,101,5.1,214,38,120,144,0.64,59,5.9,22.8,14.6,2,2601,5.5,12,1,3,10.3,4,M,si,sedentario
PAC008723,43,81.0,140,41.3,86,90,139,82,78,86,5.1,193,94,112,145,1.02,112,2.0,30.9,13.3,3,6344,8.1,17,21,0,10.3,4,F,no,ligero
PAC008724,25,82.6,140,42.1,92,95,109,74,70,69,5.4,207,56,104,59,0.72,105,6.2,27.1,10.2,5,7528,9.2,27,36,2,12.2,5,M,no,sedentario
PAC008725,59,98.1,205,23.3,108,104,146,105,82,138,7.1,284,27,154,198,1.15,85,9.3,33.4,16.0,0,2245,8.5,15,10,2,13.5,8,F,no,activo
PAC008726,45,44.5,163,16.7,88,89,128,81,53,88,5.4,155,67,83,101,1.05,90,0.8,40.2,13.2,7,12849,7.6,0,4,3,2.0,0,M,si,activo
PAC008727,51,95.2,199,24.0,130,104,137,80,73,137,7.9,217,43,166,276,0.84,100,6.0,41.7,16.4,2,500,8.8,6,2,0,10.0,10,F,si,sedentario
PAC008728,90,94.9,199,24.0,134,110,156,84,85,139,8.2,251,25,144,245,1.01,71,10.4,16.1,13.9,0,2242,11.0,2,0,1,14.4,9,F,si,sedentario
PAC008729,48,100.1,198,25.5,116,97,134,85,66,103,7.1,200,27,159,260,0.99,80,7.5,40.1,14.5,0,4390,6.7,9,3,2,9.9,8,M,si,sedentario
PAC008730,21,42.0,173,14.0,60,114,140,75,55,93,5.9,226,70,90,96,1.36,105,1.5,38.1,16.3,13,14574,7.5,0,6,7,6.6,4,M,si,ligero
PAC008731,69,97.2,141,48.9,91,93,183,99,77,106,7.3,262,25,122,197,0.4,95,5.2,36.1,18.5,0,4545,6.8,8,6,1,11.4,9,M,si,sedentario
PAC008732,55,55.9,146,26.2,97,94,189,85,79,86,5.7,251,29,83,183,0.4,77,5.4,20.4,15.7,5,4783,7.5,10,7,6,18.2,6,F,no,ligero
PAC008733,85,99.5,143,48.7,129,104,153,96,90,107,5.6,252,42,117,225,0.54,84,7.0,28.9,16.9,0,4700,7.8,7,2,1,13.6,10,F,no,activo
PAC008734,38,69.6,170,24.1,66,114,117,88,66,102,5.4,274,99,99,106,1.15,100,1.9,47.0,14.3,8,12205,6.7,13,16,7,4.7,3,F,si,activo
PAC008735,30,66.3,162,25.3,96,96,151,56,62,85,5.4,171,72,119,40,1.15,98,1.6,46.6,13.3,4,10947,9.8,0,0,5,8.2,1,F,no,ligero
PAC008736,40,72.6,168,25.7,108,92,105,71,76,99,5.3,202,83,123,49,0.95,124,0.1,31.7,15.5,11,13515,9.2,5,0,6,7.4,3,M,no,activo
PAC008737,81,117.8,140,60.1,112,111,165,112,73,95,5.7,204,67,139,115,0.79,57,4.9,26.6,19.0,0,3275,4.9,12,12,0,11.3,6,M,no,sedentario
PAC008738,55,95.5,205,22.7,120,113,124,77,82,142,7.3,212,25,161,226,1.03,89,5.0,31.3,15.3,4,9310,10.8,15,1,1,12.6,5,F,no,activo
PAC008739,18,77.3,172,26.1,77,87,113,72,69,64,5.5,191,88,113,78,1.12,98,0.8,34.7,16.0,6,15226,7.2,0,12,5,6.0,1,F,si,sedentario
PAC008740,29,62.9,153,26.9,84,124,114,63,59,101,4.1,185,67,106,40,0.96,116,3.4,40.2,13.4,7,8248,7.7,8,0,5,6.4,2,F,si,ligero
PAC008741,74,64.2,140,32.8,82,98,159,109,73,90,5.8,267,61,105,141,0.4,81,3.6,28.6,15.0,2,2859,6.2,4,7,3,11.9,5,F,no,sedentario
PAC008742,45,70.1,155,29.2,104,107,160,102,101,99,4.3,190,32,142,192,0.59,87,5.6,37.3,15.6,4,4423,4.1,18,15,1,10.8,9,F,si,sedentario
PAC008743,29,52.7,171,18.0,68,80,109,83,60,77,5.3,185,54,110,40,1.18,91,6.2,26.4,14.4,10,3231,6.2,9,9,5,4.8,1,M,no,sedentario
PAC008744,68,92.0,196,23.9,107,101,137,88,84,144,7.5,259,46,176,187,1.31,83,8.1,30.2,14.8,0,3256,8.4,15,14,3,13.7,8,F,si,sedentario
PAC008745,43,56.8,165,20.9,70,91,123,67,69,66,4.4,172,80,70,63,1.49,88,0.1,42.1,14.7,10,13929,9.0,3,0,4,7.1,3,F,no,ligero
PAC008746,60,99.4,140,50.7,100,102,133,105,84,90,6.0,209,59,147,155,0.47,102,4.9,40.9,15.5,0,804,5.7,11,2,1,12.7,8,M,no,ligero
PAC008747,45,73.4,154,30.9,72,99,127,77,78,87,4.7,156,35,132,112,0.8,97,1.6,16.8,11.4,6,10713,7.8,16,19,3,10.1,7,F,no,sedentario
PAC008748,52,92.5,178,29.2,89,114,139,78,52,88,4.2,185,61,103,125,0.92,111,1.6,29.5,15.1,8,14132,11.0,17,1,3,9.4,0,F,no,ligero
PAC008749,79,114.7,193,30.8,97,101,146,84,80,119,6.5,245,40,114,261,0.8,82,9.6,35.8,13.6,0,6763,9.2,18,0,1,15.1,8,F,no,sedentario
PAC008750,25,84.0,149,37.8,72,96,90,79,89,96,5.8,241,49,68,135,1.12,102,3.4,33.6,10.6,4,9914,7.0,26,30,0,10.3,10,F,si,activo
PAC008751,32,55.4,168,19.6,78,108,114,74,66,89,5.8,181,47,120,200,1.36,103,0.1,37.4,13.9,10,13267,9.7,0,12,4,7.4,2,M,si,ligero
PAC008752,74,87.6,197,22.6,104,100,112,93,63,134,8.5,227,31,123,240,1.21,58,4.2,29.9,16.6,0,2698,10.8,6,1,3,10.9,10,M,si,ligero
PAC008753,74,86.3,140,44.0,90,110,160,87,68,114,6.4,194,47,143,187,0.4,65,3.6,46.2,17.5,3,4707,6.6,8,4,5,7.7,7,M,si,ligero
PAC008754,18,46.0,161,17.7,82,99,94,71,74,113,5.6,185,63,72,99,1.18,86,0.1,25.4,10.7,6,14763,9.6,25,32,2,10.4,7,F,no,ligero
PAC008755,33,55.0,163,20.7,66,84,131,67,79,107,5.2,153,40,88,101,0.68,85,0.8,12.4,11.7,1,5029,8.2,5,14,3,11.7,5,M,si,ligero
PAC008756,18,58.4,163,22.0,100,80,130,81,84,85,5.5,157,60,149,87,0.96,108,8.1,21.2,10.7,10,8577,7.9,8,19,4,8.4,9,M,no,ligero
PAC008757,73,87.2,190,24.2,106,88,139,85,78,130,7.2,211,36,166,248,1.41,94,4.2,30.5,14.2,0,4634,9.5,22,3,2,8.1,10,F,si,ligero
PAC008758,75,105.6,197,27.2,119,89,121,89,81,113,7.8,190,57,121,224,1.2,82,6.5,42.1,13.4,0,5393,8.3,15,5,2,9.4,8,F,no,sedentario
PAC008759,77,67.1,148,30.6,118,99,178,86,67,83,5.7,220,50,86,185,0.4,79,6.4,42.5,17.9,0,2782,5.8,12,0,1,10.4,4,M,si,sedentario
PAC008760,18,76.0,155,31.6,69,114,132,77,77,85,4.0,127,60,47,191,0.87,71,2.1,28.2,10.5,3,2470,9.3,11,23,1,11.8,10,F,no,sedentario
PAC008761,57,95.8,195,25.2,119,136,131,79,71,153,6.5,277,29,183,281,1.06,83,10.2,30.3,14.6,3,1504,9.2,1,0,1,10.6,5,M,si,ligero
PAC008762,30,47.5,165,17.4,68,96,108,70,54,73,4.0,175,58,97,40,0.96,102,1.7,24.9,14.3,5,10711,8.8,0,0,6,5.7,0,M,si,ligero
PAC008763,18,75.3,166,27.3,73,110,126,65,57,82,4.0,141,72,103,40,1.25,85,1.8,22.5,13.8,7,9043,8.9,0,13,5,12.0,0,F,no,ligero
PAC008764,90,97.1,156,39.9,101,84,147,94,74,114,6.4,187,45,147,200,0.4,69,4.7,27.2,14.1,0,4450,7.3,17,7,0,15.5,10,M,si,sedentario
PAC008765,78,84.8,191,23.2,115,94,173,81,71,142,7.1,248,32,126,317,1.29,75,6.1,37.8,13.4,0,1439,7.3,11,7,0,9.6,8,M,no,activo
PAC008766,34,59.7,151,26.2,101,94,106,80,84,105,5.7,206,68,75,67,0.78,107,2.4,20.3,13.5,6,13717,9.1,28,32,3,10.1,7,F,no,activo
PAC008767,67,107.0,194,28.4,109,112,144,86,65,155,6.6,219,53,160,218,1.13,70,7.5,45.6,14.1,0,3893,10.6,11,9,0,11.2,3,F,no,sedentario
PAC008768,46,93.3,197,24.0,122,101,122,72,78,134,7.0,250,40,129,286,1.28,96,10.2,29.7,12.5,0,1773,8.6,28,0,1,9.4,7,F,si,sedentario
PAC008769,21,66.2,166,24.0,86,105,104,69,65,75,5.5,178,66,152,40,0.98,93,0.1,41.2,14.1,6,11144,7.5,14,0,6,2.6,4,F,si,sedentario
PAC008770,18,72.0,158,28.8,79,97,111,74,58,88,4.0,146,57,89,51,1.14,130,0.1,16.2,14.8,7,17306,8.3,9,6,3,6.3,3,M,si,activo
PAC008771,28,79.5,155,33.1,73,104,121,73,45,101,5.1,166,91,169,60,1.13,130,0.1,47.4,13.4,8,12346,9.0,14,0,3,6.8,4,F,no,ligero
PAC008772,36,76.5,168,27.1,97,93,107,66,83,60,4.6,185,73,58,100,0.62,109,1.6,16.6,11.3,5,4046,8.5,13,31,0,11.2,8,F,si,ligero
PAC008773,39,56.0,167,20.1,68,114,107,68,58,60,4.9,181,73,107,40,0.61,91,0.1,19.9,15.6,8,13788,8.8,0,3,6,8.0,4,F,no,ligero
PAC008774,49,40.0,178,12.6,78,104,124,69,79,95,4.0,159,45,138,58,0.7,110,0.1,33.4,13.8,9,11546,7.1,0,2,5,5.8,2,F,si,ligero
PAC008775,22,81.3,140,41.5,94,90,113,69,93,100,4.0,183,56,128,42,0.76,112,4.5,25.7,13.4,5,11341,8.2,25,33,0,6.7,4,F,no,sedentario
PAC008776,51,83.8,168,29.7,70,87,90,56,56,87,5.5,180,71,97,40,1.27,94,0.1,34.4,17.4,5,13514,7.4,4,14,9,2.9,1,F,no,ligero
PAC008777,24,77.7,153,33.2,83,100,134,76,91,103,4.0,174,61,95,178,0.78,89,2.2,14.1,10.8,4,6600,8.4,20,15,3,10.1,10,M,no,sedentario
PAC008778,63,75.4,196,19.6,118,115,161,90,72,160,6.9,188,25,172,345,1.18,71,7.3,27.4,14.7,0,1982,10.3,11,0,1,12.4,8,M,no,sedentario
PAC008779,62,86.1,146,40.4,111,100,159,96,90,74,6.7,213,61,155,196,0.5,53,0.9,41.8,15.3,6,6607,7.2,15,7,3,14.3,10,F,no,activo
PAC008780,71,61.3,194,16.3,116,107,112,82,89,146,7.9,209,38,162,304,1.15,38,4.2,54.3,16.3,1,4105,8.3,10,0,2,11.7,5,M,no,ligero
PAC008781,69,87.6,142,43.4,124,109,168,104,68,102,6.0,205,47,125,145,0.48,45,6.1,41.1,15.4,0,500,4.4,10,0,3,14.7,9,F,si,sedentario
PAC008782,64,100.6,193,27.0,94,115,154,83,91,121,7.0,227,30,120,278,1.2,91,5.0,48.5,13.3,0,1643,8.4,14,17,2,8.5,4,M,no,ligero
PAC008783,18,72.0,178,22.7,86,106,121,79,62,90,5.4,171,72,60,40,1.19,62,0.6,26.3,13.7,14,8848,8.2,7,0,5,11.2,0,M,no,sedentario
PAC008784,59,71.9,147,33.3,101,108,196,107,62,71,6.6,240,61,114,144,0.58,38,1.5,35.5,14.8,0,1540,5.5,10,8,3,5.2,5,F,si,ligero
PAC008785,47,54.9,168,19.5,79,96,131,65,53,93,5.7,154,65,64,52,1.29,81,0.1,40.9,13.2,8,11497,9.1,0,0,7,4.0,1,F,no,ligero
PAC008786,46,93.6,157,38.0,86,98,116,87,86,67,6.5,178,40,96,140,0.89,112,0.3,23.7,12.5,4,8120,8.8,23,34,1,7.4,5,M,si,ligero
PAC008787,18,72.5,145,34.5,78,87,112,60,85,97,6.4,194,53,111,40,0.8,83,1.7,18.7,12.8,8,6342,9.1,26,13,1,12.5,9,F,no,sedentario
PAC008788,18,46.3,161,17.9,77,75,114,63,84,107,5.2,200,75,68,126,0.63,95,6.3,18.0,10.4,5,5998,8.8,15,29,0,6.1,10,F,si,activo
PAC008789,63,114.3,205,27.2,115,121,137,82,79,137,6.9,184,25,185,339,0.83,95,6.7,39.4,15.9,0,4479,8.8,5,9,0,11.0,6,F,si,ligero
PAC008790,32,52.0,160,20.3,60,107,119,71,77,92,5.4,190,59,81,104,0.76,108,3.9,27.9,16.2,11,13138,9.0,1,0,5,4.5,2,M,si,ligero
PAC008791,81,55.8,157,22.6,110,102,143,110,84,91,6.2,217,71,142,180,0.4,60,2.5,26.3,18.2,0,3777,4.1,20,0,3,11.5,7,M,si,sedentario
PAC008792,46,74.1,159,29.3,115,94,139,94,75,122,6.8,228,64,154,134,0.8,59,4.6,44.1,15.7,2,8071,6.3,0,2,2,8.1,8,F,si,sedentario
PAC008793,27,78.6,153,33.6,90,95,124,74,84,77,5.0,235,43,92,41,1.06,101,4.8,18.4,13.4,5,8200,9.0,23,12,0,8.9,10,F,si,sedentario
PAC008794,48,59.1,170,20.4,98,109,136,69,66,84,4.0,156,62,78,71,1.24,107,0.1,28.5,14.3,7,17123,7.9,0,4,5,2.2,3,F,no,activo
PAC008795,38,57.9,155,24.1,78,99,134,78,80,116,4.8,172,62,91,123,0.87,113,5.6,8.8,8.9,9,10106,7.5,27,36,0,13.0,10,M,si,sedentario
PAC008796,75,93.7,181,28.6,126,100,118,80,81,107,6.5,234,47,141,256,1.15,75,3.4,39.3,16.0,0,500,8.4,18,0,3,12.5,9,M,si,sedentario
PAC008797,59,107.9,187,30.9,115,90,153,86,67,148,7.3,208,37,147,251,1.28,60,9.7,43.6,13.5,0,6915,8.5,6,7,0,13.8,5,F,no,sedentario
PAC008798,18,65.9,150,29.3,83,105,104,72,86,100,5.7,174,74,90,158,0.85,68,4.0,22.0,10.5,1,12529,9.4,17,24,0,12.9,6,F,no,sedentario
PAC008799,70,98.9,205,23.5,119,101,134,85,78,142,7.3,285,50,145,278,1.16,61,7.9,44.3,15.1,0,7262,9.1,7,11,0,10.8,5,M,no,ligero
PAC008800,71,66.4,151,29.1,118,93,177,114,78,88,5.4,218,28,171,316,0.86,82,8.6,23.0,15.9,2,4797,4.5,0,7,1,12.9,6,F,si,ligero
PAC008801,29,69.5,162,26.5,63,107,142,66,59,60,4.0,144,64,141,43,1.17,115,0.1,32.1,15.3,10,7769,8.8,6,1,6,3.0,8,F,no,activo
PAC008802,67,92.5,182,27.9,115,96,131,66,67,123,5.7,224,47,132,254,0.83,26,6.1,49.8,13.6,0,4959,10.0,14,8,2,8.8,8,F,si,sedentario
PAC008803,62,93.7,203,22.7,106,114,156,76,82,131,8.0,248,28,191,209,1.32,59,9.9,46.5,14.7,0,5853,10.1,14,17,3,11.1,6,F,no,sedentario
PAC008804,82,77.1,169,27.0,60,87,113,69,62,79,5.3,158,87,111,60,0.99,109,0.1,28.3,17.2,2,14327,8.3,0,0,6,2.5,4,M,no,ligero
PAC008805,49,87.0,197,22.4,94,86,134,98,83,132,6.7,223,32,156,225,1.34,86,6.3,48.8,16.2,0,1499,10.3,10,0,1,11.9,7,M,no,sedentario
PAC008806,64,115.8,158,46.4,99,107,171,99,68,104,5.5,229,47,155,181,0.44,67,3.5,33.5,16.5,4,4513,6.9,12,0,2,14.1,6,M,si,sedentario
PAC008807,68,130.9,205,31.1,100,114,179,88,66,125,5.5,277,25,138,219,1.06,97,6.8,44.9,14.6,0,5638,8.5,13,9,0,8.1,4,F,no,ligero
PAC008808,63,103.0,140,52.6,103,103,154,100,93,117,5.2,219,50,165,260,0.41,62,4.2,32.2,16.9,4,2770,5.4,12,18,3,10.0,3,M,no,ligero
PAC008809,18,54.3,156,22.3,98,92,118,82,75,70,6.1,214,84,120,40,0.89,107,0.7,35.5,16.0,9,12131,7.9,0,9,6,5.3,3,M,no,ligero
PAC008810,66,120.9,205,28.8,103,103,119,81,67,142,6.4,270,44,153,303,1.47,94,3.7,28.6,17.3,1,2608,9.5,12,17,2,15.7,7,F,no,sedentario
PAC008811,69,105.4,193,28.3,96,110,125,92,69,129,6.8,215,32,142,261,1.23,118,8.2,37.6,13.6,0,3596,9.1,1,1,1,8.9,8,M,si,sedentario
PAC008812,67,104.9,140,53.5,101,86,160,114,92,109,5.8,200,42,159,132,0.69,73,5.5,46.5,14.4,0,1326,4.7,10,10,3,15.7,10,F,si,sedentario
PAC008813,27,60.6,150,26.9,85,94,124,83,73,96,4.1,207,67,150,129,1.15,83,3.1,27.7,11.9,5,8775,9.2,17,20,0,7.5,9,M,si,ligero
PAC008814,71,80.6,144,38.9,108,109,174,114,80,103,6.6,223,59,154,198,0.56,101,5.8,27.7,16.2,1,3485,6.4,6,0,3,8.8,6,F,si,ligero
PAC008815,31,43.9,153,18.8,85,86,148,74,72,95,4.6,183,64,75,176,0.93,105,2.7,17.3,12.0,6,11597,6.3,5,20,1,5.7,9,F,no,activo
PAC008816,84,82.9,159,32.8,111,97,144,97,70,91,6.4,260,49,145,135,0.71,58,4.6,10.1,16.1,3,4334,8.5,12,3,3,13.5,4,M,si,ligero
PAC008817,37,90.5,165,33.2,69,102,137,73,95,86,4.8,187,52,89,163,1.01,106,5.0,29.7,11.9,4,9817,9.0,14,22,2,8.6,3,M,si,activo
PAC008818,68,82.8,144,39.9,91,94,200,88,71,114,5.7,226,37,163,160,0.4,100,3.4,27.0,16.8,5,3384,7.3,0,0,2,10.5,7,F,no,ligero
PAC008819,65,66.8,142,33.1,105,105,166,101,64,128,5.7,224,35,174,306,0.72,73,4.9,33.3,13.7,6,5511,7.9,1,3,1,14.1,2,F,no,sedentario
PAC008820,48,61.5,172,20.8,96,111,109,64,79,94,4.8,194,57,121,69,1.2,84,0.1,31.6,14.6,8,12165,7.9,9,0,7,8.5,6,M,no,ligero
PAC008821,73,82.5,156,33.9,87,108,152,99,66,128,6.3,227,52,141,87,0.48,87,8.6,39.9,16.4,4,4781,6.4,16,14,4,10.7,7,F,si,ligero
PAC008822,55,110.1,196,28.7,105,113,125,87,74,113,8.4,275,27,134,223,1.11,73,2.2,46.5,13.8,0,1421,8.7,0,12,0,7.7,10,F,si,sedentario
PAC008823,18,74.8,174,24.7,97,89,115,69,74,93,4.3,170,41,128,123,0.99,103,2.1,11.6,12.7,8,6487,8.8,20,32,1,8.6,4,M,no,ligero
PAC008824,64,80.4,140,41.0,117,85,154,84,78,101,5.8,215,56,152,120,0.65,105,4.9,33.3,15.6,5,7457,7.1,6,10,1,9.4,10,F,si,sedentario
PAC008825,30,63.1,160,24.6,81,115,114,85,56,93,4.3,202,78,79,114,1.01,94,0.1,29.0,13.9,8,16172,5.6,1,0,5,10.2,2,F,no,ligero
PAC008826,53,72.0,194,19.1,109,98,127,83,83,137,7.9,267,32,132,236,1.3,70,6.6,49.5,16.7,4,4198,9.5,3,0,2,10.8,9,F,no,sedentario
PAC008827,62,78.8,141,39.6,120,109,138,100,92,124,7.3,230,50,163,168,0.48,83,9.9,30.4,16.1,1,1747,6.2,12,17,3,8.8,8,M,no,ligero
PAC008828,74,99.7,195,26.2,108,100,131,85,78,166,8.1,215,61,143,398,1.32,79,6.2,34.4,16.2,1,1759,8.6,10,7,0,13.5,5,M,si,sedentario
PAC008829,18,73.7,177,23.5,91,97,108,79,58,80,5.8,143,79,64,89,1.06,118,0.7,37.4,17.1,8,10703,8.2,0,7,6,7.6,0,F,no,sedentario
PAC008830,68,95.3,199,24.1,108,90,110,83,72,142,7.2,254,60,141,318,1.2,62,3.9,44.8,15.1,0,5121,8.7,6,15,2,13.1,7,F,si,sedentario
PAC008831,24,51.4,164,19.1,105,106,93,77,64,73,4.6,176,70,127,102,1.08,103,0.1,37.2,15.1,8,13127,8.6,4,0,7,11.0,2,M,no,ligero
PAC008832,72,78.5,142,38.9,110,95,165,85,78,101,4.9,193,49,129,237,0.42,95,5.2,28.4,16.3,1,2110,6.6,22,4,3,12.2,9,F,no,sedentario
PAC008833,36,95.5,200,23.9,127,95,135,95,80,120,7.9,278,36,89,267,1.25,76,6.4,41.3,14.7,1,4124,8.6,12,11,0,9.9,8,F,si,sedentario
PAC008834,53,91.7,196,23.9,121,102,156,105,94,128,6.7,256,28,130,162,1.29,82,8.7,39.6,16.0,3,4950,6.9,0,10,0,12.3,5,M,no,sedentario
PAC008835,62,85.2,140,43.5,114,80,143,98,75,116,5.3,198,31,133,223,0.4,90,4.0,18.2,15.3,0,3135,4.6,12,13,0,10.1,8,F,no,sedentario
PAC008836,46,79.2,150,35.2,69,102,128,65,65,94,4.8,196,65,58,133,0.77,98,0.1,25.4,16.1,6,10281,7.7,4,2,5,11.4,2,M,si,activo
PAC008837,39,60.0,168,21.3,81,96,124,77,58,104,5.3,185,74,157,40,1.07,95,1.9,21.9,15.4,8,10733,9.7,5,0,6,8.3,0,M,no,activo
PAC008838,26,69.2,152,30.0,65,96,121,80,66,93,6.0,229,78,92,40,0.92,88,0.7,21.3,14.1,8,10338,8.4,16,1,6,8.5,5,M,no,sedentario
PAC008839,18,62.3,154,26.3,99,104,138,94,94,60,4.8,186,60,156,135,0.89,111,2.6,25.7,12.4,1,9478,8.5,2,24,1,10.5,5,M,no,activo
PAC008840,65,76.4,140,39.0,107,75,169,82,61,85,5.0,242,59,170,172,0.59,97,2.3,35.1,16.9,0,6124,8.0,11,0,1,13.9,5,F,no,ligero
PAC008841,69,89.1,140,45.5,107,107,185,101,67,92,5.6,209,54,151,165,0.56,70,1.7,20.8,14.1,1,5497,5.3,5,9,2,14.4,7,F,no,ligero
PAC008842,64,84.7,185,24.7,135,95,134,88,72,129,8.2,307,27,127,343,1.12,65,4.8,38.1,13.3,2,2779,11.0,0,1,1,12.4,6,M,no,sedentario
PAC008843,18,66.3,163,25.0,77,114,123,75,73,105,4.1,172,66,85,150,1.0,92,0.1,35.0,15.2,11,12683,8.8,8,7,6,2.4,3,M,no,ligero
PAC008844,70,84.2,197,21.7,113,96,138,88,75,124,8.4,197,30,193,216,1.22,65,5.5,32.0,13.5,0,3098,9.7,15,16,0,12.4,10,M,si,sedentario
PAC008845,88,86.0,205,20.5,116,97,111,99,73,144,7.1,220,43,181,212,1.17,71,5.2,33.3,17.3,0,2287,8.3,5,5,3,7.3,7,F,si,sedentario
PAC008846,19,63.4,160,24.8,87,92,111,63,69,60,6.6,181,59,123,65,1.18,88,0.1,34.8,16.1,11,14442,6.9,11,4,1,3.0,5,M,no,ligero
PAC008847,22,66.7,173,22.3,76,103,103,95,66,72,6.8,226,52,86,163,1.13,94,2.5,42.4,13.6,7,7288,9.0,0,3,6,9.9,3,M,no,ligero
PAC008848,18,76.9,163,28.9,84,101,119,74,57,88,4.4,193,61,113,51,1.21,76,0.1,47.8,16.1,9,15826,10.3,5,0,7,2.0,0,M,no,activo
PAC008849,27,64.1,160,25.0,107,105,114,66,57,84,4.0,162,54,72,40,0.92,109,6.4,38.5,14.6,7,13398,7.2,3,4,7,7.2,4,M,no,ligero
PAC008850,52,97.7,141,49.1,80,116,123,117,85,104,6.5,226,48,120,225,0.72,83,2.4,30.1,16.6,0,6839,6.5,3,3,4,13.2,6,M,si,sedentario
PAC008851,70,73.3,147,33.9,98,102,170,97,79,90,7.0,252,60,170,176,0.4,71,3.7,36.9,14.2,1,1912,5.4,3,2,0,15.0,6,M,si,ligero
PAC008852,33,72.2,157,29.3,79,97,97,65,45,83,5.6,128,70,105,157,1.34,109,1.1,25.0,15.3,10,10337,8.6,3,0,5,7.5,2,M,no,ligero
PAC008853,73,89.1,193,23.9,118,119,149,82,88,128,6.1,194,57,138,268,1.39,71,5.5,31.2,16.2,1,7188,8.2,20,11,3,8.3,9,M,no,sedentario
PAC008854,74,73.4,189,20.5,96,110,155,99,73,122,6.7,276,46,190,297,1.35,81,6.2,55.7,16.5,0,655,10.0,6,16,0,11.5,7,F,no,sedentario
PAC008855,37,78.2,172,26.4,78,101,117,69,57,86,4.8,126,53,109,115,1.12,118,1.6,30.1,17.7,14,7288,8.1,11,0,5,11.3,0,M,si,sedentario
PAC008856,57,97.7,205,23.2,126,99,124,85,78,129,8.2,255,40,113,176,1.19,56,6.4,34.6,12.6,0,2568,9.5,9,20,0,10.4,6,M,si,ligero
PAC008857,64,105.3,161,40.6,116,102,157,87,77,94,7.1,202,51,149,173,0.4,64,7.8,30.1,16.2,1,3155,6.4,0,20,2,10.0,6,M,no,activo
PAC008858,19,54.0,162,20.6,78,87,97,68,70,102,5.1,222,72,156,125,0.72,66,2.1,14.2,12.7,7,12570,8.1,12,28,2,10.2,8,M,no,sedentario
PAC008859,85,94.1,140,48.0,98,88,176,104,84,100,6.3,264,58,164,159,0.45,84,7.3,25.9,16.5,0,500,4.9,26,9,0,15.9,9,F,si,sedentario
PAC008860,54,73.0,161,28.2,60,103,135,72,79,77,5.6,160,60,100,59,0.9,82,3.6,21.6,12.4,4,10136,7.9,5,0,7,6.8,0,F,no,ligero
PAC008861,70,57.9,140,29.5,117,94,169,101,88,99,6.1,217,59,119,117,0.41,72,3.9,28.5,18.1,0,2750,5.6,0,1,4,13.7,8,F,si,sedentario
PAC008862,42,71.7,147,33.2,76,109,107,61,79,71,5.3,193,75,87,96,0.79,61,1.9,31.4,12.1,6,8271,7.1,28,26,3,7.7,8,M,no,ligero
PAC008863,86,84.9,144,40.9,109,84,146,87,63,101,6.0,273,54,160,80,0.81,68,2.1,20.7,18.3,0,5489,7.7,6,6,3,13.0,4,M,no,sedentario
PAC008864,18,74.1,141,37.3,92,91,130,60,55,96,5.8,171,71,98,95,1.16,103,0.1,31.6,16.9,11,11589,9.6,0,1,3,3.3,0,F,no,sedentario
PAC008865,74,117.9,185,34.4,116,82,134,85,87,111,6.9,197,48,166,257,1.38,79,8.0,37.8,13.3,0,2872,8.1,22,8,3,11.6,7,M,no,ligero
PAC008866,90,90.0,205,21.4,87,114,135,77,58,114,7.4,225,34,169,365,1.3,79,9.9,42.1,14.0,3,6625,9.9,11,0,3,10.8,6,M,si,sedentario
PAC008867,80,82.2,140,41.9,120,90,156,91,80,90,5.2,228,55,174,79,0.44,72,7.4,37.6,16.5,6,8888,5.8,1,8,2,9.2,7,F,si,sedentario
PAC008868,52,116.5,184,34.4,132,104,131,94,78,122,8.6,200,27,165,265,1.24,113,3.6,26.4,15.7,2,3375,7.3,14,0,5,11.8,9,F,si,sedentario
PAC008869,84,106.5,200,26.6,100,93,113,82,69,157,7.4,261,25,173,226,1.21,63,5.6,33.3,15.7,0,1381,9.0,7,5,0,10.2,8,F,si,sedentario
PAC008870,18,55.0,153,23.5,83,79,116,74,84,90,5.3,210,52,122,77,0.82,76,2.7,23.2,11.1,6,11689,7.4,11,30,0,10.5,10,F,no,ligero
PAC008871,57,87.3,149,39.3,94,98,155,99,76,68,6.4,282,32,117,157,0.7,86,0.6,30.4,15.9,8,7060,3.1,19,0,3,13.5,8,M,si,activo
PAC008872,24,70.1,157,28.4,85,82,106,63,84,102,5.3,110,55,108,77,1.13,73,4.6,17.2,12.8,4,7906,7.8,30,32,1,6.8,10,M,si,ligero
PAC008873,30,77.8,167,27.9,89,97,111,66,57,100,4.6,181,78,94,46,1.48,129,3.2,33.9,13.8,11,9779,9.1,0,3,5,4.8,3,F,no,sedentario
PAC008874,64,95.3,190,26.4,109,96,152,85,86,94,6.5,254,28,136,260,1.06,82,7.3,42.2,16.1,4,3240,8.7,10,10,0,9.6,7,F,si,ligero
PAC008875,19,76.8,152,33.2,96,101,99,58,101,87,5.5,181,38,99,226,0.87,68,4.9,22.6,11.1,4,9603,8.5,18,24,0,8.1,5,F,si,activo
PAC008876,57,73.0,157,29.6,98,90,150,97,72,110,5.8,235,47,149,219,0.46,81,5.7,34.0,17.7,1,500,4.8,4,0,3,13.7,7,F,si,sedentario
PAC008877,48,58.2,167,20.9,79,106,124,66,49,108,4.1,214,73,93,40,1.12,118,1.2,37.1,14.4,10,10122,7.8,0,1,7,6.2,3,F,si,sedentario
PAC008878,68,77.5,150,34.4,130,85,163,98,67,91,5.7,232,46,142,208,0.6,80,2.3,30.9,17.2,3,4863,5.9,5,0,0,12.2,5,F,no,ligero
PAC008879,38,76.5,163,28.8,90,100,93,71,71,85,4.0,163,70,142,84,1.25,105,2.3,43.3,14.4,10,10493,8.6,0,0,4,5.6,4,F,si,ligero
PAC008880,50,54.7,165,20.1,62,91,113,66,76,70,4.8,161,52,43,113,1.12,104,0.1,48.0,14.7,13,11714,8.0,8,0,6,8.4,4,M,no,ligero
PAC008881,20,68.4,151,30.0,90,102,109,75,76,89,5.0,151,95,97,65,0.97,83,0.1,43.9,14.3,4,14166,8.6,2,2,7,2.0,2,F,no,sedentario
PAC008882,59,89.4,195,23.5,130,119,152,94,69,138,6.8,227,41,171,282,1.22,79,6.0,41.6,16.7,0,3570,10.5,17,10,0,13.0,6,F,no,ligero
PAC008883,40,66.8,153,28.5,60,97,96,73,56,91,5.7,148,60,130,193,0.74,113,2.4,36.8,14.1,16,7329,6.8,0,0,6,6.9,2,F,no,sedentario
PAC008884,31,66.1,169,23.1,79,101,124,72,45,89,5.3,199,53,164,73,1.19,97,0.1,35.2,14.2,8,14403,9.1,5,0,4,7.1,4,F,no,ligero
PAC008885,79,111.0,205,26.4,105,96,143,84,74,115,6.1,221,26,165,249,1.13,105,4.8,39.5,14.3,0,6880,9.1,11,6,0,9.1,2,M,si,sedentario
PAC008886,39,70.5,169,24.7,87,96,143,83,63,113,4.3,170,62,114,136,1.17,102,3.4,32.3,13.1,9,10929,9.7,0,8,6,2.7,0,M,si,activo
PAC008887,62,88.1,205,21.0,112,101,140,91,89,119,7.1,253,45,156,289,1.37,59,6.1,40.6,13.2,0,4332,8.8,23,6,2,9.8,10,F,no,sedentario
PAC008888,79,87.7,200,21.9,105,111,134,94,65,121,6.5,246,28,181,275,0.85,64,7.8,40.3,15.4,0,4000,8.7,9,7,0,11.3,7,M,si,sedentario
PAC008889,54,75.7,163,28.5,69,103,139,73,72,70,5.3,130,78,137,92,1.32,96,0.1,25.0,15.5,10,12479,9.5,12,0,6,2.7,5,M,no,sedentario
PAC008890,52,89.7,140,45.8,90,89,140,111,74,99,5.0,209,59,108,93,0.66,78,6.2,13.5,16.0,0,7391,6.1,3,4,0,14.9,9,F,si,sedentario
PAC008891,50,68.1,149,30.7,92,84,97,83,91,118,5.5,193,48,127,151,1.01,105,3.8,14.4,8.5,4,8121,5.4,20,18,0,9.7,8,M,si,sedentario
PAC008892,76,91.8,140,46.8,133,96,135,85,65,93,5.3,222,40,133,78,0.49,45,3.8,28.6,16.0,5,4828,6.9,11,0,0,12.5,6,M,no,ligero
PAC008893,90,89.4,156,36.7,95,114,151,116,72,93,6.4,235,28,119,108,0.4,81,5.1,33.3,14.0,1,3121,8.1,5,0,3,9.1,4,F,no,ligero
PAC008894,69,76.3,185,22.3,91,106,137,91,71,140,7.0,221,42,127,206,1.19,71,10.2,25.4,15.8,0,500,6.9,4,9,1,14.8,8,F,no,activo
PAC008895,43,76.8,166,27.9,99,81,119,82,86,86,4.6,217,47,133,79,0.72,81,4.8,28.5,12.7,10,10437,10.3,11,22,0,8.6,5,M,no,ligero
PAC008896,45,97.3,190,27.0,116,100,150,79,77,153,7.6,233,32,214,381,0.84,59,7.2,38.8,15.0,0,500,6.3,8,4,4,10.2,10,F,no,ligero
PAC008897,79,52.7,146,24.7,89,112,174,88,87,122,6.4,203,40,125,233,0.98,75,3.5,20.8,15.6,0,5122,6.6,9,12,3,13.6,7,F,no,activo
PAC008898,90,101.1,147,46.8,131,99,173,106,90,107,6.5,238,61,135,111,0.4,64,9.7,19.3,16.7,0,4439,6.2,7,5,2,10.7,5,F,si,sedentario
PAC008899,30,71.2,160,27.8,90,90,149,75,78,108,5.3,130,40,73,169,1.09,104,1.2,15.0,13.0,7,5494,6.8,19,20,3,7.9,7,M,no,activo
PAC008900,67,99.1,201,24.5,118,114,115,93,78,147,8.1,267,25,125,327,1.0,95,4.6,24.4,13.4,0,3414,8.4,20,10,1,18.5,6,M,si,sedentario
PAC008901,29,53.5,155,22.3,84,105,105,64,61,103,4.3,204,56,66,112,1.01,107,1.1,23.0,13.4,5,13906,8.5,2,0,6,2.1,3,F,si,sedentario
PAC008902,72,94.7,147,43.8,118,94,194,87,76,85,6.0,240,57,129,305,0.49,75,6.1,48.1,15.5,2,1915,6.0,0,4,0,8.2,4,F,no,sedentario
PAC008903,82,86.5,141,43.5,98,103,156,112,67,87,6.0,196,42,105,159,0.4,46,0.4,38.0,16.5,1,2892,7.6,10,12,1,11.9,5,F,si,activo
PAC008904,64,86.3,150,38.4,98,84,150,104,89,107,6.2,224,36,98,272,0.58,70,3.1,31.5,15.2,3,3908,3.7,0,20,1,13.6,10,M,si,sedentario
PAC008905,80,86.4,150,38.4,116,89,140,111,74,94,7.4,230,57,115,212,0.4,84,3.8,33.0,14.8,1,620,6.2,7,2,2,12.5,5,F,si,ligero
PAC008906,35,83.0,174,27.4,60,105,135,71,55,75,4.4,218,55,113,40,0.84,102,1.0,35.3,15.9,7,13658,7.7,13,0,9,6.7,3,F,no,sedentario
PAC008907,85,81.5,140,41.6,112,76,156,98,89,94,5.7,184,25,100,178,0.51,54,3.4,36.4,17.4,2,4477,5.1,6,0,3,15.5,4,F,no,sedentario
PAC008908,40,61.1,173,20.4,94,101,109,61,65,96,4.3,179,66,54,41,0.97,93,1.0,35.3,14.8,7,12227,8.5,16,0,7,7.6,2,M,no,activo
PAC008909,44,88.7,183,26.5,103,124,155,99,82,140,7.5,227,27,202,273,1.07,48,7.4,39.8,15.3,0,2584,7.8,14,0,4,8.4,10,F,si,sedentario
PAC008910,55,96.0,194,25.5,120,110,141,94,100,126,8.0,224,42,184,272,1.11,92,10.1,55.0,14.1,0,6122,8.7,0,2,0,13.3,8,M,si,sedentario
PAC008911,62,64.1,145,30.5,107,92,192,99,84,100,6.0,214,67,102,192,0.4,94,2.0,34.3,17.6,2,2872,7.8,6,2,2,12.0,9,M,no,sedentario
PAC008912,55,73.2,154,30.9,90,92,167,92,72,122,5.5,192,48,99,167,0.54,79,4.7,40.4,16.8,0,7887,4.8,5,5,6,11.2,5,F,si,sedentario
PAC008913,59,107.6,195,28.3,118,103,141,84,61,106,7.9,231,25,177,249,0.79,69,9.2,42.1,13.4,0,1157,8.2,14,5,0,9.7,10,M,si,sedentario
PAC008914,50,97.8,186,28.3,111,111,130,99,79,114,7.0,224,37,172,277,1.04,66,8.5,44.1,12.2,0,1865,6.7,17,11,0,10.8,7,M,no,sedentario
PAC008915,71,94.0,146,44.1,114,100,170,105,71,106,5.5,248,46,163,79,0.57,65,3.3,37.6,16.4,0,4623,6.6,11,0,3,13.2,8,F,no,sedentario
PAC008916,53,106.9,199,27.0,126,115,112,91,66,130,7.6,286,37,188,221,1.12,80,10.8,44.1,14.9,0,813,8.4,0,14,1,11.9,7,F,no,sedentario
PAC008917,67,77.0,156,31.6,108,97,176,93,87,94,6.8,296,44,147,239,0.63,87,8.3,35.5,15.6,2,2531,5.3,8,22,2,14.7,7,F,si,sedentario
PAC008918,67,109.2,151,47.9,120,93,153,89,76,95,7.2,282,50,135,319,0.42,84,5.5,30.9,13.5,6,4728,5.4,22,5,0,10.0,5,F,no,ligero
PAC008919,73,78.7,140,40.2,94,88,155,96,66,107,5.8,207,64,133,227,0.69,66,3.1,27.9,16.4,0,2657,5.7,19,5,5,10.2,2,M,si,sedentario
PAC008920,25,52.1,168,18.5,89,91,123,60,82,90,4.9,186,68,94,137,0.89,70,3.9,22.2,11.3,7,10798,8.9,11,17,1,10.2,10,M,no,ligero
PAC008921,48,106.3,180,32.8,118,110,131,87,79,134,7.5,258,42,183,236,0.73,86,9.9,31.1,13.1,1,2152,9.5,9,0,3,14.6,7,F,si,sedentario
PAC008922,73,96.8,205,23.0,137,101,123,77,85,151,6.4,303,42,133,224,0.9,73,5.9,26.5,14.9,1,2307,10.1,13,9,2,4.6,5,F,no,sedentario
PAC008923,20,64.0,169,22.4,60,117,122,88,65,94,4.6,163,67,94,116,1.19,81,0.1,41.2,16.7,6,10287,8.4,0,0,4,9.8,2,F,no,ligero
PAC008924,18,40.0,146,18.8,74,89,107,83,55,60,4.0,180,59,65,160,0.99,117,0.8,31.8,14.0,4,12673,7.9,0,1,3,4.5,7,F,no,ligero
PAC008925,44,66.6,168,23.6,84,97,114,84,50,98,5.3,226,54,101,102,1.12,108,5.1,44.2,16.1,9,10878,9.1,4,14,5,6.3,6,F,si,sedentario
PAC008926,18,57.1,173,19.1,66,104,110,78,76,69,4.3,175,53,139,84,1.41,90,0.1,23.2,14.6,8,12561,7.7,0,0,7,9.3,6,M,si,activo
PAC008927,34,49.3,183,14.7,66,105,122,80,62,90,5.4,241,59,70,48,0.97,106,0.1,50.4,12.7,7,15253,9.3,7,19,5,5.5,2,F,si,activo
PAC008928,40,83.5,176,27.0,90,112,141,65,60,86,4.6,209,37,151,40,1.15,120,0.1,37.1,15.3,10,15175,8.0,0,8,6,6.6,6,M,no,sedentario
PAC008929,38,69.7,167,25.0,69,92,129,66,45,82,4.2,149,81,89,90,1.24,82,0.1,36.7,16.9,9,12400,8.0,0,0,5,7.1,0,M,si,ligero
PAC008930,18,40.0,176,12.9,88,106,115,62,63,71,5.0,230,65,43,104,1.26,63,0.4,26.7,13.3,8,8238,7.9,0,0,5,7.8,5,M,si,ligero
PAC008931,76,83.8,144,40.4,97,91,149,88,62,97,5.6,211,43,128,106,0.76,82,3.2,38.1,14.9,2,1648,7.6,19,5,2,10.3,7,F,si,sedentario
PAC008932,69,94.0,170,32.5,122,98,152,98,89,93,5.3,268,39,114,184,0.51,65,2.5,28.2,15.4,0,3198,6.3,2,0,3,15.6,7,M,no,ligero
PAC008933,46,58.6,161,22.6,79,89,115,60,82,91,4.8,176,38,119,134,1.1,97,2.8,10.9,8.4,4,9300,10.7,21,21,2,5.0,8,M,no,sedentario
PAC008934,62,104.8,196,27.3,115,99,148,72,84,106,7.3,247,47,148,156,1.28,90,3.4,18.8,14.8,1,500,8.7,20,4,2,10.7,8,F,no,sedentario
PAC008935,35,40.0,146,18.8,72,75,140,85,90,74,4.0,143,50,137,174,1.03,64,1.8,42.1,10.5,4,11098,7.5,21,20,4,11.4,9,F,si,sedentario
PAC008936,51,91.1,203,22.1,101,110,143,96,79,137,8.0,259,25,141,308,1.16,107,6.4,39.7,16.0,0,500,7.8,10,15,1,9.4,10,F,si,sedentario
PAC008937,53,67.0,172,22.6,74,109,134,78,55,109,6.2,161,70,124,144,0.94,118,1.0,36.2,15.5,11,11526,8.0,4,0,8,3.2,1,F,si,sedentario
PAC008938,67,112.6,205,26.8,115,96,130,80,79,109,7.3,218,43,85,335,0.71,67,8.7,51.0,13.6,0,5038,10.6,14,3,0,10.2,5,M,no,ligero
PAC008939,64,89.8,176,29.0,100,108,142,72,82,115,5.9,237,44,133,250,1.04,60,9.4,26.2,15.0,1,2912,10.1,2,12,1,11.9,6,M,si,activo
PAC008940,63,96.2,155,40.0,102,96,142,106,64,83,6.4,284,50,109,283,0.4,88,2.8,44.0,14.9,3,2940,6.4,0,2,1,12.7,6,M,no,sedentario
PAC008941,24,68.5,149,30.9,93,85,118,76,88,113,5.7,165,56,100,171,0.85,89,2.1,13.2,11.0,6,9792,8.8,28,25,3,14.7,2,F,no,ligero
PAC008942,22,81.1,161,31.3,105,98,114,65,84,60,4.7,168,56,138,68,0.75,115,3.0,26.2,11.3,8,8224,7.8,32,22,4,10.3,7,M,si,ligero
PAC008943,58,91.7,197,23.6,67,123,144,87,70,121,7.2,229,57,201,275,1.08,92,8.4,43.0,15.2,0,7339,9.5,17,0,1,13.3,9,M,si,activo
PAC008944,75,86.3,148,39.4,100,98,151,97,85,86,6.0,227,46,165,167,0.4,73,2.6,36.8,19.0,1,6993,5.0,9,0,2,13.1,6,F,no,ligero
PAC008945,18,91.5,152,39.6,84,83,135,73,62,86,5.5,162,51,69,90,1.02,128,2.2,16.9,11.3,4,8973,9.0,15,30,2,9.6,6,M,si,sedentario
PAC008946,18,74.6,154,31.5,75,108,120,64,54,81,5.2,214,63,123,117,1.12,84,0.1,35.1,16.0,8,11509,9.8,0,0,6,4.6,0,F,si,ligero
PAC008947,45,81.5,205,19.4,101,83,148,92,67,139,5.7,299,37,173,273,1.05,51,6.1,21.6,16.5,2,6033,8.0,3,7,1,13.1,7,F,si,activo
PAC008948,40,74.6,177,23.8,73,90,142,80,49,109,5.2,155,98,117,113,1.22,110,0.1,48.6,12.4,8,15796,8.5,16,0,6,6.5,2,M,si,activo
PAC008949,72,85.1,196,22.2,105,95,141,97,81,137,8.2,219,41,138,222,1.15,70,9.1,46.0,14.5,4,8984,7.7,9,0,0,12.5,10,M,no,sedentario
PAC008950,18,56.7,162,21.6,73,84,101,79,73,73,4.7,213,61,119,107,1.13,116,1.3,5.7,15.0,10,10919,10.2,21,4,4,5.9,3,F,no,ligero
PAC008951,73,105.3,145,50.1,101,96,147,102,96,92,6.1,184,58,162,146,0.59,62,4.0,34.8,14.3,1,5105,4.8,4,6,2,12.5,5,F,no,sedentario
PAC008952,29,56.6,156,23.3,67,89,109,89,90,78,5.9,149,55,82,52,0.82,90,3.1,29.8,12.4,4,8238,7.8,19,26,0,6.7,10,M,si,sedentario
PAC008953,19,68.3,150,30.4,62,89,128,77,85,108,6.0,234,84,130,115,0.69,87,6.2,33.8,9.4,3,8592,11.0,12,15,1,7.3,7,F,no,ligero
PAC008954,20,40.0,153,17.1,81,92,124,80,69,87,5.5,199,68,114,40,1.18,90,1.0,50.7,15.4,15,14764,9.4,0,6,3,5.0,5,F,si,ligero
PAC008955,73,90.2,142,44.7,100,94,159,87,64,121,5.4,228,46,147,266,0.59,57,3.3,29.9,15.0,3,6086,5.5,17,9,1,11.2,10,F,no,sedentario
PAC008956,18,63.9,161,24.7,88,94,126,75,57,95,4.0,154,61,40,61,1.15,83,3.3,38.2,14.2,6,13428,7.5,9,15,7,5.6,4,F,no,ligero
PAC008957,42,48.2,152,20.9,84,102,108,58,61,74,5.2,170,59,79,137,1.04,91,3.0,37.1,14.9,10,10436,7.3,0,7,3,5.9,5,M,no,ligero
PAC008958,72,118.6,176,38.3,126,102,127,102,64,121,6.4,249,44,186,225,1.19,67,6.6,29.5,12.7,0,4807,8.1,9,0,0,10.8,8,M,no,ligero
PAC008959,75,88.3,188,25.0,108,91,153,90,67,125,7.4,209,43,152,189,1.44,83,8.2,41.8,14.9,0,500,9.8,11,11,1,10.5,8,F,no,sedentario
PAC008960,53,109.8,183,32.8,96,94,118,91,70,142,7.3,210,35,168,288,1.04,75,7.6,51.5,14.3,0,6259,9.7,6,12,1,12.2,9,F,si,sedentario
PAC008961,18,57.7,155,24.0,71,94,90,85,73,92,4.0,158,37,137,120,0.91,117,0.1,24.8,13.1,10,11547,10.2,21,22,0,15.9,5,M,si,ligero
PAC008962,63,94.3,199,23.8,113,123,144,96,84,148,7.7,242,46,171,158,1.04,71,5.1,48.3,13.6,4,947,6.3,4,0,2,13.5,9,M,si,sedentario
PAC008963,64,90.1,141,45.3,109,88,153,99,81,104,5.9,236,44,139,221,0.55,66,8.4,27.7,16.2,5,4182,4.9,12,6,3,16.0,8,M,si,sedentario
PAC008964,67,103.0,140,52.6,103,98,136,82,84,130,6.6,219,38,145,129,0.4,76,2.4,16.5,15.9,3,5958,6.2,20,0,3,14.7,5,F,si,ligero
PAC008965,39,46.0,169,16.1,75,100,132,70,57,68,4.6,159,60,112,60,1.14,121,0.1,42.8,16.0,8,11024,6.8,4,2,6,2.0,0,F,si,ligero
PAC008966,18,76.0,166,27.6,72,90,125,55,60,71,4.5,202,55,92,138,0.98,88,3.1,23.5,15.8,8,6152,6.9,21,0,4,3.5,0,M,si,ligero
PAC008967,48,64.0,174,21.1,101,106,112,71,60,67,4.0,161,53,83,43,0.74,108,1.7,38.3,13.1,13,15013,7.1,7,0,9,7.2,6,F,si,ligero
PAC008968,75,88.9,148,40.6,92,87,150,113,68,87,5.5,214,37,171,186,0.4,90,8.0,26.0,16.7,4,3747,5.4,24,2,2,9.6,10,F,si,sedentario
PAC008969,26,61.2,147,28.3,76,110,103,72,62,87,6.3,226,62,156,100,0.87,108,0.1,31.7,16.7,8,14907,7.7,17,2,5,4.9,0,F,no,activo
PAC008970,61,82.0,204,19.7,112,102,136,73,98,116,7.4,285,25,110,245,1.39,97,1.9,46.9,16.2,0,6626,8.1,11,0,0,10.1,8,F,no,sedentario
PAC008971,36,60.1,165,22.1,60,85,112,63,45,103,5.5,170,58,119,121,0.98,96,0.1,39.3,15.5,2,13251,6.9,9,1,3,6.2,0,M,no,activo
PAC008972,67,96.3,147,44.6,99,105,166,99,87,76,5.0,227,75,73,257,0.91,88,3.7,31.6,17.7,0,500,6.4,12,11,5,9.8,7,F,si,ligero
PAC008973,61,78.5,198,20.0,94,84,142,87,78,117,6.7,330,37,136,388,1.29,71,4.4,47.8,16.3,0,500,8.2,10,12,1,9.1,8,M,si,sedentario
PAC008974,67,112.2,141,56.4,120,102,134,112,73,93,5.7,202,45,144,106,0.45,54,2.8,30.0,12.2,2,2517,5.7,17,8,4,12.7,5,M,no,activo
PAC008975,67,66.8,140,34.1,107,106,153,103,88,104,4.6,299,36,183,144,0.83,62,7.1,27.3,14.7,6,2631,5.1,13,9,0,16.5,9,F,no,sedentario
PAC008976,59,105.7,191,29.0,94,115,149,88,72,138,6.8,243,25,158,286,1.05,51,11.3,17.9,14.5,0,3904,7.7,11,6,2,16.3,9,F,si,sedentario
PAC008977,39,63.4,142,31.4,76,97,111,61,74,82,5.8,199,79,119,40,1.36,110,0.1,44.3,15.2,3,10468,9.5,0,4,5,9.1,2,F,no,sedentario
PAC008978,18,64.0,162,24.4,79,107,127,69,57,77,6.1,210,55,100,140,1.09,114,3.1,42.1,13.8,8,15404,8.8,0,0,5,4.5,1,F,no,activo
PAC008979,81,99.4,160,38.8,113,93,167,87,69,95,7.5,239,40,147,253,0.63,66,4.4,21.7,13.6,3,500,6.4,4,7,1,13.4,7,M,no,sedentario
PAC008980,27,54.6,151,23.9,75,102,121,60,63,78,4.8,197,59,128,60,1.41,120,2.3,46.3,13.9,7,11842,9.2,10,0,6,2.0,1,M,si,sedentario
PAC008981,90,89.3,157,36.2,130,114,163,83,84,99,5.6,185,34,171,166,0.71,79,3.3,36.4,16.2,0,7082,7.8,10,9,2,8.8,10,F,no,sedentario
PAC008982,23,48.6,163,18.3,64,89,99,71,72,85,5.7,179,77,87,40,1.45,125,4.0,32.3,13.6,8,13971,8.4,14,0,5,10.0,1,F,si,activo
PAC008983,50,86.5,141,43.5,106,101,161,103,78,122,6.1,260,26,111,173,0.57,58,3.6,45.6,12.5,0,4767,6.0,11,7,1,12.6,5,F,no,ligero
PAC008984,18,49.9,169,17.5,84,93,134,72,64,76,5.6,163,70,168,112,1.2,99,4.8,30.6,14.4,10,6857,9.3,3,17,5,3.1,2,M,no,ligero
PAC008985,74,73.0,144,35.2,103,102,162,95,81,119,4.5,253,38,148,250,0.4,76,4.4,39.9,17.3,0,4942,6.4,7,0,2,11.7,6,M,si,sedentario
PAC008986,39,92.1,177,29.4,133,89,153,86,76,110,6.9,227,39,145,182,0.92,84,5.3,21.9,17.8,1,2429,7.4,14,10,1,8.5,8,F,si,sedentario
PAC008987,18,66.8,170,23.1,96,87,101,75,88,92,5.8,163,66,161,118,0.76,107,3.2,32.7,10.5,0,10251,8.4,19,6,3,10.3,4,M,si,ligero
PAC008988,18,64.8,148,29.6,83,95,95,60,73,107,7.0,177,94,88,96,1.2,100,0.1,37.8,15.6,9,15859,6.4,11,0,8,8.0,6,F,no,activo
PAC008989,42,69.0,176,22.3,65,95,117,75,48,82,6.1,171,67,97,185,1.07,88,0.1,34.9,16.9,7,15052,8.3,5,0,2,3.0,1,M,no,ligero
PAC008990,80,65.6,140,33.5,103,106,164,91,68,94,6.2,185,32,146,259,0.52,73,5.7,39.3,18.3,2,4904,5.4,8,0,0,15.9,4,F,si,ligero
PAC008991,87,75.3,140,38.4,94,99,160,93,81,114,5.8,258,51,125,160,0.48,65,0.1,43.9,16.1,0,587,7.3,1,9,4,15.3,4,F,si,sedentario
PAC008992,60,112.0,191,30.7,113,98,152,89,97,136,7.2,246,37,153,219,1.25,87,7.7,42.1,16.1,2,500,8.5,8,7,3,12.2,10,F,si,sedentario
PAC008993,18,70.7,173,23.6,72,94,112,82,54,96,5.1,170,57,103,40,1.32,113,0.3,47.8,14.8,9,13442,7.3,4,0,5,9.8,4,F,no,sedentario
PAC008994,73,104.0,191,28.5,101,113,134,94,99,121,5.6,226,37,140,267,1.23,77,6.0,34.7,14.9,0,4320,9.0,9,0,1,11.1,10,F,si,sedentario
PAC008995,64,87.2,199,22.0,119,91,154,89,77,140,6.3,223,46,205,279,1.12,67,7.6,41.2,13.8,4,6033,8.0,15,0,2,14.5,7,M,no,sedentario
PAC008996,25,73.0,159,28.9,81,100,97,69,56,76,6.1,177,61,107,40,1.17,113,0.1,47.3,14.5,12,9737,7.5,13,0,5,11.1,2,F,no,ligero
PAC008997,56,100.1,186,28.9,133,109,138,78,86,132,6.8,242,34,171,303,1.09,63,7.0,45.8,16.4,0,4168,7.7,1,3,0,7.9,9,M,no,ligero
PAC008998,31,67.2,169,23.5,104,118,118,80,57,120,5.1,147,55,138,64,1.49,112,2.7,40.2,16.5,7,10617,7.3,9,0,7,4.3,0,M,no,sedentario
PAC008999,21,65.8,164,24.5,71,116,119,74,67,66,5.5,183,66,98,57,1.22,90,2.1,29.7,13.4,7,13197,7.1,0,0,4,7.5,3,F,no,sedentario
PAC009000,57,88.8,140,45.3,116,97,117,97,93,97,6.4,235,38,145,45,0.72,85,4.1,14.8,15.0,2,5489,5.6,6,15,0,13.0,5,M,no,sedentario
PAC009001,60,106.2,197,27.4,122,97,127,89,64,132,7.2,190,31,164,271,0.89,53,3.9,24.9,15.5,0,500,9.9,8,7,0,13.1,9,F,no,activo
PAC009002,36,43.1,166,15.6,79,112,112,76,50,99,5.2,203,56,120,70,1.25,122,4.9,41.4,14.4,10,15148,8.4,0,2,4,9.5,3,F,no,sedentario
PAC009003,71,100.6,181,30.7,121,95,144,89,70,127,7.5,279,48,186,253,1.42,98,7.4,25.4,14.8,4,1707,9.3,12,14,1,9.3,10,M,si,sedentario
PAC009004,43,51.9,159,20.5,89,105,112,75,72,106,4.3,197,68,103,81,0.95,118,5.8,32.8,13.2,10,9813,8.5,14,24,2,3.8,8,M,no,sedentario
PAC009005,52,58.7,156,24.1,71,97,116,80,62,87,4.1,140,80,63,40,1.29,102,1.8,32.1,14.9,10,12904,8.7,6,6,5,7.4,5,F,si,ligero
PAC009006,22,63.6,156,26.1,74,103,127,66,67,78,6.7,198,76,92,85,1.29,105,0.7,20.0,14.5,10,12935,8.7,0,0,6,8.6,3,F,no,activo
PAC009007,28,60.7,162,23.1,70,115,116,89,53,111,6.4,182,81,133,150,1.27,118,1.9,33.2,14.9,11,11969,8.4,7,5,5,3.0,2,F,no,sedentario
PAC009008,83,109.8,194,29.2,111,116,133,87,81,127,7.1,215,58,103,386,1.24,61,4.8,43.5,13.3,0,5261,8.3,2,0,1,8.7,7,F,si,activo
PAC009009,51,92.2,200,23.0,103,95,151,77,72,126,7.4,244,33,149,259,1.37,47,6.7,46.3,15.6,4,500,9.6,0,20,1,15.3,8,M,no,activo
PAC009010,82,90.2,145,42.9,109,104,119,116,88,108,5.9,233,56,155,166,0.4,78,4.8,45.9,14.9,3,1803,4.8,8,0,3,13.8,10,F,no,activo
PAC009011,23,51.4,185,15.0,72,93,133,67,53,73,4.7,144,83,66,83,1.12,93,2.1,24.2,18.0,9,13644,8.2,0,5,7,3.0,4,M,no,sedentario
PAC009012,78,90.6,196,23.6,133,94,158,83,101,124,7.3,197,35,191,340,1.28,65,9.4,39.3,18.4,0,5638,10.3,12,0,1,13.9,8,M,si,sedentario
PAC009013,63,93.7,200,23.4,117,94,155,78,84,130,7.2,212,45,139,223,1.07,83,8.5,32.5,11.7,0,508,8.0,14,0,0,9.7,7,F,si,ligero
PAC009014,78,62.3,152,27.0,92,84,172,93,84,105,6.2,255,28,120,275,0.61,39,6.7,34.7,18.1,3,6825,5.7,15,0,0,6.4,7,M,si,sedentario
PAC009015,45,48.1,162,18.3,87,97,112,78,68,77,4.5,231,74,101,45,1.17,79,0.1,32.9,15.8,6,14672,10.6,0,4,3,10.1,0,M,si,sedentario
PAC009016,46,80.8,164,30.0,65,114,97,65,68,107,5.0,134,53,66,65,1.11,107,0.8,40.0,15.4,10,8303,9.1,0,9,5,8.4,2,F,no,ligero
PAC009017,38,63.7,167,22.8,65,100,136,80,80,72,6.1,233,44,40,122,0.82,107,0.7,26.6,12.1,6,8958,7.2,25,13,1,6.7,7,M,no,activo
PAC009018,58,94.1,203,22.8,107,103,141,94,82,118,8.3,243,25,181,141,1.09,90,6.0,47.6,11.7,2,1221,9.6,5,9,0,12.5,4,M,no,ligero
PAC009019,48,61.3,159,24.2,71,94,127,81,61,92,4.8,178,73,104,129,1.01,123,2.8,41.1,14.8,7,14640,8.3,4,3,7,2.0,1,M,si,activo
PAC009020,23,75.2,145,35.8,67,96,110,80,75,83,4.8,137,68,100,103,1.11,95,2.6,25.8,13.7,11,13619,9.1,8,0,4,6.3,4,F,si,activo
PAC009021,90,102.7,141,51.7,110,99,137,85,89,94,5.0,198,38,130,341,0.53,79,6.7,24.8,17.8,4,500,5.7,11,14,1,9.8,10,M,no,activo
PAC009022,28,70.5,158,28.2,72,97,117,74,52,90,5.2,200,77,71,155,0.92,98,1.4,29.3,15.5,4,14690,8.7,0,0,6,5.5,0,M,no,activo
PAC009023,90,77.8,164,28.9,124,90,140,104,77,120,6.2,233,42,124,187,0.57,109,5.2,29.2,13.6,1,1109,3.4,2,5,3,12.8,4,F,si,sedentario
PAC009024,51,61.7,165,22.7,98,117,118,76,54,76,5.9,181,70,93,129,1.54,100,1.1,17.1,14.2,5,13521,9.8,0,8,5,9.6,3,M,no,activo
PAC009025,22,44.8,176,14.5,95,98,113,84,60,93,4.1,163,74,104,40,1.02,111,0.3,36.2,14.8,13,12457,8.2,5,11,6,6.1,1,M,si,sedentario
PAC009026,30,41.7,155,17.4,87,81,125,70,88,93,5.2,153,36,115,158,0.79,101,0.1,25.8,12.3,3,9556,5.9,20,40,3,9.2,10,M,no,sedentario
PAC009027,43,67.8,157,27.5,105,97,152,104,86,126,4.6,254,28,156,115,0.68,94,5.6,28.3,17.6,0,3463,8.1,12,8,1,12.9,8,M,no,sedentario
PAC009028,27,62.5,187,17.9,74,102,135,71,63,102,5.1,110,72,123,92,1.19,95,0.1,35.7,16.7,7,10155,6.7,11,6,7,10.3,1,F,si,ligero
PAC009029,68,65.0,142,32.2,100,110,173,108,63,120,5.9,303,55,126,154,0.4,85,4.0,41.3,14.3,9,2638,7.4,12,5,1,16.3,6,M,si,sedentario
PAC009030,54,66.9,174,22.1,82,108,135,78,67,72,4.0,158,40,126,40,1.4,104,3.5,35.7,17.5,10,12125,7.6,0,0,7,6.6,0,F,no,sedentario
PAC009031,39,56.8,157,23.0,76,96,106,70,61,110,4.0,208,68,117,132,1.25,109,0.9,26.0,15.3,9,13302,9.0,17,9,5,5.0,1,F,no,sedentario
PAC009032,55,69.0,167,24.7,87,84,127,63,52,93,4.8,158,93,115,40,0.98,92,1.4,32.2,15.6,3,13633,9.8,0,0,6,2.0,3,M,si,sedentario
PAC009033,18,74.8,170,25.9,97,102,138,53,54,81,4.0,231,44,109,40,0.98,66,2.7,33.4,12.3,14,11444,8.4,2,0,5,5.1,1,F,no,sedentario
PAC009034,61,99.9,140,51.0,100,95,166,93,66,100,6.3,283,25,113,61,0.52,49,4.4,19.3,13.7,4,4987,7.9,11,3,2,6.8,7,M,no,sedentario
PAC009035,49,66.3,179,20.7,80,106,95,60,45,91,5.2,162,58,106,141,1.36,95,0.1,26.7,18.4,5,14000,5.2,0,0,4,8.0,2,F,no,sedentario
PAC009036,69,89.5,140,45.7,111,95,154,100,69,112,4.8,232,51,180,118,0.43,77,9.0,34.1,14.5,0,8466,7.4,6,7,3,9.7,6,M,si,sedentario
PAC009037,61,82.9,140,42.3,94,95,171,107,77,122,6.9,228,52,150,147,0.52,89,4.0,54.2,14.6,5,5264,4.7,7,0,5,13.7,5,M,no,sedentario
PAC009038,34,80.3,152,34.8,87,107,97,70,83,96,5.5,152,51,94,44,1.2,122,2.7,41.9,11.2,0,7566,7.0,24,30,0,9.5,6,M,si,ligero
PAC009039,90,95.1,182,28.7,109,101,147,92,75,116,6.3,198,36,162,259,1.5,79,5.4,40.7,17.2,0,2760,8.8,28,6,1,8.8,10,F,si,sedentario
PAC009040,59,100.0,158,40.1,99,114,103,70,68,91,4.9,209,70,90,202,0.85,77,2.4,29.3,11.2,7,10638,10.4,0,3,7,3.2,5,F,no,ligero
PAC009041,57,82.1,143,40.1,109,114,180,96,59,94,6.9,176,50,121,117,0.4,70,0.1,44.1,16.1,5,6673,5.2,12,9,2,13.8,10,M,no,ligero
PAC009042,18,52.4,171,17.9,75,97,134,72,67,66,4.5,165,91,152,40,0.86,115,0.1,34.3,13.7,12,12842,8.0,3,0,6,9.2,1,F,no,ligero
PAC009043,28,80.0,148,36.5,81,91,129,76,101,77,6.9,194,43,121,137,1.04,78,2.1,31.1,12.1,4,5840,7.3,12,22,0,11.6,4,M,no,ligero
PAC009044,18,59.5,155,24.8,92,89,149,83,82,64,5.9,147,54,124,119,1.01,129,5.9,23.8,14.2,5,9931,9.1,20,19,1,10.0,4,M,si,sedentario
PAC009045,81,61.7,140,31.5,128,91,165,104,70,84,5.6,271,56,116,251,1.04,62,0.1,32.5,15.8,2,7916,6.0,7,10,2,11.5,7,M,si,sedentario
PAC009046,41,68.9,180,21.3,66,90,122,77,50,92,6.7,176,84,96,40,1.03,80,3.6,23.3,14.5,6,12222,7.3,7,14,5,9.3,0,M,si,sedentario
PAC009047,34,85.0,156,34.9,85,102,124,77,85,69,4.7,205,45,110,80,0.68,87,1.6,16.9,10.6,8,10816,7.4,22,13,2,11.9,7,F,si,activo
PAC009048,64,100.7,193,27.0,120,90,134,80,83,105,7.2,256,39,179,330,0.96,81,7.5,31.6,14.4,6,658,10.1,7,15,1,13.2,6,M,no,ligero
PAC009049,44,90.2,205,21.5,110,82,149,95,79,120,7.5,229,46,198,293,1.2,96,7.8,42.5,13.7,0,4976,6.5,14,0,0,13.9,10,M,si,activo
PAC009050,74,96.3,186,27.8,119,123,132,99,87,138,7.2,255,49,160,322,1.08,86,4.6,46.9,15.6,0,500,7.9,17,4,1,7.9,10,M,si,sedentario
PAC009051,70,84.4,146,39.6,107,100,142,82,82,141,5.7,258,44,124,190,0.4,91,5.1,30.6,16.0,0,5864,7.6,6,7,4,16.1,8,M,si,sedentario
PAC009052,33,50.1,171,17.1,82,83,120,68,83,83,5.0,178,48,106,54,1.0,107,0.1,24.2,13.3,3,8669,7.9,6,24,4,5.7,7,F,si,ligero
PAC009053,90,85.7,148,39.1,99,101,176,88,87,95,6.1,214,31,150,144,0.57,71,8.2,37.9,15.0,2,3604,7.6,9,1,3,10.7,6,M,si,sedentario
PAC009054,90,61.5,141,30.9,94,86,155,101,94,112,4.1,254,67,137,171,0.4,72,2.3,29.3,15.1,0,7763,5.7,10,13,2,13.5,5,F,si,activo
PAC009055,37,43.1,154,18.2,75,98,134,77,67,88,5.7,201,82,79,95,1.28,117,2.7,36.5,14.8,4,9866,7.3,0,4,4,5.5,4,F,no,sedentario
PAC009056,67,87.2,177,27.8,120,96,113,88,78,111,6.4,232,26,152,293,1.22,30,7.0,28.8,16.4,0,500,9.9,0,0,3,7.1,6,F,no,ligero
PAC009057,48,54.4,171,18.6,65,99,113,69,62,83,4.8,172,49,124,67,0.74,117,0.8,27.3,15.1,8,17044,8.6,1,8,5,11.5,2,F,no,ligero
PAC009058,44,69.0,172,23.3,109,100,145,67,77,96,4.9,190,48,103,63,1.13,130,3.9,36.5,12.4,3,7488,8.6,1,0,6,9.3,0,F,si,activo
PAC009059,76,85.6,190,23.7,111,108,136,103,72,109,6.9,254,30,109,283,1.4,63,10.5,44.0,13.1,0,2983,7.4,16,8,0,11.2,9,F,si,sedentario
PAC009060,60,98.2,155,40.9,114,82,160,88,73,108,5.7,225,46,140,168,0.93,77,4.9,24.5,14.8,0,2987,5.5,7,2,1,12.9,8,M,si,sedentario
PAC009061,53,81.8,199,20.7,109,103,146,99,75,158,6.3,220,43,153,240,1.42,70,7.3,44.9,13.3,2,3914,7.0,21,0,1,10.7,10,M,no,activo
PAC009062,59,79.9,201,19.8,130,110,133,73,86,139,7.7,196,28,162,86,1.18,50,3.3,32.0,11.0,0,1014,9.2,6,12,0,10.3,6,M,si,sedentario
PAC009063,18,73.1,145,34.8,76,93,128,78,87,84,4.4,164,48,118,89,1.16,93,3.6,21.0,12.1,0,8264,6.5,21,19,3,7.4,6,F,si,ligero
PAC009064,27,41.7,166,15.1,79,101,116,61,54,93,4.5,168,80,72,176,1.46,100,0.1,22.2,13.6,7,11616,7.9,0,6,5,6.8,2,F,si,sedentario
PAC009065,71,89.8,141,45.2,97,75,190,115,81,104,5.7,172,42,85,118,0.46,63,4.4,43.2,15.5,2,4945,7.8,8,13,3,13.4,2,M,no,sedentario
PAC009066,36,58.1,151,25.5,79,114,91,87,70,90,4.0,213,65,81,66,0.79,99,2.7,36.2,14.8,13,14072,9.3,0,0,6,6.2,2,M,si,ligero
PAC009067,22,68.9,164,25.6,85,100,118,91,51,62,4.7,129,65,117,115,1.17,84,5.7,29.7,11.7,9,15008,9.5,8,11,4,8.9,4,M,no,ligero
PAC009068,30,63.5,170,22.0,104,97,133,77,68,93,4.4,126,60,156,113,1.34,112,1.2,19.9,13.2,9,10014,8.8,11,0,6,6.1,1,F,no,activo
PAC009069,90,106.2,150,47.2,118,96,153,110,85,118,6.5,197,37,147,180,0.49,86,1.9,35.9,14.9,3,11399,8.5,8,2,1,12.1,5,M,si,ligero
PAC009070,21,81.5,157,33.1,67,99,121,81,94,80,5.0,179,61,144,59,1.26,101,2.0,35.8,12.1,2,10941,7.0,21,31,2,13.4,7,F,no,ligero
PAC009071,90,101.7,140,51.9,103,95,160,83,66,101,5.4,179,39,174,193,0.59,84,3.5,36.2,15.9,2,500,4.9,6,6,2,9.7,6,F,si,sedentario
PAC009072,41,65.2,161,25.2,90,93,115,86,86,104,5.8,164,61,111,167,0.87,110,0.1,30.8,10.5,6,6349,8.2,25,33,1,10.5,10,M,si,sedentario
PAC009073,48,43.5,150,19.3,100,127,104,73,75,79,4.0,147,69,159,62,1.25,95,6.6,22.9,17.5,9,14511,7.5,4,0,6,2.0,3,F,no,ligero
PAC009074,42,71.0,152,30.7,95,101,108,68,78,102,4.2,174,68,123,171,0.94,119,6.4,20.8,13.4,7,11656,7.8,36,16,4,12.1,10,M,no,sedentario
PAC009075,70,110.1,202,27.0,119,112,148,87,76,126,7.8,237,53,122,278,1.26,70,8.5,37.4,17.0,0,3108,10.1,6,19,0,10.4,4,M,si,sedentario
PAC009076,60,86.2,152,37.3,120,86,170,117,75,104,5.9,180,43,178,146,0.59,74,5.7,15.7,14.7,6,2702,6.0,21,14,3,5.9,6,F,no,ligero
PAC009077,49,58.1,177,18.5,62,107,138,66,57,85,4.5,181,85,94,82,0.81,125,3.0,44.8,13.4,12,10400,8.0,2,0,9,4.8,5,M,no,activo
PAC009078,34,49.5,185,14.5,67,117,122,61,68,108,4.9,192,74,111,126,0.97,98,1.8,22.0,16.1,11,12948,7.9,0,12,5,8.7,3,M,no,ligero
PAC009079,31,40.0,158,16.0,65,104,99,69,53,66,4.0,184,82,138,97,0.99,130,3.5,36.1,16.2,6,9874,8.6,0,0,5,4.5,0,F,no,ligero
PAC009080,72,106.6,150,47.4,77,103,161,103,79,91,5.3,208,48,197,224,0.56,85,3.4,39.6,14.9,2,3415,6.0,7,0,1,16.0,7,M,no,sedentario
PAC009081,28,69.1,161,26.7,84,86,91,84,66,103,5.1,190,70,92,142,1.02,117,0.4,29.3,14.4,5,16475,9.1,2,7,5,4.8,2,M,no,activo
PAC009082,19,79.0,158,31.6,87,90,134,75,103,97,5.4,151,50,122,74,0.87,94,3.3,20.5,11.1,6,7943,6.8,13,17,1,11.9,7,M,no,activo
PAC009083,38,74.7,172,25.3,83,98,141,81,89,99,4.0,133,66,121,68,0.95,99,0.1,42.4,16.5,14,11657,7.8,1,0,7,4.6,10,F,no,sedentario
PAC009084,22,70.3,164,26.1,89,119,130,75,45,82,4.4,189,76,127,40,1.17,90,2.1,16.8,14.7,8,11857,8.1,4,0,5,7.7,7,M,si,ligero
PAC009085,18,72.1,170,24.9,72,97,90,76,51,89,6.1,133,80,148,40,0.9,108,5.5,32.2,16.2,6,7754,6.9,16,0,7,6.3,2,M,si,ligero
PAC009086,18,68.4,172,23.1,87,101,93,57,74,88,5.0,194,71,86,112,1.05,120,0.9,32.1,15.8,11,13835,7.3,4,2,4,7.4,2,F,si,sedentario
PAC009087,77,107.1,184,31.6,124,107,134,87,85,124,8.2,222,32,143,273,1.13,67,8.8,40.4,13.7,0,7504,7.9,9,7,3,9.3,9,F,si,sedentario
PAC009088,66,74.0,158,29.6,118,98,162,88,82,115,6.2,261,34,123,224,0.4,80,5.0,25.2,16.0,2,9888,4.7,9,0,0,10.7,8,F,si,ligero
PAC009089,34,58.5,163,22.0,86,104,93,57,57,96,4.7,197,61,76,57,1.17,112,0.6,37.6,17.2,6,13500,7.4,1,10,5,4.2,7,F,no,activo
PAC009090,27,95.3,174,31.5,71,107,135,71,69,80,5.3,145,56,100,100,1.19,103,4.1,54.8,15.9,9,9621,6.4,0,0,5,6.7,2,M,no,activo
PAC009091,74,117.6,205,28.0,114,111,141,89,78,126,7.0,210,43,174,205,1.45,102,4.8,24.6,15.4,1,1000,8.9,14,1,0,12.7,9,M,si,activo
PAC009092,51,98.9,146,46.4,108,114,140,95,74,93,7.0,215,46,104,173,0.58,60,3.8,30.2,14.3,3,500,5.7,12,2,3,11.5,9,M,si,ligero
PAC009093,57,76.8,193,20.6,120,79,146,88,86,150,7.3,307,63,171,278,1.3,76,8.7,40.7,14.2,0,500,10.7,2,9,0,10.2,7,F,no,sedentario
PAC009094,32,44.2,154,18.6,79,86,121,80,73,82,4.0,189,88,110,73,0.7,87,2.3,24.3,14.6,4,17988,9.5,0,0,7,9.0,5,M,si,activo
PAC009095,34,51.5,157,20.9,93,107,111,73,55,90,5.2,185,71,121,49,1.4,102,1.2,30.8,15.5,6,5970,9.3,2,0,3,6.9,2,M,no,sedentario
PAC009096,18,60.5,158,24.2,81,91,127,75,85,107,4.0,138,53,96,169,1.25,107,2.6,24.0,10.9,0,9130,6.8,17,25,3,10.8,7,F,no,ligero
PAC009097,18,68.6,155,28.6,60,115,123,93,48,81,4.6,145,86,126,139,0.83,100,1.4,45.3,15.5,9,10198,7.3,5,6,5,8.0,1,F,si,ligero
PAC009098,51,97.9,147,45.3,111,98,142,111,67,102,5.6,261,43,102,224,0.62,54,5.4,47.7,18.4,0,500,5.0,13,11,3,10.4,3,F,si,sedentario
PAC009099,69,94.7,163,35.6,108,105,154,95,71,101,6.2,226,30,156,226,0.4,91,6.5,34.1,14.9,3,3661,5.2,12,17,4,10.8,6,M,si,sedentario
PAC009100,74,98.2,148,44.8,124,100,154,93,70,70,6.0,260,48,171,152,0.4,58,6.3,35.3,16.3,4,5337,5.6,10,4,3,13.2,4,F,si,sedentario
PAC009101,67,68.8,187,19.7,115,100,119,66,79,147,7.4,246,35,138,189,1.13,100,6.3,43.6,12.9,0,3001,10.0,17,0,3,8.9,3,F,si,sedentario
PAC009102,78,110.3,191,30.2,103,99,127,85,84,119,7.3,233,30,173,253,1.39,63,5.3,24.2,15.8,0,7237,11.0,5,1,2,9.9,5,F,no,sedentario
PAC009103,70,84.1,143,41.1,116,85,159,95,77,103,5.5,206,62,139,166,0.6,53,3.1,30.0,16.1,5,3911,5.1,6,3,2,7.8,4,F,no,sedentario
PAC009104,41,63.6,140,32.4,100,89,150,111,85,80,6.9,236,32,172,172,0.64,67,3.2,44.7,14.4,5,5110,5.3,7,1,2,18.3,6,F,si,ligero
PAC009105,18,50.9,162,19.4,61,85,128,82,59,103,4.8,199,62,141,101,1.01,107,0.1,23.3,16.2,13,10596,8.7,0,0,6,2.0,6,M,si,ligero
PAC009106,55,64.4,167,23.1,94,111,144,63,61,113,4.0,181,89,113,40,1.19,110,0.5,45.0,15.5,5,13229,8.0,0,6,9,5.2,0,F,no,sedentario
PAC009107,71,75.4,178,23.8,91,116,134,78,65,92,6.6,277,49,172,206,1.4,71,6.0,34.3,14.6,0,2623,7.5,4,0,3,15.5,3,F,no,sedentario
PAC009108,18,57.3,145,27.3,89,90,114,57,88,76,5.8,167,60,99,140,0.83,92,4.4,34.1,12.0,6,11237,8.6,20,25,5,7.2,7,M,no,sedentario
PAC009109,85,85.1,140,43.4,117,106,145,93,71,86,6.3,223,44,130,262,0.61,73,4.4,25.3,16.7,0,5070,7.2,7,1,4,12.7,7,M,no,sedentario
PAC009110,32,42.3,166,15.4,79,91,143,69,47,84,4.7,143,62,77,98,0.71,106,0.1,34.2,13.5,10,14449,5.6,0,0,5,4.0,5,F,no,sedentario
PAC009111,18,81.8,156,33.6,72,118,122,81,56,94,5.5,123,55,156,113,1.23,100,2.5,33.8,16.8,9,13723,9.7,0,6,7,4.0,1,M,no,ligero
PAC009112,18,49.9,176,16.1,83,94,108,55,60,132,4.6,164,57,99,53,1.07,115,2.2,28.4,12.9,4,12642,11.0,0,4,4,7.3,7,F,si,sedentario
PAC009113,75,111.7,185,32.6,116,94,129,82,84,122,6.6,239,30,181,248,1.26,63,3.3,45.0,16.2,0,4412,7.7,18,9,0,11.5,10,M,no,sedentario
PAC009114,57,89.0,199,22.5,97,105,128,84,87,117,6.7,239,44,214,270,0.8,74,12.0,28.8,15.5,0,7024,9.7,21,0,2,11.0,10,M,si,sedentario
PAC009115,30,54.6,157,22.2,98,90,122,63,75,61,6.1,128,71,124,124,0.63,124,2.1,35.6,14.9,11,15471,8.1,0,1,3,4.7,4,M,no,ligero
PAC009116,73,94.1,181,28.7,125,114,137,89,78,119,7.8,240,34,209,136,1.02,58,8.3,28.3,16.7,0,4023,8.4,9,10,0,13.5,7,M,si,sedentario
PAC009117,36,69.5,168,24.6,71,97,121,55,68,99,4.7,241,58,116,69,0.75,85,2.6,32.1,11.1,9,11791,7.9,5,1,5,2.0,1,M,si,ligero
PAC009118,42,71.6,167,25.7,78,103,110,81,62,88,5.6,160,73,143,105,1.39,110,2.6,48.0,14.1,7,12239,8.4,9,1,5,4.8,3,F,no,activo
PAC009119,57,75.5,194,20.1,116,100,113,87,72,146,7.2,223,45,148,241,1.26,63,8.9,47.6,15.9,0,3251,8.6,0,12,2,14.2,9,F,no,sedentario
PAC009120,87,91.5,154,38.6,110,94,149,99,73,107,6.4,234,33,148,102,0.83,77,4.5,32.0,15.0,3,3952,5.8,14,0,2,16.8,4,F,no,sedentario
PAC009121,45,100.3,140,51.2,112,119,143,108,76,90,5.9,232,43,125,137,0.4,79,4.8,45.7,17.4,0,3966,7.0,7,4,3,11.4,6,F,si,sedentario
PAC009122,54,72.0,179,22.5,64,101,96,69,61,60,5.4,219,80,94,47,1.42,109,0.1,52.9,16.2,9,11510,8.6,13,0,5,6.6,0,M,no,sedentario
PAC009123,34,90.0,162,34.3,86,92,97,73,68,79,4.9,172,57,90,84,1.22,116,0.1,28.0,15.9,13,10564,8.0,4,2,5,9.1,0,F,no,sedentario
PAC009124,54,60.2,180,18.6,89,100,122,70,65,100,5.1,196,60,68,40,1.27,130,0.7,31.1,16.0,10,10379,8.6,1,14,6,11.1,6,F,no,ligero
PAC009125,63,114.7,176,37.0,106,95,138,94,80,127,7.3,258,52,182,274,1.13,38,3.4,49.4,16.0,3,2554,9.3,11,8,2,11.5,3,F,si,activo
PAC009126,46,89.9,150,40.0,116,91,161,96,83,83,6.2,200,52,207,239,0.41,69,5.7,37.5,14.1,3,4537,5.1,9,11,2,13.4,6,F,si,sedentario
PAC009127,18,57.2,161,22.1,78,84,101,70,48,69,4.9,181,57,83,152,1.12,118,0.3,29.6,15.8,14,15475,9.8,2,0,3,8.7,2,M,no,ligero
PAC009128,72,96.7,204,23.2,110,113,122,97,77,156,8.0,275,46,192,237,1.17,79,7.4,35.7,14.9,3,500,9.3,3,12,2,8.2,4,M,si,activo
PAC009129,37,45.3,166,16.4,87,79,124,75,58,77,5.3,151,64,109,107,1.23,94,0.1,33.6,14.2,6,9122,9.3,2,0,8,10.5,0,F,si,ligero
PAC009130,90,68.4,147,31.7,119,87,172,105,72,91,5.3,217,56,120,228,0.53,68,4.3,21.8,14.7,0,10757,6.9,19,0,1,11.1,7,F,no,ligero
PAC009131,33,82.6,172,27.9,74,95,90,80,87,76,5.6,150,59,115,86,0.84,114,4.1,27.8,12.3,10,9531,9.0,10,20,2,8.6,7,M,no,ligero
PAC009132,40,52.6,166,19.1,84,120,114,60,74,88,5.2,142,65,77,118,1.18,99,6.4,30.0,15.5,6,14760,8.3,9,2,5,3.3,2,M,no,sedentario
PAC009133,64,99.8,205,23.7,102,107,144,90,68,133,7.8,247,43,137,276,0.98,75,10.9,61.0,13.0,0,6859,9.7,19,7,2,15.0,8,M,si,activo
PAC009134,75,74.9,151,32.8,102,98,172,107,73,86,5.6,192,45,139,123,0.4,50,3.8,24.1,13.7,0,7049,5.2,0,13,4,13.3,8,F,no,ligero
PAC009135,18,52.3,157,21.2,89,91,134,76,83,103,5.2,184,55,117,52,0.88,75,2.7,20.9,12.1,5,6474,6.9,25,25,2,7.9,9,M,no,activo
PAC009136,31,72.2,162,27.5,75,101,116,58,65,60,5.4,170,43,123,158,0.92,80,2.4,36.0,16.8,13,10101,9.1,0,0,5,7.3,5,F,si,sedentario
PAC009137,18,68.8,159,27.2,85,78,118,64,82,60,4.6,156,74,121,166,0.92,91,3.6,5.0,14.0,5,10864,7.4,3,21,1,11.3,3,M,no,ligero
PAC009138,62,104.2,192,28.3,108,105,154,90,88,124,7.6,206,26,160,328,1.13,85,1.6,43.8,14.5,0,2810,9.1,10,9,0,11.8,10,F,no,sedentario
PAC009139,74,90.5,197,23.3,103,82,151,84,74,133,7.9,255,36,137,200,1.12,79,8.0,34.4,15.6,0,2395,9.5,10,12,1,9.7,6,F,no,sedentario
PAC009140,77,91.6,205,21.8,135,88,127,96,83,119,6.3,233,25,154,231,0.97,87,6.7,32.2,14.0,0,2298,10.3,13,0,0,9.3,9,F,no,ligero
PAC009141,18,82.8,160,32.3,102,108,117,83,77,81,4.5,180,51,106,124,0.87,117,1.5,15.8,12.4,0,8834,7.8,17,28,1,6.3,6,M,si,ligero
PAC009142,18,71.9,150,32.0,87,95,110,79,75,95,5.3,185,62,120,117,1.13,115,0.1,56.1,13.7,11,12439,8.6,9,13,6,10.4,1,F,no,sedentario
PAC009143,27,55.4,157,22.5,102,125,150,84,54,60,4.9,150,37,101,40,1.22,92,1.7,36.4,15.0,10,11599,6.4,5,4,6,5.4,1,F,no,activo
PAC009144,18,48.2,172,16.3,89,122,110,57,66,86,4.7,223,58,66,74,0.95,127,3.1,39.6,13.6,8,16280,8.7,14,8,4,4.8,3,M,si,ligero
PAC009145,46,72.5,156,29.8,60,83,93,79,58,82,4.0,207,70,91,149,1.09,96,2.1,35.6,13.4,13,13298,10.1,0,0,6,3.0,5,M,no,activo
PAC009146,66,83.6,196,21.8,103,103,122,79,71,135,6.6,306,31,127,266,1.28,87,5.2,54.9,13.2,0,1845,8.9,3,10,0,12.9,8,M,si,sedentario
PAC009147,83,82.6,156,33.9,109,89,164,97,69,108,5.3,235,45,162,162,0.5,83,7.1,23.9,14.6,3,2259,5.9,4,1,0,9.8,7,M,si,activo
PAC009148,51,81.3,205,19.3,116,113,143,103,69,148,6.4,243,28,167,174,1.14,106,4.7,43.6,13.1,2,500,10.3,2,7,2,11.4,8,M,si,sedentario
PAC009149,19,80.0,168,28.3,89,96,131,77,82,92,5.6,138,61,124,125,0.99,81,2.6,33.9,13.2,6,10311,6.0,19,26,1,10.1,8,F,no,activo
PAC009150,18,79.7,155,33.2,113,81,111,65,96,138,5.3,213,71,100,140,0.85,99,4.8,10.1,13.1,3,11306,6.9,24,23,1,5.2,9,F,no,activo
PAC009151,65,98.3,153,42.0,95,116,136,108,87,105,5.5,216,60,158,197,0.75,61,6.2,27.1,19.0,3,3029,4.3,16,10,3,13.1,7,M,si,sedentario
PAC009152,56,84.0,143,41.1,122,103,131,97,96,100,4.9,159,32,154,99,0.4,75,3.3,33.5,16.6,1,7216,7.1,0,17,2,14.1,6,M,si,sedentario
PAC009153,36,40.0,174,13.2,60,111,114,66,51,62,4.0,181,64,90,40,1.04,82,2.3,35.7,16.3,11,11777,7.6,7,0,6,7.4,5,M,no,ligero
PAC009154,21,54.5,171,18.6,81,86,130,60,76,117,5.9,191,76,88,163,1.07,130,2.2,31.9,15.2,10,7935,9.5,8,3,5,11.7,2,F,si,ligero
PAC009155,32,72.4,173,24.2,85,116,107,55,46,82,5.1,220,76,150,40,1.05,94,1.8,41.4,11.7,7,12397,8.9,6,0,4,6.9,1,F,no,ligero
PAC009156,44,78.5,160,30.7,95,110,133,71,67,123,5.8,146,66,78,73,0.87,109,2.9,47.4,13.6,5,9558,9.0,2,4,2,5.8,3,F,no,activo
PAC009157,54,87.2,146,40.9,101,107,139,111,77,99,5.3,261,46,113,68,0.42,62,1.8,42.8,18.2,0,3696,6.0,12,4,2,13.0,5,F,si,sedentario
PAC009158,49,52.0,166,18.9,77,84,108,83,88,94,5.2,191,60,105,89,0.79,114,0.1,14.2,9.8,7,6294,5.4,23,27,3,9.7,6,F,no,ligero
PAC009159,90,87.3,151,38.3,118,88,172,101,88,105,5.7,213,33,141,247,0.87,66,5.5,21.4,16.3,2,2692,6.5,15,3,2,16.1,8,M,si,ligero
PAC009160,29,40.0,167,14.3,79,98,129,61,64,84,5.3,130,76,84,104,0.94,75,3.2,18.5,14.6,7,12388,9.0,6,3,4,8.4,6,M,no,ligero
PAC009161,52,82.6,152,35.8,116,110,162,103,61,124,5.2,256,60,165,212,0.64,76,4.9,31.7,17.7,1,5814,5.2,22,10,2,13.5,9,M,si,sedentario
PAC009162,37,98.9,205,23.5,104,100,134,81,69,131,6.5,247,30,167,321,1.27,64,5.6,37.7,13.7,0,5096,7.7,7,5,0,11.6,9,F,no,activo
PAC009163,31,85.5,149,38.5,115,75,115,88,72,86,4.6,199,68,77,77,1.01,89,7.6,34.3,11.9,6,9940,6.0,20,28,4,8.8,6,F,no,ligero
PAC009164,35,78.1,157,31.7,95,93,118,64,84,85,5.2,186,63,97,108,1.36,118,3.6,20.1,12.9,4,8288,9.3,24,28,3,8.5,8,M,no,activo
PAC009165,20,73.5,144,35.4,73,89,98,71,76,95,5.4,152,79,105,148,0.57,116,2.5,19.6,11.8,8,10363,9.4,11,26,4,10.3,6,F,no,activo
PAC009166,63,75.1,163,28.3,78,95,117,70,70,60,4.9,166,58,110,160,1.01,79,3.1,19.5,11.5,1,8501,6.6,21,32,1,6.9,6,M,no,activo
PAC009167,54,118.9,153,50.8,112,107,133,98,81,104,6.2,198,43,181,190,0.64,70,5.1,32.8,19.0,0,3032,6.3,7,7,0,12.4,7,M,si,ligero
PAC009168,81,102.0,202,25.0,95,101,151,98,80,154,7.4,218,36,180,277,1.16,91,7.0,24.0,13.6,0,7514,8.3,10,8,2,13.7,9,F,si,sedentario
PAC009169,42,69.3,159,27.4,64,109,127,65,59,93,4.4,191,58,137,132,0.71,109,0.5,38.5,17.9,10,13497,9.1,0,13,5,6.2,4,F,no,sedentario
PAC009170,81,99.7,146,46.8,114,89,159,117,76,109,6.8,277,67,184,228,0.64,69,4.6,47.8,14.0,3,3877,5.1,23,0,0,12.7,5,M,si,sedentario
PAC009171,68,102.0,144,49.2,115,75,174,108,71,109,5.9,239,44,117,200,0.44,60,2.9,22.0,13.3,3,3722,5.5,0,13,3,8.6,5,F,si,sedentario
PAC009172,25,79.5,150,35.3,80,93,124,80,50,101,5.6,165,74,122,42,1.38,125,3.3,23.7,16.7,7,8402,10.6,22,10,6,10.9,3,F,no,activo
PAC009173,84,84.8,155,35.3,114,103,169,101,60,86,5.1,194,57,104,230,0.4,73,6.5,51.6,16.9,3,5682,7.2,14,0,4,8.6,9,F,si,ligero
PAC009174,89,111.2,151,48.8,106,98,163,82,78,107,6.0,211,60,139,160,0.4,83,3.8,35.6,15.0,4,3581,6.4,9,3,2,9.9,5,F,si,sedentario
PAC009175,72,82.5,140,42.1,94,85,146,109,66,90,6.0,226,42,153,188,0.4,73,1.2,27.6,16.1,2,6100,6.7,11,7,2,15.8,8,F,si,activo
PAC009176,58,93.2,150,41.4,95,97,178,109,71,87,6.3,227,56,92,63,0.76,98,2.6,38.2,13.8,0,6120,7.6,7,0,3,12.0,7,F,si,ligero
PAC009177,18,69.0,140,35.2,96,106,104,82,91,95,6.0,133,51,82,152,1.12,83,1.9,20.5,12.9,7,9557,8.7,28,28,1,9.0,6,F,si,activo
PAC009178,36,42.2,171,14.4,80,96,121,68,59,100,4.7,205,73,101,155,0.8,88,0.1,26.0,15.4,9,18301,7.4,0,0,5,4.6,4,M,no,activo
PAC009179,18,83.0,159,32.8,72,76,122,81,101,97,5.2,176,34,159,143,1.02,75,3.6,21.1,12.3,3,13250,6.5,28,35,2,11.2,5,F,si,sedentario
PAC009180,34,57.0,156,23.4,81,95,99,84,92,83,5.7,206,49,104,159,0.87,95,2.7,18.3,13.3,5,10878,7.7,33,32,2,5.7,9,F,no,activo
PAC009181,33,61.0,168,21.6,72,112,116,88,71,81,5.8,186,44,111,90,0.81,97,1.0,55.9,15.8,5,8472,8.1,13,0,5,6.9,0,M,no,ligero
PAC009182,18,69.5,156,28.6,84,99,100,65,60,77,5.3,172,61,120,40,0.99,83,1.0,22.2,13.8,8,12164,9.9,0,0,7,4.1,0,M,no,sedentario
PAC009183,36,49.8,157,20.2,84,87,123,72,59,75,5.2,197,52,93,88,0.99,102,0.1,23.3,14.8,2,10982,7.6,1,0,6,6.3,2,M,no,ligero
PAC009184,28,69.2,153,29.6,89,90,111,83,89,82,5.3,192,57,101,156,1.13,127,2.7,12.8,10.1,7,10687,6.0,13,22,3,10.6,8,M,si,sedentario
PAC009185,48,70.2,154,29.6,70,97,102,89,63,73,5.7,181,62,74,40,1.02,119,1.2,30.7,14.9,8,18860,8.6,0,1,6,2.0,2,M,no,activo
PAC009186,66,85.2,141,42.9,117,88,168,85,76,105,6.3,220,62,166,215,0.52,76,6.1,28.3,15.6,0,3772,6.7,8,4,1,13.2,4,F,no,sedentario
PAC009187,73,56.1,157,22.8,75,91,114,74,68,101,4.1,130,73,100,106,0.9,96,0.1,35.1,12.5,12,11907,9.8,11,0,5,2.0,4,F,no,ligero
PAC009188,84,78.2,140,39.9,107,85,160,115,88,109,5.2,229,34,168,190,0.67,69,7.4,14.4,12.9,1,500,7.5,7,2,0,14.1,5,F,no,sedentario
PAC009189,83,95.8,140,48.9,96,89,158,100,79,101,6.0,225,55,93,215,0.45,56,6.0,45.7,17.3,1,1203,7.5,22,2,2,15.5,5,F,si,sedentario
PAC009190,70,111.7,191,30.6,117,115,141,108,65,118,6.5,240,32,161,231,1.23,75,4.3,37.0,15.9,3,500,7.9,12,5,0,10.2,7,F,no,ligero
PAC009191,36,63.1,170,21.8,84,96,111,71,67,81,4.6,155,72,125,53,1.12,102,3.0,24.8,15.0,8,8103,9.4,1,0,5,6.9,4,F,no,ligero
PAC009192,25,86.4,151,37.9,82,88,120,74,67,75,4.7,196,54,127,125,1.2,111,2.0,11.0,12.5,8,9732,8.3,16,27,0,11.7,5,M,si,sedentario
PAC009193,89,64.6,147,29.9,101,104,158,103,75,109,5.3,177,52,124,141,0.43,69,2.3,34.2,13.9,1,7511,6.3,1,0,4,13.5,8,F,si,activo
PAC009194,18,67.0,154,28.3,98,80,113,87,93,120,5.4,202,54,91,40,0.81,107,4.8,5.0,10.1,10,7379,7.6,8,29,1,6.7,6,F,no,ligero
PAC009195,55,81.9,198,20.9,119,100,135,74,94,109,7.3,231,34,219,296,1.35,82,6.0,39.2,14.7,0,3549,9.6,7,0,3,14.0,9,F,si,ligero
PAC009196,90,75.1,141,37.8,101,83,158,88,88,127,6.6,215,37,84,222,0.4,51,4.9,41.3,14.9,1,3846,4.6,11,10,1,18.3,9,F,si,sedentario
PAC009197,64,64.9,160,25.4,105,103,170,103,85,85,6.7,217,55,153,242,0.55,81,6.7,31.0,18.0,0,5154,6.2,0,0,1,13.9,8,M,no,ligero
PAC009198,74,116.1,205,27.6,95,109,129,71,76,151,7.1,282,55,103,253,1.29,92,3.6,34.5,12.6,2,614,8.1,4,4,1,9.7,7,F,si,sedentario
PAC009199,59,79.0,140,40.3,105,79,150,96,86,93,6.1,212,59,119,185,0.57,60,0.1,26.3,14.6,6,4626,6.0,13,10,0,11.8,6,F,si,ligero
PAC009200,18,77.7,143,38.0,82,96,119,85,71,100,4.4,193,50,90,71,0.68,93,4.9,17.7,11.7,4,8845,8.0,21,28,1,12.5,8,F,si,activo
PAC009201,18,55.2,165,20.3,69,94,105,73,60,64,4.5,237,48,77,74,1.15,97,1.8,22.6,15.0,11,11477,7.7,0,0,4,11.0,0,M,no,ligero
PAC009202,20,49.0,161,18.9,74,92,110,95,58,90,5.6,144,62,79,89,0.91,98,0.3,48.3,14.4,10,9091,8.9,0,3,6,4.2,6,F,no,sedentario
PAC009203,52,94.2,176,30.4,111,89,123,107,86,132,7.8,272,28,196,236,1.29,63,6.2,43.6,14.0,1,4481,8.2,19,12,0,10.8,3,F,si,ligero
PAC009204,80,78.2,144,37.7,110,115,161,94,80,122,5.5,277,58,162,141,0.4,85,7.1,33.8,14.9,0,5667,5.5,11,0,1,13.4,10,F,no,sedentario
PAC009205,18,67.0,161,25.8,71,84,132,85,67,96,4.7,183,78,136,157,1.51,128,1.1,35.6,12.9,5,10367,8.5,6,0,7,3.1,3,M,si,activo
PAC009206,34,79.5,152,34.4,113,115,186,114,71,91,6.2,217,36,120,201,0.53,83,6.1,31.5,16.3,0,3712,7.1,9,1,4,11.6,5,F,si,sedentario
PAC009207,18,79.2,176,25.6,83,97,129,65,75,76,4.7,170,46,121,128,0.93,101,5.3,11.6,13.3,5,8727,7.7,24,37,1,11.6,7,F,si,ligero
PAC009208,35,57.6,173,19.2,72,104,104,77,59,95,5.2,175,38,129,64,1.28,113,0.1,43.1,14.8,7,17444,8.7,0,13,7,3.5,1,M,si,sedentario
PAC009209,35,82.0,150,36.4,74,105,124,67,71,126,4.3,220,68,142,101,1.16,94,6.4,25.4,12.0,2,7051,9.2,23,25,2,5.0,8,F,no,sedentario
PAC009210,48,112.1,202,27.5,130,118,160,88,90,137,8.1,212,27,116,260,1.35,76,9.8,30.4,14.8,5,1561,10.1,5,7,4,12.4,8,M,no,activo
PAC009211,29,60.5,166,22.0,69,95,133,72,63,89,4.8,181,44,119,52,1.13,121,1.4,34.4,13.2,5,10074,7.4,2,6,5,7.7,6,M,si,sedentario
PAC009212,18,69.7,165,25.6,85,124,128,69,95,64,5.9,198,58,128,97,0.5,105,2.4,11.6,11.4,8,9862,9.2,13,15,1,8.5,5,F,no,ligero
PAC009213,90,72.7,150,32.3,111,95,144,110,81,96,5.2,226,51,105,117,1.06,70,1.0,15.1,15.5,0,606,6.3,14,2,2,11.6,1,F,no,ligero
PAC009214,18,62.0,168,22.0,95,81,119,68,81,83,5.5,168,42,100,40,0.93,98,2.2,26.0,9.7,5,6172,9.2,24,22,1,10.8,6,M,no,ligero
PAC009215,51,56.1,183,16.8,86,95,137,85,53,115,6.5,219,68,128,118,1.17,91,4.2,36.2,14.9,12,14692,9.3,11,7,7,9.0,1,F,si,activo
PAC009216,61,98.2,192,26.6,123,95,159,96,76,107,6.6,236,25,139,278,1.23,70,3.3,27.3,16.9,0,1952,9.1,11,6,1,9.3,4,M,no,ligero
PAC009217,65,109.9,201,27.2,108,113,159,85,71,141,6.5,216,59,165,267,0.98,63,3.9,37.4,17.8,1,4470,9.0,12,20,0,10.3,10,F,si,sedentario
PAC009218,78,82.4,155,34.3,91,93,142,97,87,111,4.7,235,58,195,191,0.79,89,2.7,44.5,14.8,3,6086,5.1,14,4,2,9.5,6,M,si,ligero
PAC009219,53,105.8,186,30.6,106,93,139,85,79,118,6.4,249,41,200,221,1.11,55,8.3,53.3,13.4,5,8193,9.1,22,3,0,12.6,8,F,no,ligero
PAC009220,90,108.7,191,29.8,134,110,139,88,85,157,5.8,220,33,152,292,1.19,74,8.3,39.7,13.6,0,1765,10.6,10,3,1,14.1,7,M,si,ligero
PAC009221,54,120.0,198,30.6,115,93,144,78,93,112,8.6,217,26,163,260,1.0,81,6.3,38.4,15.7,3,6663,7.3,13,17,3,9.4,6,M,si,sedentario
PAC009222,36,81.6,178,25.8,87,91,98,80,53,99,4.4,170,87,88,93,0.89,100,2.3,40.1,13.0,8,9819,8.1,3,0,6,7.7,0,F,no,activo
PAC009223,18,76.7,170,26.5,96,100,111,50,45,76,5.3,155,62,60,82,0.93,106,2.2,38.2,16.2,10,13636,8.8,0,5,8,6.8,2,M,si,activo
PAC009224,18,67.1,174,22.2,108,107,125,75,48,68,4.5,242,68,118,74,1.02,107,2.1,35.9,13.6,10,8881,8.6,1,0,4,5.2,6,M,si,sedentario
PAC009225,18,40.0,161,15.4,60,98,98,70,72,65,4.0,148,74,115,128,1.08,96,0.1,19.4,15.7,6,12226,9.5,0,0,7,5.6,5,F,no,activo
PAC009226,35,55.4,156,22.8,78,101,96,64,76,80,5.2,236,89,132,167,1.2,127,3.4,30.1,11.1,4,9428,8.3,24,20,3,6.6,4,M,no,sedentario
PAC009227,63,85.7,199,21.6,107,113,181,75,82,122,6.9,287,30,204,218,1.39,84,6.0,33.2,11.3,0,1251,10.5,1,0,3,13.0,8,M,si,ligero
PAC009228,45,43.5,166,15.8,79,75,119,75,74,99,4.2,163,52,134,112,0.93,91,3.3,20.8,11.1,3,5996,7.9,14,23,0,7.1,4,M,si,sedentario
PAC009229,71,93.8,189,26.3,113,112,152,94,72,136,6.7,231,30,123,229,1.42,88,3.0,29.5,16.4,0,5161,5.3,10,11,3,9.3,8,F,si,sedentario
PAC009230,18,90.1,156,37.0,101,103,126,78,81,83,4.3,175,60,143,67,1.02,99,7.1,22.1,10.4,0,7109,6.9,12,26,1,9.4,10,M,no,ligero
PAC009231,18,70.8,155,29.5,77,95,103,71,46,86,5.4,192,61,95,114,0.81,86,3.9,22.6,12.2,10,12960,8.6,0,0,4,3.5,5,M,si,activo
PAC009232,45,80.6,194,21.4,103,109,105,97,83,163,5.4,254,34,142,169,1.16,104,3.5,23.0,16.5,0,3787,10.4,7,9,1,14.6,10,F,no,ligero
PAC009233,26,49.6,168,17.6,93,104,114,69,75,83,4.0,218,74,143,85,1.2,105,2.8,25.8,10.7,4,8566,6.3,23,12,0,10.9,10,M,no,sedentario
PAC009234,38,103.2,186,29.8,86,101,108,82,87,100,6.6,208,32,166,245,0.95,61,7.2,32.0,12.9,1,2569,7.2,11,20,2,12.1,6,F,si,ligero
PAC009235,25,112.9,196,29.4,114,96,150,89,71,116,5.8,245,25,169,178,1.16,92,6.1,45.8,16.4,0,1132,8.2,3,8,3,14.8,8,M,si,sedentario
PAC009236,40,56.7,169,19.9,60,116,126,71,64,75,5.2,212,59,128,99,1.14,97,0.1,35.1,14.3,10,12544,10.0,12,0,6,4.1,0,M,no,sedentario
PAC009237,40,93.9,159,37.1,83,86,103,66,78,95,4.1,204,57,158,164,0.67,113,5.6,12.0,11.2,2,12813,8.8,21,35,2,13.0,3,M,no,sedentario
PAC009238,19,80.7,153,34.5,86,98,126,65,78,67,5.1,198,60,165,71,0.89,89,6.5,10.2,14.7,0,6461,8.9,13,8,4,6.6,9,F,no,activo
PAC009239,90,83.5,161,32.2,118,105,183,102,79,119,6.0,230,27,177,244,0.4,77,8.2,27.1,14.2,4,4156,6.1,20,12,2,12.1,7,F,no,activo
PAC009240,75,90.7,140,46.3,92,75,178,85,80,115,5.3,235,26,126,121,0.57,93,7.2,29.7,16.9,1,2756,7.2,15,0,4,11.6,6,F,no,sedentario
PAC009241,70,103.4,200,25.8,110,111,138,95,76,154,7.5,267,64,105,357,1.14,80,6.9,37.6,15.7,2,897,8.1,11,13,1,14.4,5,F,si,sedentario
PAC009242,18,57.3,159,22.7,81,112,108,77,62,82,4.6,135,81,127,139,1.08,95,0.1,40.1,14.6,8,15645,8.0,0,4,5,3.5,4,F,no,sedentario
PAC009243,64,83.0,156,34.1,119,91,160,104,70,157,4.8,185,59,71,206,0.51,59,1.6,38.5,18.8,0,8421,7.0,9,12,4,12.3,5,F,no,sedentario
PAC009244,75,90.8,178,28.7,120,89,132,110,82,108,7.3,273,35,165,239,0.92,89,5.6,32.8,16.3,0,2293,8.2,7,7,1,10.6,5,F,si,ligero
PAC009245,81,97.6,189,27.3,121,96,114,75,83,146,6.6,194,33,150,216,1.11,70,9.3,37.3,14.0,0,1180,8.9,11,0,2,13.8,9,M,si,ligero
PAC009246,79,102.5,205,24.4,107,112,131,118,66,125,7.6,248,37,141,237,1.04,73,9.4,32.9,14.0,0,500,8.0,26,8,0,11.7,9,F,no,ligero
PAC009247,79,122.7,141,61.7,118,112,150,99,52,113,6.2,208,28,143,91,0.71,43,1.7,42.4,15.8,0,2816,6.1,0,11,3,14.8,3,M,si,sedentario
PAC009248,18,82.3,184,24.3,82,82,105,69,65,105,5.6,157,48,153,186,0.88,117,4.8,18.2,9.6,5,4358,9.6,18,17,0,9.3,8,M,no,ligero
PAC009249,70,76.0,194,20.2,105,103,146,94,85,132,6.7,274,49,121,275,0.92,82,9.3,15.0,14.2,0,6899,9.4,19,14,1,10.8,6,F,si,sedentario
PAC009250,51,102.3,140,52.2,117,103,175,75,69,99,5.7,236,41,165,274,0.41,68,5.2,33.8,16.3,0,2640,7.9,4,0,1,14.0,5,F,si,sedentario
PAC009251,20,101.6,205,24.2,114,106,141,93,77,93,6.9,288,33,130,409,1.3,41,3.1,34.5,15.2,0,2809,8.5,6,5,0,14.4,7,M,si,sedentario
PAC009252,61,76.7,183,22.9,100,113,134,86,66,127,7.5,201,31,166,200,1.39,61,11.1,40.7,15.3,0,500,9.2,15,16,2,11.7,7,M,si,sedentario
PAC009253,70,87.3,143,42.7,125,98,135,104,83,103,6.1,247,50,151,196,0.4,81,4.6,28.3,17.1,2,500,7.9,22,18,1,15.8,7,F,no,activo
PAC009254,29,46.8,171,16.0,82,103,122,89,49,107,5.8,132,51,82,40,1.02,87,0.1,32.3,13.3,8,11099,10.0,15,0,7,7.0,5,M,no,ligero
PAC009255,62,66.9,205,15.9,126,119,141,86,76,131,7.4,278,41,131,151,1.16,57,3.7,35.8,13.5,0,1998,8.6,20,0,0,11.3,7,F,si,sedentario
PAC009256,57,59.4,157,24.1,122,89,182,94,92,92,5.0,224,42,111,137,0.67,39,3.6,18.9,16.7,3,5421,5.5,4,0,3,14.3,10,F,no,ligero
PAC009257,67,75.4,205,17.9,118,107,157,80,81,141,7.3,252,59,148,323,1.26,64,5.9,28.9,17.4,1,2675,7.9,4,4,1,11.9,7,M,no,sedentario
PAC009258,69,84.3,156,34.6,123,98,172,100,79,122,5.9,246,25,122,158,0.45,68,5.4,25.9,14.3,0,7191,7.1,9,3,0,15.0,4,M,no,sedentario
PAC009259,90,101.9,205,24.2,99,100,132,86,78,104,8.0,249,57,150,256,0.85,101,8.2,33.4,14.2,0,1731,8.9,10,13,2,15.6,8,F,no,sedentario
PAC009260,42,107.4,175,35.1,110,109,111,79,78,113,6.0,192,33,157,235,1.17,103,7.5,51.4,16.9,0,2010,8.2,15,15,1,12.9,6,M,si,sedentario
PAC009261,31,104.2,170,36.1,64,108,90,64,47,89,5.9,171,47,115,45,1.22,106,0.1,38.3,16.4,7,16531,9.5,0,0,6,5.1,5,F,si,activo
PAC009262,86,81.3,167,29.2,123,96,185,106,85,109,5.5,227,56,107,126,0.4,83,7.5,39.7,17.0,1,5455,6.3,8,0,3,13.7,6,F,no,sedentario
PAC009263,33,79.9,158,32.0,83,96,116,76,78,92,5.2,174,38,70,51,1.28,87,3.0,25.6,11.8,2,10449,7.5,31,24,1,11.9,10,F,no,ligero
PAC009264,47,59.6,150,26.5,95,98,170,104,67,98,5.1,173,53,142,190,0.4,59,3.4,30.5,15.8,4,3604,4.7,19,7,2,10.0,10,F,si,activo
PAC009265,23,49.5,150,22.0,70,84,108,77,73,78,4.9,181,44,125,157,1.1,102,0.2,20.7,11.7,1,7225,6.3,28,19,2,7.9,10,F,no,sedentario
PAC009266,43,87.3,159,34.5,93,98,118,70,71,72,5.7,215,82,104,61,0.92,111,5.3,18.9,13.4,7,8682,6.2,23,26,2,8.1,9,F,no,activo
PAC009267,82,108.2,163,40.7,86,102,157,108,77,101,5.6,224,38,106,277,1.03,95,4.0,41.1,18.2,3,4812,6.0,7,7,0,14.3,10,F,si,sedentario
PAC009268,18,71.6,179,22.3,85,101,92,72,67,80,4.1,190,79,117,80,1.31,100,1.3,29.0,14.2,6,12324,7.1,0,1,5,6.3,3,M,no,ligero
PAC009269,83,73.5,140,37.5,118,104,149,114,80,84,5.0,227,63,129,150,0.4,73,6.5,36.1,17.8,0,3157,4.9,9,0,1,13.6,7,F,si,ligero
PAC009270,90,84.4,140,43.1,101,79,164,107,76,110,6.2,235,25,156,280,0.66,85,2.2,33.3,16.1,0,7383,6.6,2,6,2,12.8,7,F,no,ligero
PAC009271,44,96.0,199,24.2,121,101,150,96,69,115,7.6,232,31,121,273,0.99,87,5.6,36.9,14.5,3,2078,7.3,0,0,1,13.8,8,F,si,sedentario
PAC009272,90,105.3,201,26.1,123,94,130,70,72,123,6.8,264,31,121,342,1.13,100,9.4,47.6,17.1,0,500,9.7,22,4,3,9.4,10,M,no,ligero
PAC009273,90,92.5,198,23.6,138,115,154,102,81,148,6.9,224,52,124,267,0.92,60,9.9,30.2,13.9,0,5527,9.3,11,0,4,12.1,7,M,no,sedentario
PAC009274,36,82.9,154,35.0,84,109,106,66,72,104,4.6,175,80,142,102,1.03,130,0.1,21.4,17.0,10,12531,8.9,20,0,6,7.2,0,F,no,activo
PAC009275,21,79.5,181,24.3,61,83,140,81,90,94,5.3,219,57,161,87,0.83,67,2.2,30.3,13.3,8,8843,7.1,23,38,0,7.5,9,F,no,sedentario
PAC009276,45,78.7,167,28.2,85,75,134,75,100,118,4.8,195,54,95,52,0.61,119,4.3,21.4,9.6,5,10574,10.0,21,33,4,3.2,4,M,no,ligero
PAC009277,63,83.6,140,42.7,110,94,159,95,91,101,4.2,239,47,141,166,0.41,91,1.8,41.5,17.3,1,2405,6.6,9,8,0,14.9,4,M,si,sedentario
PAC009278,18,60.7,162,23.1,82,93,125,65,66,65,5.7,166,91,122,40,1.13,112,4.7,28.3,16.2,11,10618,9.4,14,1,7,6.7,7,F,no,activo
PAC009279,24,45.6,182,13.8,85,92,103,69,66,60,5.6,179,66,88,146,0.91,88,0.1,25.5,14.0,9,13612,7.6,8,9,6,4.5,2,M,no,ligero
PAC009280,66,92.0,148,42.0,114,107,164,101,76,115,5.2,235,56,207,178,0.6,74,2.8,18.1,15.4,3,3812,4.5,8,0,1,13.3,3,M,si,sedentario
PAC009281,89,95.3,160,37.2,127,99,163,107,83,114,5.4,183,53,107,189,0.73,46,2.9,27.6,18.8,0,2617,5.4,0,23,2,16.9,7,F,si,ligero
PAC009282,89,88.5,204,21.3,117,111,133,78,85,126,7.6,241,44,158,232,0.96,81,6.5,29.3,13.8,0,2466,7.9,22,0,0,12.8,8,F,no,sedentario
PAC009283,61,61.3,162,23.4,73,99,116,68,83,81,4.0,179,46,97,95,0.74,93,1.5,29.6,8.6,6,9576,9.0,26,36,3,7.0,9,F,no,ligero
PAC009284,18,58.7,155,24.4,60,81,149,94,62,78,5.3,186,84,86,101,0.87,130,2.6,59.2,15.9,7,16713,8.9,4,12,4,2.0,3,M,no,ligero
PAC009285,80,64.5,140,32.9,114,97,151,119,85,99,6.3,226,78,137,241,0.4,63,4.6,37.3,16.8,0,3420,5.4,3,8,4,10.3,2,M,si,ligero
PAC009286,78,109.9,146,51.6,106,95,187,87,76,134,7.2,221,58,127,149,0.66,47,4.0,49.5,16.8,4,4946,6.5,8,9,2,17.2,8,M,no,ligero
PAC009287,68,104.0,156,42.7,89,93,142,93,65,87,6.0,195,46,135,137,0.74,81,1.2,26.1,14.9,0,1877,6.6,5,3,2,10.9,5,F,si,activo
PAC009288,48,70.7,155,29.4,63,101,125,70,62,75,4.8,192,55,133,195,1.05,114,0.5,44.0,12.4,6,10458,7.7,0,9,5,10.7,2,F,si,activo
PAC009289,18,89.6,157,36.4,63,115,113,69,90,93,5.7,182,51,99,187,0.86,112,2.9,26.4,12.6,6,10832,9.1,22,28,0,9.9,10,F,no,sedentario
PAC009290,28,57.0,187,16.3,84,108,116,71,54,114,5.0,179,83,114,78,1.12,109,2.9,28.2,14.8,5,15768,8.7,6,0,7,8.4,1,M,si,sedentario
PAC009291,53,61.5,163,23.1,96,86,111,50,88,73,4.5,200,67,78,130,1.02,111,3.6,12.8,12.3,3,8338,7.9,21,31,5,12.8,7,F,no,sedentario
PAC009292,74,79.2,140,40.4,122,93,164,84,68,111,4.8,253,54,147,68,0.47,59,8.6,44.3,16.2,4,8818,5.9,3,11,1,15.8,3,F,si,ligero
PAC009293,25,72.8,166,26.4,68,92,96,72,61,76,5.2,152,57,196,109,1.54,88,0.1,35.0,15.4,5,10652,7.9,5,0,5,6.4,8,M,no,activo
PAC009294,18,68.6,170,23.7,79,103,102,70,61,104,4.9,187,62,89,40,1.14,107,2.7,48.8,14.8,9,9605,8.8,3,6,4,6.6,0,F,no,ligero
PAC009295,61,81.7,144,39.4,115,101,171,111,63,77,6.3,230,40,154,145,0.4,45,4.5,28.2,15.9,5,3943,5.1,4,4,4,11.9,8,M,no,sedentario
PAC009296,18,73.8,165,27.1,85,97,90,92,74,107,5.6,224,60,96,132,0.76,102,2.8,18.4,13.5,7,9759,9.6,31,24,0,9.6,6,M,no,ligero
PAC009297,18,68.0,162,25.9,85,99,103,79,78,105,4.8,216,49,109,75,0.93,101,3.4,31.4,12.5,0,7472,7.7,10,14,0,7.5,7,M,no,sedentario
PAC009298,45,76.1,205,18.1,131,120,145,78,81,130,7.3,270,38,163,178,1.04,80,6.2,40.0,14.5,0,1046,8.3,11,7,4,13.7,8,M,no,sedentario
PAC009299,38,74.9,180,23.1,82,95,90,77,55,68,6.8,218,46,130,40,1.03,111,0.1,42.0,17.5,11,7905,8.4,9,14,6,7.1,2,M,no,activo
PAC009300,50,78.9,146,37.0,93,99,168,105,63,127,6.3,210,62,123,140,0.48,70,6.6,26.7,16.3,0,500,6.3,4,10,3,12.6,4,F,si,sedentario
PAC009301,62,84.4,200,21.1,116,118,121,84,78,132,6.2,208,40,170,253,1.2,58,5.9,28.4,14.0,4,500,8.8,13,7,2,9.9,10,F,si,sedentario
PAC009302,39,40.0,153,17.1,73,90,101,64,61,101,6.1,157,72,127,62,1.19,113,0.1,34.0,12.5,13,12228,6.7,14,0,5,8.6,0,M,si,ligero
PAC009303,42,71.3,162,27.2,99,105,103,67,52,104,4.4,129,71,106,64,1.43,89,2.1,48.3,14.6,10,10066,9.1,5,13,5,4.6,2,M,no,sedentario
PAC009304,24,80.0,169,28.0,82,105,118,63,90,114,6.1,158,64,110,174,0.72,98,6.6,50.2,11.5,2,5247,7.6,9,24,1,9.6,10,M,no,ligero
PAC009305,38,67.1,155,27.9,76,111,118,64,64,78,4.6,153,58,107,88,1.41,105,0.1,21.5,16.1,9,11299,8.4,0,16,6,7.0,1,F,si,activo
PAC009306,30,81.0,144,39.1,90,95,136,65,89,87,4.0,183,58,113,104,0.9,86,1.3,34.4,13.5,6,11018,7.6,21,32,2,11.0,7,M,no,ligero
PAC009307,19,40.0,169,14.0,91,96,100,69,59,103,5.2,221,56,125,140,0.9,96,4.7,45.5,16.5,8,16211,8.7,3,0,7,3.7,2,F,no,ligero
PAC009308,27,62.2,161,24.0,71,96,106,67,57,60,4.4,149,54,99,125,1.06,86,7.4,27.5,13.6,11,12797,8.8,0,4,5,4.9,2,F,si,ligero
PAC009309,26,93.9,149,42.3,86,100,114,65,60,74,4.5,184,62,124,40,1.15,106,0.1,41.7,13.1,10,9388,9.9,4,6,7,6.8,0,F,no,sedentario
PAC009310,74,52.2,150,23.2,88,111,116,56,45,80,5.2,192,74,118,177,0.91,96,4.6,36.4,14.4,9,14364,5.8,3,0,5,4.5,4,M,no,sedentario
PAC009311,27,63.6,161,24.5,88,101,106,72,58,80,4.7,220,56,84,147,1.2,108,6.3,30.9,14.8,11,11367,7.8,0,4,5,11.0,0,F,si,sedentario
PAC009312,27,54.2,170,18.8,61,101,130,76,58,92,7.0,193,51,130,149,1.22,70,0.1,30.7,13.8,10,8782,8.5,0,11,7,3.8,1,F,no,sedentario
PAC009313,18,61.9,153,26.4,89,88,127,75,84,79,6.2,188,54,146,91,0.85,94,5.0,23.2,10.4,4,3590,9.5,23,17,3,10.4,9,M,si,sedentario
PAC009314,50,103.3,193,27.7,133,106,137,94,76,139,7.2,215,45,110,254,1.19,60,7.0,42.1,12.7,4,4094,9.0,7,14,0,11.5,6,M,si,sedentario
PAC009315,83,87.2,186,25.2,107,93,117,98,84,134,8.4,214,26,151,160,1.13,87,5.9,42.7,16.9,0,4921,6.4,12,4,0,7.5,4,F,no,sedentario
PAC009316,78,67.8,144,32.7,105,97,168,102,84,108,6.5,201,52,131,166,0.4,52,4.7,37.2,14.9,0,3337,6.5,4,10,2,12.9,7,M,si,sedentario
PAC009317,49,97.6,190,27.0,138,118,110,94,81,137,7.3,290,34,171,270,1.19,90,6.3,53.2,17.1,4,500,10.0,10,10,1,13.4,7,M,si,ligero
PAC009318,30,74.2,173,24.8,70,115,104,75,46,60,4.0,174,63,89,40,1.44,96,0.8,36.0,14.1,3,14982,8.2,0,0,8,5.8,6,M,no,ligero
PAC009319,62,93.8,200,23.4,111,95,159,77,67,115,5.9,248,25,61,190,1.2,92,5.3,20.5,16.2,1,500,9.0,19,19,4,13.6,5,F,si,activo
PAC009320,72,79.6,145,37.9,105,98,183,101,91,81,5.6,251,53,78,262,0.55,73,7.8,33.9,14.9,2,8410,6.6,6,0,3,11.0,9,F,no,sedentario
PAC009321,72,83.6,140,42.7,129,91,146,104,74,95,6.4,214,43,104,206,0.72,71,5.4,30.9,15.1,0,4921,8.6,7,2,3,9.3,10,F,no,ligero
PAC009322,48,63.8,159,25.2,124,99,131,85,67,127,6.4,228,65,112,235,0.68,68,7.9,36.7,13.5,3,5363,6.2,13,7,2,9.5,7,M,no,ligero
PAC009323,59,94.6,184,27.9,124,97,132,70,63,124,7.5,225,25,197,280,1.3,51,9.2,37.8,14.1,0,500,8.0,11,0,2,13.9,6,M,si,sedentario
PAC009324,53,116.5,197,30.0,119,89,123,75,81,117,7.2,216,40,181,320,0.96,77,4.8,41.3,16.5,0,5192,9.6,10,15,0,7.0,8,M,si,ligero
PAC009325,18,93.4,177,29.8,87,109,143,87,45,91,4.9,166,59,87,40,1.01,90,3.8,59.1,12.2,9,13170,9.4,3,0,6,7.2,1,F,no,ligero
PAC009326,38,72.8,160,28.4,87,110,135,79,52,71,4.5,166,76,92,40,1.16,72,1.5,32.3,13.2,7,14058,9.0,0,0,5,11.1,4,F,si,ligero
PAC009327,80,95.2,144,45.9,112,98,169,111,68,103,5.7,213,49,169,220,0.57,73,2.5,39.1,15.0,0,7077,5.4,15,0,0,7.1,7,F,no,ligero
PAC009328,18,59.4,158,23.8,86,93,126,72,63,72,4.8,171,74,83,40,0.87,107,3.6,30.0,13.9,12,16592,10.0,0,0,7,2.0,4,M,no,activo
PAC009329,68,112.4,185,32.8,134,97,104,76,72,102,6.7,198,39,189,295,1.4,52,6.8,28.4,12.9,0,4284,8.5,10,25,3,13.9,9,M,no,sedentario
PAC009330,76,85.0,174,28.1,96,99,137,89,68,137,7.2,226,48,173,333,0.87,74,9.7,41.5,14.8,1,6893,9.4,10,0,3,14.2,10,F,si,sedentario
PAC009331,84,84.1,145,40.0,105,105,162,116,78,87,6.7,284,87,170,145,0.46,65,4.7,39.8,15.5,1,4102,6.0,16,3,5,13.1,9,F,si,sedentario
PAC009332,18,82.5,154,34.8,113,86,124,76,91,110,4.7,167,47,111,92,0.92,108,5.7,22.9,13.5,4,4988,8.7,22,17,3,10.2,8,M,si,ligero
PAC009333,18,76.2,149,34.3,81,97,146,79,56,72,4.0,256,89,95,129,1.01,87,0.1,45.6,16.2,8,13145,9.9,7,8,8,7.6,5,F,no,activo
PAC009334,60,70.9,140,36.2,122,100,158,97,58,122,4.6,282,36,119,72,0.42,55,6.9,37.3,16.9,1,4285,6.4,19,0,4,11.7,7,M,no,ligero
PAC009335,26,49.2,153,21.0,100,77,113,73,82,108,5.4,177,48,83,65,1.03,93,1.9,17.5,13.1,4,6366,7.1,9,19,3,10.9,9,F,no,sedentario
PAC009336,42,40.0,170,13.8,77,106,135,68,65,92,4.3,152,68,120,153,1.27,87,0.1,46.2,15.6,9,16061,8.8,9,0,5,4.7,3,M,si,ligero
PAC009337,62,92.0,151,40.3,99,103,158,99,77,99,4.4,224,35,87,180,0.45,63,4.4,26.3,18.0,2,5692,5.6,11,3,1,12.3,7,F,no,ligero
PAC009338,82,115.7,173,38.7,118,107,129,92,78,121,7.6,208,34,139,208,1.13,57,6.3,27.4,12.4,0,4762,9.1,18,1,1,11.1,7,F,no,sedentario
PAC009339,45,87.7,191,24.0,116,103,135,88,65,130,6.8,239,26,116,288,0.89,71,4.2,37.8,13.9,0,3418,8.7,22,16,1,11.0,10,F,si,sedentario
PAC009340,30,71.4,153,30.5,99,110,121,90,76,83,5.8,187,64,79,64,0.88,109,2.0,20.2,11.8,7,3424,9.2,16,13,5,9.8,6,M,no,sedentario
PAC009341,64,57.5,142,28.5,109,94,188,104,70,103,5.5,218,49,125,228,0.4,87,8.5,44.4,15.6,5,11559,5.1,10,4,0,13.5,10,M,si,sedentario
PAC009342,35,73.7,148,33.6,60,99,90,58,62,101,4.7,190,49,126,233,0.85,79,4.7,44.3,13.7,8,8917,8.6,8,3,5,6.5,5,M,si,ligero
PAC009343,90,72.8,158,29.2,106,103,185,106,78,91,5.9,243,63,175,207,0.72,71,2.7,29.4,16.0,1,3387,6.7,16,5,2,15.1,7,F,no,sedentario
PAC009344,40,84.0,168,29.8,68,99,128,50,76,76,6.6,173,79,107,112,1.2,104,0.1,28.8,17.9,9,11263,8.4,18,0,6,4.5,5,M,si,sedentario
PAC009345,80,95.8,204,23.0,119,86,155,90,81,136,7.0,214,37,159,226,0.91,99,4.7,42.7,11.5,0,500,8.0,8,2,0,14.4,9,M,si,sedentario
PAC009346,40,68.4,167,24.5,79,111,136,71,60,67,5.4,177,62,90,97,1.05,110,0.1,24.3,14.3,9,13311,7.3,13,0,6,5.2,5,M,no,ligero
PAC009347,51,58.0,140,29.6,88,100,166,95,53,98,6.0,246,25,130,199,0.73,73,5.9,36.1,13.5,3,3908,5.2,3,5,2,10.8,8,F,si,sedentario
PAC009348,29,65.4,159,25.9,87,106,120,67,60,80,5.5,176,65,88,40,1.05,73,1.3,25.6,13.3,7,10387,9.7,8,0,3,7.8,3,F,no,sedentario
PAC009349,24,60.7,186,17.5,85,79,108,71,60,90,5.0,142,68,89,43,1.07,73,0.1,28.5,16.5,6,10543,7.0,19,9,7,4.4,2,F,no,activo
PAC009350,71,89.7,140,45.8,103,109,167,92,59,102,5.3,223,53,143,165,0.81,47,2.1,36.4,17.9,2,2443,5.9,0,11,5,11.4,4,M,si,sedentario
PAC009351,18,40.0,154,16.9,108,110,116,68,57,74,4.2,187,69,67,90,0.97,93,0.1,24.9,13.4,9,8212,6.8,8,0,3,7.1,3,F,si,sedentario
PAC009352,59,99.5,196,25.9,119,81,135,81,68,147,8.2,260,52,130,174,1.3,69,9.8,27.1,12.2,0,3649,9.6,8,0,2,11.9,8,F,no,activo
PAC009353,19,56.1,158,22.5,77,102,131,74,92,89,4.0,226,56,137,40,0.74,130,1.5,38.4,10.6,10,5311,7.8,21,23,1,11.3,6,F,si,sedentario
PAC009354,38,66.3,170,22.9,96,100,117,82,84,84,5.0,219,28,72,83,0.98,96,0.2,29.2,11.5,7,2751,7.6,26,29,2,8.0,10,M,no,sedentario
PAC009355,77,87.9,144,42.4,105,103,140,106,92,90,6.2,194,36,110,218,0.76,86,8.8,23.9,18.2,2,8318,4.9,3,0,1,15.1,8,M,no,sedentario
PAC009356,88,108.2,181,33.0,94,107,154,99,70,128,7.3,202,25,131,218,0.97,86,3.5,30.9,13.0,0,713,8.8,14,0,1,15.2,7,M,no,sedentario
PAC009357,38,95.9,142,47.6,93,98,102,71,86,99,6.2,185,64,113,74,0.98,90,2.2,37.1,13.3,7,8784,6.5,24,26,1,6.6,9,F,no,ligero
PAC009358,75,85.1,149,38.3,124,102,163,86,90,96,6.0,227,56,176,179,0.5,66,6.6,19.6,16.6,1,2371,3.9,6,15,0,11.2,5,F,no,sedentario
PAC009359,30,59.9,153,25.6,94,110,117,75,88,90,4.9,156,87,124,184,1.05,79,4.8,17.1,13.6,5,8182,8.2,28,27,3,3.8,7,F,no,activo
PAC009360,65,104.8,205,24.9,115,115,148,80,76,129,7.2,268,25,155,194,1.13,80,7.0,29.4,14.7,0,6036,9.5,15,8,2,11.4,10,M,si,sedentario
PAC009361,72,102.8,205,24.5,121,93,132,74,84,156,6.4,272,31,194,284,1.08,70,4.1,23.8,15.5,0,4270,9.2,6,12,2,12.3,10,M,si,sedentario
PAC009362,66,106.0,202,26.0,112,97,141,90,86,124,7.7,284,47,153,355,1.2,88,5.3,36.7,15.6,0,500,9.7,0,16,3,12.0,6,F,no,ligero
PAC009363,80,85.4,140,43.6,106,89,150,120,86,109,6.4,208,41,151,144,0.4,81,5.1,39.3,17.4,0,7141,5.5,8,10,6,14.6,9,M,si,sedentario
PAC009364,90,73.4,160,28.7,96,101,143,97,73,128,6.2,212,68,163,200,0.8,96,4.0,19.8,16.8,0,2019,6.9,14,0,1,12.2,9,M,si,sedentario
PAC009365,52,61.5,167,22.1,88,96,93,87,50,87,4.8,192,54,119,71,1.11,104,0.1,34.1,14.4,9,9077,8.1,0,3,5,2.3,4,F,no,sedentario
PAC009366,18,59.2,156,24.3,101,103,116,78,103,111,4.0,211,88,111,163,0.69,97,0.1,23.5,10.5,6,8277,6.5,13,19,2,8.3,10,M,no,sedentario
PAC009367,34,61.8,163,23.3,76,91,120,70,76,90,5.1,148,73,88,112,0.9,112,4.6,30.2,10.7,4,7750,8.0,27,31,2,8.4,9,F,no,sedentario
PAC009368,19,83.9,168,29.7,81,103,134,67,58,93,4.6,213,59,104,156,0.8,55,0.3,30.4,14.9,11,12108,6.3,8,2,4,6.0,1,M,no,ligero
PAC009369,18,67.0,150,29.8,100,80,109,84,83,105,4.8,228,64,66,145,0.81,77,2.3,25.9,13.9,8,6452,9.1,31,28,5,11.1,8,F,no,activo
PAC009370,27,40.0,155,16.6,79,105,122,79,69,72,4.4,203,67,87,143,0.85,102,6.5,25.8,12.6,4,6982,6.9,19,8,2,13.1,10,M,si,activo
PAC009371,86,87.0,174,28.7,125,115,160,101,73,104,6.1,210,36,183,161,0.42,104,5.6,39.8,14.6,3,5846,6.6,16,0,0,7.3,10,F,no,ligero
PAC009372,61,104.7,153,44.7,116,84,153,98,92,134,6.6,266,51,205,135,0.46,64,2.8,47.3,15.3,1,4625,6.1,0,13,3,11.9,9,F,no,ligero
PAC009373,25,87.5,164,32.5,77,113,105,73,87,74,4.5,214,77,76,76,0.8,116,4.3,20.1,11.0,7,12068,9.2,33,30,1,8.5,6,F,si,ligero
PAC009374,56,113.2,192,30.7,100,104,147,86,88,97,8.7,239,33,186,238,1.17,72,6.3,40.0,15.4,0,500,8.1,31,0,3,12.7,10,M,si,sedentario
PAC009375,58,116.4,195,30.6,133,102,144,79,75,140,6.7,277,40,156,234,1.36,70,5.8,23.0,15.6,3,912,8.1,11,10,2,10.9,3,F,si,sedentario
PAC009376,52,99.1,185,29.0,103,95,142,100,96,131,8.0,255,25,187,246,1.3,71,7.8,37.0,15.6,0,9470,9.8,20,4,1,11.3,6,M,no,sedentario
PAC009377,62,83.1,205,19.8,127,97,161,106,82,144,7.8,223,41,122,295,1.35,74,6.4,20.3,15.7,3,2498,7.3,13,19,3,12.9,8,F,no,activo
PAC009378,71,95.4,197,24.6,112,104,148,81,89,113,6.9,281,53,127,298,1.16,86,5.1,40.4,14.9,1,5109,9.2,9,8,0,11.9,4,F,si,activo
PAC009379,26,57.5,166,20.9,77,103,120,73,63,60,5.0,178,63,112,175,0.91,118,2.7,47.2,15.4,9,13339,8.5,8,12,9,10.1,2,F,no,sedentario
PAC009380,18,69.9,159,27.6,82,103,116,77,53,80,4.0,140,62,77,185,1.19,113,2.5,28.0,13.3,8,12471,8.4,0,0,6,4.5,1,F,no,ligero
PAC009381,26,50.4,156,20.7,95,116,124,72,91,84,4.3,201,67,128,68,1.03,80,2.8,17.5,12.2,6,8494,6.1,18,23,0,12.6,6,F,no,sedentario
PAC009382,31,87.1,164,32.4,78,103,121,72,79,88,5.5,209,74,120,40,0.57,118,1.4,15.9,11.5,2,13656,7.5,26,17,3,9.3,9,F,si,sedentario
PAC009383,79,91.5,140,46.7,96,107,145,106,75,108,5.8,208,68,147,213,0.44,89,6.2,15.9,17.5,0,500,3.6,21,11,3,14.0,9,F,si,activo
PAC009384,83,90.4,198,23.1,107,103,145,99,79,121,7.4,221,44,196,299,1.47,99,3.1,23.9,16.2,0,3595,9.5,13,0,1,7.7,10,F,si,sedentario
PAC009385,29,67.6,167,24.2,80,109,109,71,53,77,4.8,159,52,121,144,1.12,79,0.1,54.1,14.6,8,10529,9.9,3,15,5,9.7,0,F,no,sedentario
PAC009386,68,92.2,186,26.7,122,107,122,86,77,149,7.7,230,53,157,231,1.08,78,6.1,40.2,13.8,0,754,10.5,12,0,2,13.0,4,F,si,sedentario
PAC009387,24,68.6,167,24.6,60,102,97,66,66,97,4.7,203,79,83,40,1.04,102,0.1,26.7,14.9,11,12908,8.5,0,0,4,6.6,0,M,si,ligero
PAC009388,63,74.5,202,18.3,108,98,132,78,71,123,7.9,263,42,196,213,1.07,58,6.4,49.2,16.9,2,500,11.0,15,1,0,12.2,8,M,si,activo
PAC009389,54,53.3,152,23.1,60,94,109,64,66,88,4.5,153,58,124,114,0.92,122,0.1,45.3,14.5,5,14942,8.5,0,0,4,6.3,0,F,no,sedentario
PAC009390,18,50.4,165,18.5,71,104,126,70,75,60,5.2,203,60,130,40,1.06,120,0.1,41.5,15.7,6,16566,9.2,0,9,8,6.2,2,M,si,ligero
PAC009391,18,68.8,170,23.8,103,104,137,72,67,65,4.4,146,73,97,163,1.07,79,5.2,37.5,11.7,6,9832,7.9,0,5,8,2.0,4,M,no,ligero
PAC009392,18,45.9,154,19.4,69,92,105,74,71,85,4.9,257,53,101,40,1.19,93,5.0,36.2,16.4,7,12488,9.5,9,0,7,6.9,4,M,no,sedentario
PAC009393,18,48.2,155,20.1,91,106,90,69,70,83,4.1,199,51,126,149,1.28,94,0.1,35.4,13.9,7,11153,8.1,3,0,5,9.3,4,F,no,activo
PAC009394,49,49.5,158,19.8,86,98,137,76,91,82,5.6,142,45,116,40,1.11,91,2.6,18.2,10.7,4,8152,8.1,15,17,6,12.3,8,M,si,sedentario
PAC009395,52,84.2,147,39.0,81,108,108,82,76,105,4.8,191,71,144,106,0.93,98,3.6,11.5,11.1,8,8179,7.5,28,24,1,7.2,7,M,no,ligero
PAC009396,18,48.0,158,19.2,92,97,141,69,83,71,5.5,254,57,81,155,0.87,108,3.7,18.7,10.4,3,4129,8.0,8,22,4,10.7,5,F,no,ligero
PAC009397,59,109.1,204,26.2,136,109,148,90,90,147,5.9,273,49,170,241,0.85,59,5.8,32.0,14.0,5,6777,9.9,0,7,0,12.0,6,M,no,sedentario
PAC009398,35,71.1,164,26.4,60,100,114,75,50,73,4.0,162,74,69,40,1.26,92,0.1,35.4,13.2,10,12470,8.8,2,7,6,7.8,5,M,si,sedentario
PAC009399,48,63.5,159,25.1,87,92,137,62,70,96,4.4,223,83,98,98,0.72,95,0.3,24.8,8.0,2,9972,7.6,5,18,2,9.6,10,M,no,sedentario
PAC009400,73,72.7,149,32.7,102,102,166,94,76,77,4.6,245,44,176,166,0.51,81,3.4,46.0,15.9,1,2614,4.1,21,1,3,12.4,6,F,no,sedentario
PAC009401,30,71.8,148,32.8,75,93,110,86,79,94,5.4,195,59,67,84,1.13,96,1.2,19.6,10.7,6,11823,8.8,23,19,4,13.0,7,F,no,sedentario
PAC009402,18,80.0,169,28.0,60,121,133,84,74,85,5.5,232,41,115,40,1.22,99,1.6,56.0,16.1,5,14845,7.2,16,9,3,4.3,8,F,no,sedentario
PAC009403,45,47.3,165,17.4,86,105,126,73,83,88,5.2,164,79,53,184,1.09,97,0.1,29.7,16.1,8,13477,9.9,0,10,6,6.6,3,M,no,ligero
PAC009404,37,43.9,166,15.9,82,106,127,85,76,95,6.0,110,97,91,107,1.08,108,0.1,40.7,13.7,10,10993,8.3,0,0,4,4.7,6,F,si,sedentario
PAC009405,90,73.1,140,37.3,89,85,179,106,87,78,6.1,223,53,108,148,0.4,55,3.7,33.6,15.5,2,7511,6.9,17,5,1,13.6,6,F,si,sedentario
PAC009406,43,70.1,165,25.7,79,75,136,78,76,74,5.3,238,62,120,114,0.94,84,3.5,22.8,13.5,5,9027,6.4,7,31,2,7.7,8,M,no,sedentario
PAC009407,67,89.9,201,22.3,128,108,150,102,76,129,7.7,271,44,132,242,0.98,92,7.1,40.9,13.3,0,500,8.4,6,0,0,10.5,7,M,no,sedentario
PAC009408,84,82.0,203,19.9,121,112,125,74,83,133,6.2,248,55,153,168,0.95,77,9.4,34.0,13.7,3,4114,9.0,21,9,2,7.8,6,M,si,sedentario
PAC009409,48,95.1,147,44.0,120,99,150,100,67,86,5.7,238,48,141,168,0.64,103,1.5,49.9,16.1,0,3416,6.6,9,4,1,11.8,8,F,no,sedentario
PAC009410,90,99.0,189,27.7,108,111,125,80,80,148,6.1,244,25,181,256,1.01,83,5.1,10.1,15.3,0,6022,7.5,15,0,2,12.1,6,M,si,ligero
PAC009411,34,54.5,157,22.1,88,90,114,70,58,104,5.0,212,41,100,88,0.85,112,0.3,45.9,15.7,4,10855,8.9,11,0,5,7.7,6,F,no,ligero
PAC009412,63,99.3,145,47.2,85,85,149,120,83,93,5.9,251,46,144,207,0.72,94,4.5,30.2,17.6,4,2468,5.6,3,2,2,13.2,5,F,si,sedentario
PAC009413,18,68.6,166,24.9,72,107,125,83,69,78,5.1,225,79,120,120,1.05,92,1.2,46.3,13.3,10,12340,7.9,0,10,6,4.7,1,M,no,sedentario
PAC009414,55,115.3,204,27.7,120,118,145,80,85,123,7.4,234,48,139,176,1.25,33,8.4,39.4,12.2,1,500,8.2,4,5,0,16.1,10,M,si,sedentario
PAC009415,47,66.7,189,18.7,119,95,150,78,84,135,6.9,260,30,155,155,1.21,90,8.2,36.2,13.0,0,5410,11.0,27,10,0,9.6,5,M,si,ligero
PAC009416,71,77.7,150,34.5,100,82,165,107,60,118,6.5,238,39,112,115,0.56,88,2.1,15.9,16.5,3,1001,6.6,4,0,3,12.0,6,M,no,sedentario
PAC009417,18,65.6,171,22.4,69,97,151,70,60,92,4.3,186,65,102,111,0.9,76,1.0,38.6,14.0,6,8471,7.5,0,2,5,10.3,2,F,si,ligero
PAC009418,18,85.7,158,34.3,83,96,130,72,56,79,4.8,158,56,99,127,1.18,115,5.3,48.6,15.8,10,12613,7.1,15,0,7,2.1,4,F,si,activo
PAC009419,37,78.1,189,21.9,121,103,145,88,93,127,6.2,225,55,183,225,1.07,100,6.0,36.1,14.5,3,1708,7.5,6,4,1,9.6,10,M,si,activo
PAC009420,38,72.0,148,32.9,95,94,108,77,45,94,5.2,175,57,80,64,1.04,112,0.1,30.6,16.5,7,14005,9.1,9,0,5,5.5,3,F,no,activo
PAC009421,31,73.1,165,26.9,84,80,107,51,53,67,5.2,167,75,88,40,1.08,80,2.0,54.1,14.2,12,12154,8.8,4,8,6,4.9,4,F,no,ligero
PAC009422,48,62.1,174,20.5,91,88,134,65,72,60,4.8,170,76,102,102,1.16,73,2.7,30.2,15.8,8,17197,8.5,5,0,4,4.9,8,F,si,sedentario
PAC009423,38,77.0,162,29.3,78,111,124,69,76,98,4.6,219,65,113,87,0.72,115,1.1,5.7,14.2,11,15951,7.7,6,4,7,7.9,4,F,no,sedentario
PAC009424,75,90.8,147,42.0,101,104,177,96,72,96,6.9,218,48,182,118,0.65,88,3.9,31.3,15.6,0,500,5.9,0,12,3,13.4,5,F,si,ligero
PAC009425,42,94.5,192,25.6,124,105,137,87,78,126,7.5,220,25,183,228,1.25,93,10.4,47.1,13.3,0,3782,9.7,16,5,2,9.3,8,M,no,sedentario
PAC009426,28,85.1,173,28.4,88,86,98,82,70,80,5.7,199,78,78,69,1.11,98,2.2,25.4,17.2,12,9611,8.3,0,0,6,2.0,2,F,no,sedentario
PAC009427,25,53.4,145,25.4,95,94,111,80,63,118,4.9,216,68,111,44,1.05,99,0.9,38.0,13.5,7,8069,9.0,6,0,6,2.0,1,F,si,ligero
PAC009428,41,91.0,160,35.5,107,97,174,78,82,96,5.0,221,53,200,196,0.47,53,6.9,44.6,17.0,2,5088,6.7,0,8,1,14.6,5,M,si,ligero
PAC009429,45,105.8,193,28.4,113,92,139,87,87,122,7.1,221,38,167,283,1.2,84,6.7,32.4,14.5,0,4955,8.5,13,1,1,18.0,10,M,si,sedentario
PAC009430,28,60.7,172,20.5,82,103,138,83,68,86,4.1,224,66,40,112,0.85,105,1.2,32.6,15.9,8,12093,7.8,18,16,6,5.1,5,M,no,sedentario
PAC009431,62,123.8,204,29.7,102,100,138,83,76,152,7.5,201,38,164,333,0.88,52,4.5,40.6,13.8,0,3266,8.7,17,17,1,16.9,5,M,no,sedentario
PAC009432,68,73.9,140,37.7,101,96,127,95,80,118,5.6,262,37,133,232,0.62,57,1.8,37.5,17.4,3,8607,6.5,13,7,4,10.3,6,M,no,sedentario
PAC009433,90,95.1,150,42.3,113,104,154,103,68,87,6.6,203,47,101,171,0.52,47,0.3,46.6,14.2,5,2387,6.6,12,5,3,15.5,5,M,si,sedentario
PAC009434,35,57.2,162,21.8,84,88,123,66,71,93,4.5,187,82,147,40,0.96,103,0.1,39.6,12.6,12,13406,4.6,5,12,5,8.0,4,M,no,activo
PAC009435,59,80.1,199,20.2,124,104,144,83,72,114,4.9,244,47,148,214,1.1,103,11.1,33.6,13.3,0,3953,9.5,4,1,2,9.1,10,F,si,sedentario
PAC009436,19,45.5,153,19.4,80,101,126,82,83,77,4.8,196,63,137,125,1.28,102,3.8,10.3,10.8,10,7658,8.5,4,28,4,9.2,7,M,no,activo
PAC009437,18,70.4,159,27.8,65,101,98,78,66,89,4.3,129,61,117,55,0.77,118,0.7,18.2,17.9,10,14114,9.7,6,0,4,7.3,5,F,no,ligero
PAC009438,90,93.5,140,47.7,123,90,195,107,94,108,5.2,220,47,127,127,0.4,75,5.3,30.6,15.0,0,3747,5.2,8,8,1,8.6,8,M,si,sedentario
PAC009439,76,100.4,153,42.9,113,110,143,103,72,114,5.0,273,40,114,195,0.74,66,7.2,37.1,15.4,0,5202,6.1,13,0,2,9.4,5,M,si,ligero
PAC009440,56,93.0,184,27.5,133,113,150,70,84,124,7.1,249,45,160,231,1.36,71,5.2,26.5,11.8,3,2420,7.5,6,12,4,14.1,9,M,si,sedentario
PAC009441,53,90.9,205,21.6,93,110,132,77,68,140,6.6,233,57,212,225,1.18,96,4.8,38.2,16.2,0,500,9.2,13,3,0,11.7,10,M,si,ligero
PAC009442,24,40.0,142,19.8,71,101,93,68,56,111,4.9,213,68,117,40,1.23,129,1.2,38.7,16.4,10,16650,8.1,5,0,4,11.0,1,F,no,activo
PAC009443,76,89.2,205,21.2,126,97,144,79,79,153,7.8,220,25,136,191,1.46,74,7.1,37.5,13.9,0,3221,8.4,3,6,1,12.7,5,M,no,ligero
PAC009444,22,74.8,169,26.2,108,97,109,65,105,88,5.1,209,59,123,142,0.94,93,2.5,25.6,11.9,6,8338,9.4,28,25,2,6.1,6,M,no,sedentario
PAC009445,38,112.7,186,32.6,104,102,162,80,74,111,6.9,262,35,161,227,0.9,96,7.3,43.2,16.1,0,4901,10.1,8,11,3,8.4,5,F,no,sedentario
PAC009446,82,102.7,143,50.2,95,86,164,93,80,99,6.5,273,33,131,183,0.61,93,7.2,27.6,18.4,1,1983,5.4,11,5,4,10.9,4,M,si,ligero
PAC009447,60,93.2,198,23.8,106,94,158,90,92,135,6.4,245,36,128,191,1.23,57,2.6,44.4,15.5,0,2819,8.4,2,6,4,13.0,7,F,no,sedentario
PAC009448,61,80.4,186,23.2,108,103,134,74,98,141,7.3,212,36,210,256,1.02,99,6.5,45.2,14.8,3,3098,8.5,6,5,2,8.0,3,M,si,sedentario
PAC009449,61,77.9,154,32.8,114,76,170,111,91,91,5.3,255,32,170,195,0.51,44,6.6,23.2,16.1,1,8499,7.6,7,3,1,11.5,7,F,si,sedentario
PAC009450,69,94.2,196,24.5,84,104,152,76,85,115,7.1,244,25,158,257,1.19,60,5.8,30.4,13.3,0,1561,10.5,12,8,1,10.7,8,M,no,sedentario
PAC009451,61,86.6,183,25.9,117,111,169,86,90,99,6.6,209,25,148,325,1.2,81,8.1,40.0,15.2,0,7246,7.3,12,0,2,10.6,4,F,si,activo
PAC009452,60,89.4,199,22.6,124,104,149,69,86,129,8.4,314,42,159,278,1.14,64,9.3,29.5,14.1,1,806,8.8,17,8,1,8.9,8,F,si,ligero
PAC009453,24,61.9,173,20.7,82,123,107,61,45,73,5.2,212,69,130,58,1.29,115,4.0,38.1,13.8,4,15802,8.1,0,4,6,9.3,1,F,no,ligero
PAC009454,74,89.6,140,45.7,109,91,144,101,74,133,6.0,269,65,129,94,0.4,66,6.3,22.2,16.2,2,4874,6.8,5,5,1,12.0,6,M,si,activo
PAC009455,38,76.4,149,34.4,92,91,126,69,86,84,5.7,163,68,123,183,1.12,89,5.3,29.2,10.8,9,6325,7.8,20,22,1,10.9,9,M,no,ligero
PAC009456,54,106.4,192,28.9,128,98,149,86,70,124,6.8,300,28,174,285,1.28,75,7.9,50.5,14.2,0,2434,9.4,24,10,2,12.2,6,F,no,activo
PAC009457,26,66.8,174,22.1,97,105,129,77,68,74,4.0,174,52,118,70,1.13,130,0.1,25.3,16.7,9,10855,8.4,17,0,5,6.8,5,F,si,ligero
PAC009458,87,107.9,141,54.3,110,94,151,91,68,110,5.2,214,47,72,56,0.44,97,5.6,32.9,16.8,0,2352,5.6,16,0,2,14.4,5,M,no,activo
PAC009459,40,83.4,159,33.0,99,102,97,87,82,96,6.8,162,64,138,40,1.09,85,3.4,24.8,11.2,6,11740,8.6,16,29,0,8.3,8,M,no,ligero
PAC009460,85,80.8,197,20.8,95,107,137,90,83,97,7.3,171,48,191,181,1.1,89,8.1,33.1,14.1,0,1507,8.5,0,2,2,8.8,6,M,si,sedentario
PAC009461,18,70.2,155,29.2,88,99,119,70,88,85,4.6,209,51,105,128,0.86,130,5.7,13.5,10.1,3,9664,8.9,16,29,3,11.5,5,M,si,sedentario
PAC009462,40,88.1,157,35.7,71,92,119,81,76,60,5.6,149,87,113,98,1.21,116,1.6,31.0,14.3,7,13837,7.0,0,16,5,6.8,0,F,no,ligero
PAC009463,27,81.8,151,35.9,101,95,96,83,77,75,5.1,218,50,74,40,1.11,71,4.6,23.9,8.0,5,9651,8.1,18,20,2,13.0,6,F,no,sedentario
PAC009464,39,63.4,155,26.4,80,81,94,66,88,85,6.0,190,41,135,142,0.64,110,3.0,20.5,12.8,3,12274,7.6,16,27,3,8.0,7,M,no,sedentario
PAC009465,67,82.9,191,22.7,115,110,149,85,65,142,7.3,231,36,170,354,1.3,76,6.1,45.0,13.4,0,4207,8.4,0,7,3,11.9,10,M,no,sedentario
PAC009466,75,81.5,198,20.8,123,109,157,76,80,158,7.9,257,32,146,237,1.4,91,7.1,65.5,15.4,2,2558,9.2,3,12,0,11.1,6,M,si,ligero
PAC009467,30,72.4,159,28.6,97,94,108,71,76,102,5.3,140,68,101,115,0.96,86,2.1,26.0,10.3,2,5910,8.8,25,30,1,5.7,3,F,no,ligero
PAC009468,38,60.5,164,22.5,105,106,146,64,85,95,4.1,177,48,122,96,0.73,79,3.7,35.3,11.6,7,10473,8.2,34,24,3,6.9,4,M,si,ligero
PAC009469,71,97.1,196,25.3,90,99,160,103,91,165,7.0,284,46,170,204,1.27,90,7.4,45.4,13.3,0,3364,8.4,12,13,4,11.1,10,M,si,ligero
PAC009470,64,102.7,158,41.1,100,89,177,111,73,87,5.9,213,31,194,161,0.43,95,2.7,21.7,15.5,0,8766,6.0,9,9,2,11.8,5,M,no,activo
PAC009471,18,53.3,151,23.4,104,93,110,71,65,110,5.6,154,78,56,175,1.21,110,1.7,40.0,15.4,9,14634,9.5,5,8,4,6.8,3,M,no,ligero
PAC009472,56,90.8,140,46.3,110,107,163,93,81,79,5.7,210,26,120,123,0.75,88,6.0,42.9,16.3,0,4822,6.7,2,17,4,11.0,7,F,no,ligero
PAC009473,70,90.5,202,22.2,123,97,140,103,68,148,6.4,277,42,206,390,1.15,60,10.0,42.9,13.0,0,2198,8.2,20,14,5,12.2,5,F,no,ligero
PAC009474,58,83.6,191,22.9,121,100,118,102,75,142,6.7,237,51,127,213,1.36,82,8.9,31.8,14.9,0,500,9.6,23,7,2,11.9,5,M,si,sedentario
PAC009475,38,91.7,175,29.9,90,89,100,77,87,124,4.6,126,59,123,112,0.84,85,5.7,19.9,11.1,4,5749,5.8,19,22,0,8.2,8,M,no,ligero
PAC009476,63,123.4,145,58.7,109,104,154,89,85,98,6.3,219,40,158,217,0.48,75,8.8,40.4,18.5,0,1602,5.0,20,14,1,17.4,4,M,no,ligero
PAC009477,87,88.3,205,21.0,139,100,150,81,79,151,8.8,226,25,130,335,1.14,92,6.0,48.1,15.9,0,909,10.9,0,0,0,13.8,3,F,si,activo
PAC009478,38,64.1,160,25.0,94,96,124,82,95,116,6.0,179,66,92,176,0.95,105,7.1,22.0,12.0,5,6370,9.8,30,31,1,5.0,3,M,no,ligero
PAC009479,32,49.9,173,16.7,103,111,119,78,58,85,5.0,133,38,99,88,1.25,86,2.4,44.5,16.7,11,7241,10.1,0,0,3,3.4,3,F,si,activo
PAC009480,80,98.4,205,23.4,114,111,136,71,64,161,7.0,250,54,134,177,1.14,98,2.6,49.5,16.6,0,1604,8.9,6,6,1,10.6,4,F,si,activo
PAC009481,29,70.9,163,26.7,70,100,99,76,80,86,5.1,163,61,121,157,0.74,103,5.4,25.2,12.4,3,4476,7.0,22,27,1,13.7,8,F,no,ligero
PAC009482,18,46.4,165,17.0,79,107,117,69,60,76,4.9,162,72,134,61,1.21,111,0.8,25.7,13.2,10,15526,9.2,9,0,6,6.4,3,M,no,ligero
PAC009483,49,62.2,160,24.3,63,106,95,81,82,97,5.4,201,57,104,134,0.74,81,1.8,21.5,10.3,1,7988,8.9,15,26,2,10.8,10,F,si,sedentario
PAC009484,37,77.0,175,25.1,77,82,154,76,64,86,5.4,167,62,54,45,0.91,130,5.4,32.1,16.0,7,11292,6.9,13,0,2,9.2,0,F,no,ligero
PAC009485,60,92.1,179,28.7,100,94,136,80,90,140,7.7,252,28,196,212,1.16,71,4.0,36.1,19.0,0,5260,7.3,10,16,3,7.3,4,F,si,sedentario
PAC009486,49,40.8,180,12.6,86,95,130,69,63,93,4.5,195,72,118,190,0.99,108,2.6,36.2,15.4,5,12880,6.3,0,2,7,9.9,1,M,no,ligero
PAC009487,77,102.4,140,52.2,103,99,136,101,70,117,5.9,244,40,148,76,0.6,81,4.3,33.8,15.1,0,575,6.8,3,4,0,16.2,3,M,no,ligero
PAC009488,86,90.0,141,45.3,115,87,147,107,91,97,5.5,242,44,147,131,0.4,85,3.5,19.5,16.7,1,500,5.8,5,0,2,11.8,6,F,si,ligero
PAC009489,19,49.6,173,16.6,91,91,115,60,72,75,5.0,176,72,57,226,1.14,105,1.8,32.5,14.8,9,13975,8.4,14,15,4,8.2,3,M,no,activo
PAC009490,75,88.4,196,23.0,114,111,138,86,53,138,5.9,206,63,128,193,1.04,61,8.2,32.1,18.0,0,500,9.1,0,7,0,14.5,6,M,no,sedentario
PAC009491,18,64.3,149,29.0,86,83,97,82,85,87,5.7,211,51,61,59,0.59,73,0.1,6.0,8.9,7,8929,7.8,21,17,1,5.4,6,M,si,sedentario
PAC009492,85,96.2,196,25.0,113,94,133,83,96,109,7.1,215,45,157,266,1.06,73,5.3,47.1,14.7,3,4803,11.0,17,6,0,8.5,9,M,no,sedentario
PAC009493,18,72.2,165,26.5,80,110,132,65,62,67,4.8,185,78,117,82,0.97,92,0.3,35.1,17.7,10,12404,7.0,12,10,6,7.0,2,M,no,ligero
PAC009494,79,77.7,195,20.4,122,101,138,99,66,132,5.1,156,25,149,176,1.05,77,8.2,23.9,9.2,0,6194,8.4,12,0,3,9.3,5,F,no,sedentario
PAC009495,73,83.0,152,35.9,93,119,189,98,71,98,6.0,285,53,192,126,0.43,86,3.2,20.1,16.0,0,500,6.2,18,0,4,13.8,3,F,si,sedentario
PAC009496,28,79.7,165,29.3,83,106,119,78,60,97,5.3,110,67,98,53,1.35,130,0.7,37.5,13.1,8,14002,8.8,0,0,3,5.0,5,F,si,activo
PAC009497,77,87.9,147,40.7,99,91,163,101,92,114,5.6,246,50,75,217,0.75,62,6.3,32.0,15.5,0,500,6.1,11,6,1,7.0,4,F,no,ligero
PAC009498,38,46.3,169,16.2,85,89,121,57,65,81,4.1,225,90,94,134,1.3,103,4.5,19.2,14.4,11,14173,8.3,0,0,9,6.0,3,F,no,activo
PAC009499,51,104.5,185,30.5,103,95,127,104,58,120,6.4,301,40,191,137,0.97,83,8.2,40.7,14.1,0,6511,8.9,13,6,0,9.1,10,F,si,ligero
PAC009500,39,47.7,173,15.9,79,112,128,83,66,82,5.2,131,53,80,80,1.61,99,3.8,41.7,13.8,9,9011,8.9,12,3,5,9.7,0,F,no,ligero
PAC009501,18,40.0,176,12.9,60,95,129,70,68,71,4.9,164,61,61,150,1.01,124,0.1,30.9,14.0,3,12891,8.6,0,12,3,6.1,2,F,no,ligero
PAC009502,63,87.9,140,44.8,108,105,143,94,71,118,5.8,234,50,102,181,0.44,76,7.9,22.6,16.6,2,500,5.3,16,7,1,11.6,9,M,no,sedentario
PAC009503,42,53.7,162,20.5,97,106,121,80,64,95,5.3,145,70,123,55,1.06,94,1.7,52.8,15.1,15,12634,7.8,0,1,3,7.2,3,M,no,activo
PAC009504,19,49.2,151,21.6,75,98,121,71,100,87,4.5,171,70,75,187,0.83,102,3.5,20.7,14.9,1,9845,7.8,25,26,2,10.6,5,F,no,sedentario
PAC009505,78,93.8,198,23.9,126,106,149,93,72,111,7.5,267,25,135,283,0.84,101,5.5,41.5,15.8,3,500,8.5,5,6,0,15.5,6,M,si,sedentario
PAC009506,18,47.5,161,18.3,77,82,93,74,79,75,4.7,166,61,120,118,1.11,78,2.6,34.1,10.8,6,9516,7.0,20,12,1,6.9,5,M,si,ligero
PAC009507,82,71.9,200,18.0,112,92,167,93,81,132,7.1,234,42,182,242,1.1,71,2.4,34.1,14.7,1,1566,9.2,0,0,3,12.3,10,M,no,activo
PAC009508,84,68.9,180,21.3,117,92,149,84,62,119,8.2,234,30,133,351,1.19,59,7.3,37.1,16.9,3,4875,8.5,14,9,2,8.8,10,F,si,sedentario
PAC009509,50,90.0,199,22.7,122,109,143,108,82,112,6.3,250,34,128,305,1.32,74,11.0,31.8,14.4,0,3813,8.5,18,0,3,10.3,2,M,si,sedentario
PAC009510,49,102.9,194,27.3,103,113,156,93,74,134,7.5,223,39,194,292,1.15,50,8.2,33.6,12.5,0,500,10.8,17,8,2,15.1,7,F,si,ligero
PAC009511,70,76.5,148,34.9,116,93,179,93,73,82,6.3,164,50,141,139,0.94,88,4.2,26.5,13.9,6,8482,4.6,8,8,1,13.8,9,F,no,sedentario
PAC009512,18,49.2,165,18.1,72,108,136,53,75,102,4.0,159,52,111,107,0.85,75,1.0,28.7,12.8,11,11311,9.1,30,16,2,10.3,8,F,si,sedentario
PAC009513,53,48.8,163,18.4,92,85,122,58,73,124,6.1,150,54,148,45,1.07,108,0.1,35.3,16.3,7,16332,9.8,20,6,6,8.8,2,M,no,ligero
PAC009514,48,93.7,189,26.2,91,101,145,91,67,97,7.4,223,26,162,270,1.33,55,8.9,39.6,14.0,0,1354,9.0,2,13,0,10.3,6,M,no,sedentario
PAC009515,79,89.5,159,35.4,101,96,170,103,73,110,6.6,219,54,86,222,0.61,108,2.4,40.2,18.8,1,2720,6.5,8,5,3,15.0,9,M,si,sedentario
PAC009516,79,103.3,175,33.7,132,99,156,71,78,120,7.8,238,47,113,310,0.87,109,5.2,58.5,15.7,0,4478,10.8,18,2,0,6.9,7,M,si,ligero
PAC009517,52,115.3,191,31.6,123,93,142,89,76,165,7.0,264,37,201,260,1.17,103,7.3,26.4,14.8,0,2226,9.9,10,0,0,9.9,10,M,si,sedentario
PAC009518,56,71.2,149,32.1,99,113,164,75,64,135,5.9,253,43,89,81,0.64,93,8.7,39.0,14.7,0,1513,4.5,10,1,1,16.2,7,M,no,sedentario
PAC009519,18,49.2,165,18.1,64,89,113,81,63,65,5.1,139,60,112,123,1.06,67,2.4,31.4,15.1,11,13187,8.5,0,10,4,2.0,3,F,no,sedentario
PAC009520,63,115.8,205,27.6,104,96,154,76,73,149,7.7,250,41,146,289,1.4,78,7.2,59.3,16.7,0,3244,8.1,0,16,1,9.5,9,F,no,sedentario
PAC009521,36,53.8,157,21.8,98,102,122,64,45,71,4.0,136,42,81,142,0.95,79,4.2,22.7,12.8,8,10355,10.0,0,0,4,9.9,4,M,no,sedentario
PAC009522,75,75.2,146,35.3,94,100,167,100,67,109,6.7,213,60,144,143,0.4,56,6.3,28.8,16.0,5,7190,7.2,8,16,3,12.5,5,M,si,sedentario
PAC009523,59,105.5,191,28.9,116,106,143,85,74,139,5.9,251,36,183,187,1.05,62,9.4,38.2,13.8,0,560,9.4,11,0,3,11.2,6,F,si,activo
PAC009524,45,92.1,204,22.1,121,113,143,107,79,121,6.8,271,39,189,413,0.87,75,7.4,49.7,14.1,0,1861,9.9,10,0,0,9.2,5,M,si,sedentario
PAC009525,82,102.1,143,49.9,115,102,142,104,80,82,5.7,291,25,150,89,0.4,46,5.5,26.2,17.3,6,5461,5.6,5,0,0,11.8,7,F,si,sedentario
PAC009526,57,85.5,140,43.6,79,102,153,94,84,110,6.2,193,48,140,126,0.4,74,3.5,42.8,17.1,0,2429,6.7,12,1,3,15.3,4,M,si,sedentario
PAC009527,83,80.4,141,40.4,108,100,158,103,68,87,5.4,213,62,186,211,0.4,24,4.4,43.9,16.3,0,500,5.4,14,0,2,10.2,8,M,no,sedentario
PAC009528,28,51.8,172,17.5,69,101,92,61,49,114,5.2,110,73,112,40,0.73,71,0.1,39.6,16.9,8,7704,10.2,1,0,3,7.5,0,F,no,activo
PAC009529,86,71.0,150,31.6,103,87,140,109,77,104,4.3,269,68,83,148,0.66,83,3.4,35.3,16.8,0,3116,6.5,18,13,3,10.6,4,F,no,sedentario
PAC009530,57,76.8,154,32.4,128,105,157,98,68,77,6.7,221,73,120,249,0.54,76,6.2,28.2,17.2,2,6495,7.4,4,0,3,14.6,4,M,si,sedentario
PAC009531,74,104.7,195,27.5,105,117,132,85,83,126,6.8,254,25,182,323,1.25,42,2.6,19.1,16.6,0,1585,8.4,0,0,2,11.2,5,M,no,sedentario
PAC009532,90,87.3,153,37.3,80,107,140,92,89,118,5.0,198,43,175,112,0.82,101,4.6,17.8,11.8,2,6088,5.3,6,11,0,12.8,4,M,no,sedentario
PAC009533,38,73.5,184,21.7,60,95,104,67,65,96,4.6,219,57,118,68,1.27,105,2.9,45.9,15.8,10,13026,7.5,1,14,5,4.1,2,M,no,activo
PAC009534,18,56.0,170,19.4,67,88,97,62,57,87,5.5,193,54,107,73,1.0,94,2.4,30.8,15.2,5,12376,7.3,0,0,7,8.1,4,F,no,activo
PAC009535,77,81.2,201,20.1,105,104,137,89,85,117,6.8,305,29,152,173,1.08,65,6.6,34.5,18.1,2,500,9.3,9,5,2,9.6,9,M,no,ligero
PAC009536,33,51.4,166,18.7,60,104,94,76,45,71,4.0,131,54,86,87,1.39,92,2.4,34.4,14.8,9,15625,9.9,2,0,4,4.9,1,F,no,activo
PAC009537,52,109.9,197,28.3,114,118,145,72,81,130,7.2,267,46,98,260,1.45,40,6.6,41.3,14.4,0,500,7.7,13,9,3,10.2,9,F,si,sedentario
PAC009538,18,61.0,170,21.1,92,88,114,78,77,94,6.2,153,44,87,69,0.88,121,0.1,11.3,11.9,3,9330,9.6,21,29,3,9.2,10,M,no,sedentario
PAC009539,54,88.4,205,21.0,115,113,134,86,90,127,6.0,204,30,179,189,1.23,55,4.9,20.1,16.9,0,4567,10.1,6,0,2,16.8,10,M,si,sedentario
PAC009540,34,75.8,169,26.5,93,122,110,65,61,60,5.1,178,70,132,65,1.02,114,3.9,40.8,13.8,4,10409,8.7,4,3,3,6.4,2,F,no,sedentario
PAC009541,36,90.1,140,46.0,93,87,153,92,85,83,4.1,202,40,160,236,0.49,91,3.2,36.3,17.8,3,4597,5.1,0,10,4,11.0,9,M,si,sedentario
PAC009542,42,64.5,159,25.5,97,96,119,83,82,78,4.8,165,85,120,95,1.29,120,3.1,19.6,10.5,5,7550,8.8,22,28,1,9.3,5,M,no,sedentario
PAC009543,89,103.6,154,43.7,102,88,145,82,77,122,5.7,190,52,153,223,0.42,78,0.1,39.6,16.6,7,3095,6.9,18,0,3,9.0,9,M,no,ligero
PAC009544,39,74.4,164,27.7,100,101,126,66,57,87,5.6,210,87,125,66,1.0,78,3.1,42.8,16.0,6,12482,8.1,4,0,5,2.0,0,F,no,activo
PAC009545,22,82.3,173,27.5,73,77,126,75,95,108,4.5,183,58,114,169,0.96,98,0.1,29.7,11.2,3,6432,6.7,13,26,4,6.9,8,F,no,sedentario
PAC009546,18,84.9,181,25.9,66,116,90,62,61,81,4.3,136,70,115,40,1.3,110,0.1,36.0,14.9,11,11476,8.2,0,6,7,6.3,3,M,si,sedentario
PAC009547,33,77.1,160,30.1,78,90,106,70,53,96,4.4,140,74,109,149,1.18,96,1.7,31.9,17.2,11,16012,9.8,0,1,5,12.7,4,F,si,activo
PAC009548,71,78.5,157,31.8,106,90,168,94,79,93,5.9,267,38,122,228,0.63,94,6.5,22.4,18.0,0,1930,6.3,7,8,0,10.2,6,M,si,sedentario
PAC009549,19,56.5,143,27.6,71,79,131,69,63,94,4.5,131,61,93,51,0.88,113,1.3,23.8,12.6,8,9958,8.4,6,22,3,11.9,6,F,no,activo
PAC009550,39,79.1,165,29.1,87,109,138,80,74,102,5.4,188,41,142,150,0.8,82,3.3,20.9,10.7,4,12770,7.5,30,35,0,8.9,10,M,no,ligero
PAC009551,61,92.5,199,23.4,127,98,152,88,81,131,7.3,206,44,166,202,0.98,72,5.6,30.8,16.2,0,2932,10.2,16,11,0,8.6,7,F,no,sedentario
PAC009552,51,72.0,140,36.7,109,93,176,100,83,117,5.1,232,46,178,159,0.76,50,4.5,34.7,15.8,5,2464,7.2,19,8,3,15.4,7,M,si,sedentario
PAC009553,28,54.1,165,19.9,70,103,132,70,56,110,4.8,258,79,122,40,0.73,114,6.1,55.9,13.8,8,10551,7.3,1,0,6,3.9,3,F,si,activo
PAC009554,66,117.7,183,35.1,121,109,142,79,81,132,7.3,292,25,145,387,1.11,86,9.8,47.8,16.7,0,6732,8.9,13,6,2,12.0,6,F,no,sedentario
PAC009555,71,80.0,162,30.5,113,76,130,90,89,85,5.1,209,63,117,146,0.59,69,4.5,24.3,15.9,0,4339,7.1,12,0,0,11.6,8,F,no,sedentario
PAC009556,48,76.1,161,29.4,84,88,124,73,91,89,6.0,222,58,128,130,0.78,126,3.2,17.7,10.8,9,8419,7.7,16,24,0,10.6,10,M,no,activo
PAC009557,71,91.2,193,24.5,105,99,156,95,94,124,7.6,246,62,131,256,1.71,59,5.2,36.4,13.7,0,4225,8.0,17,1,5,14.5,10,F,si,sedentario
PAC009558,56,87.8,191,24.1,135,84,144,83,86,113,7.3,273,41,159,256,1.25,68,6.9,30.9,15.9,0,3832,8.4,14,10,3,8.9,7,F,no,ligero
PAC009559,18,69.2,165,25.4,69,105,107,73,66,98,5.8,155,61,51,128,0.87,97,1.1,27.8,14.6,12,13158,7.1,0,0,6,3.1,2,F,no,ligero
PAC009560,33,62.1,156,25.5,106,90,114,74,77,99,4.2,154,74,103,80,0.75,98,2.6,41.8,12.0,12,9355,9.5,0,0,5,9.3,3,F,no,activo
PAC009561,84,81.2,146,38.1,113,94,149,102,89,133,7.0,222,45,115,152,0.95,56,5.3,18.0,17.4,0,6990,5.0,7,13,2,12.2,9,M,si,ligero
PAC009562,84,103.4,190,28.6,120,103,146,92,84,150,7.3,225,25,136,308,1.17,72,6.3,45.6,16.3,0,8401,8.8,27,17,3,9.1,5,F,no,ligero
PAC009563,67,95.6,198,24.4,121,105,140,89,91,109,7.9,288,45,190,382,1.2,67,5.4,49.2,14.8,2,6567,9.4,13,0,3,11.1,7,F,si,sedentario
PAC009564,66,92.6,153,39.6,96,89,174,108,56,87,4.3,212,65,134,195,0.4,82,5.7,36.4,18.1,0,3680,7.2,0,1,2,18.2,6,M,si,sedentario
PAC009565,35,52.0,153,22.2,82,103,104,67,63,72,5.0,131,73,101,40,1.28,97,0.5,24.5,14.0,2,10655,7.7,0,4,6,6.8,4,M,no,activo
PAC009566,44,45.2,162,17.2,86,100,119,86,71,108,5.7,164,51,88,119,0.95,100,0.1,26.1,13.7,9,15697,6.9,1,7,4,8.1,5,M,no,ligero
PAC009567,86,90.4,154,38.1,129,103,138,104,86,105,5.4,257,54,130,181,0.59,108,2.1,35.3,16.6,2,6417,6.0,21,3,1,11.2,9,M,si,sedentario
PAC009568,25,94.2,198,24.0,128,116,141,94,65,141,6.4,276,36,84,161,1.16,46,8.3,44.6,14.9,0,1932,9.9,13,0,1,13.8,6,F,no,sedentario
PAC009569,25,72.1,156,29.6,75,95,130,69,57,105,5.5,160,46,84,194,1.11,106,0.8,35.4,13.9,10,11559,11.0,0,0,4,8.5,4,M,no,ligero
PAC009570,18,79.7,144,38.4,77,100,115,82,61,84,4.5,195,76,54,40,0.95,116,2.5,23.7,10.0,6,8299,8.8,33,23,0,12.0,7,M,si,sedentario
PAC009571,47,52.1,181,15.9,60,105,122,67,58,66,5.5,197,57,121,40,0.98,130,0.9,34.1,14.6,8,11748,7.1,0,13,7,4.5,0,F,no,ligero
PAC009572,18,61.9,140,31.6,82,81,116,75,98,72,5.1,168,80,96,105,1.01,130,4.7,20.5,8.0,4,8031,9.8,23,31,1,10.4,7,F,si,sedentario
PAC009573,44,58.3,174,19.3,92,109,116,82,67,60,4.3,119,77,77,72,1.03,124,0.1,39.6,14.7,15,9975,9.4,0,0,5,10.2,0,F,si,activo
PAC009574,31,54.1,146,25.4,94,105,100,64,70,100,5.8,190,51,88,188,0.65,114,4.3,26.0,12.0,5,10022,6.1,20,24,4,9.4,7,M,no,sedentario
PAC009575,60,90.3,140,46.1,112,87,132,100,70,90,5.3,233,52,177,140,0.4,91,1.9,38.1,15.9,2,6150,8.6,19,8,1,7.9,6,M,si,sedentario
PAC009576,68,84.8,140,43.3,109,90,140,97,84,103,6.1,230,45,173,215,0.4,75,5.9,27.3,16.9,0,500,6.5,4,2,2,10.8,7,F,no,sedentario
PAC009577,67,89.8,197,23.1,117,97,156,69,72,128,6.7,278,27,179,266,1.0,53,11.4,20.9,14.0,0,6067,9.8,4,3,2,8.9,5,M,no,sedentario
PAC009578,24,40.0,158,16.0,68,89,119,56,64,65,5.7,202,68,142,189,0.88,86,0.6,11.9,11.7,5,7765,7.5,19,30,3,10.2,6,F,no,ligero
PAC009579,33,71.5,170,24.7,95,99,103,81,45,69,4.1,176,50,126,136,1.03,109,4.7,19.8,15.8,11,11660,7.3,0,0,5,5.8,0,M,no,sedentario
PAC009580,18,82.6,167,29.6,102,118,112,70,68,75,5.0,135,78,98,40,1.06,94,1.5,25.1,16.2,11,11898,8.7,2,3,6,7.7,0,F,si,activo
PAC009581,71,120.8,182,36.5,114,114,135,86,89,101,7.8,233,38,170,217,1.04,102,5.0,26.0,15.3,0,1085,9.0,10,0,1,14.3,10,F,si,sedentario
PAC009582,18,64.5,173,21.6,95,84,125,55,80,119,5.5,239,51,59,90,1.12,99,2.4,22.6,10.8,7,10227,8.1,18,34,2,6.8,8,M,no,sedentario
PAC009583,23,69.5,147,32.2,84,104,106,72,91,81,4.1,110,67,94,85,0.72,91,4.5,25.9,10.9,8,10382,7.1,18,26,1,10.9,3,M,no,activo
PAC009584,37,75.9,144,36.6,87,81,104,81,77,73,5.0,196,70,124,63,1.03,92,2.2,26.6,14.7,3,12052,8.5,20,13,0,9.0,6,M,no,activo
PAC009585,88,89.0,183,26.6,110,103,115,88,69,136,6.1,211,27,172,296,1.14,73,6.0,39.1,14.7,5,500,10.7,15,13,0,14.4,10,M,no,activo
PAC009586,50,121.5,196,31.6,116,106,124,109,76,138,6.6,181,59,219,261,1.33,80,8.1,45.3,17.4,0,815,10.4,4,12,3,7.9,7,M,no,ligero
PAC009587,72,83.0,205,19.8,104,95,128,97,96,160,8.4,176,63,155,294,1.22,111,9.1,25.7,14.8,0,7158,8.8,14,0,2,11.9,4,F,no,sedentario
PAC009588,39,63.1,161,24.3,82,98,114,73,80,105,5.1,193,46,96,138,1.23,80,4.2,19.3,13.2,7,13191,7.5,41,6,1,12.4,10,M,si,sedentario
PAC009589,30,43.8,167,15.7,89,112,105,64,70,80,5.0,206,62,102,40,0.87,110,2.5,54.3,15.4,9,12140,9.9,14,11,8,8.6,6,F,si,sedentario
PAC009590,18,71.7,180,22.1,87,90,132,66,79,84,4.7,184,42,136,116,0.89,106,5.2,21.3,12.1,3,6070,10.4,22,23,1,11.1,6,F,no,sedentario
PAC009591,18,69.6,169,24.4,100,102,90,81,67,72,5.7,122,63,117,86,1.5,94,1.0,28.9,14.1,5,16889,8.4,9,0,6,9.4,0,F,si,ligero
PAC009592,71,82.9,140,42.3,97,88,149,116,66,95,6.1,210,51,147,223,0.41,78,3.3,23.0,17.3,3,6164,7.0,6,7,0,11.6,8,M,si,ligero
PAC009593,57,67.0,162,25.5,89,90,130,94,59,84,6.2,186,57,131,60,1.17,83,0.8,47.1,13.2,9,11577,8.8,0,1,5,5.1,4,F,no,ligero
PAC009594,82,76.1,151,33.4,95,102,176,118,70,102,6.1,302,25,172,202,0.4,83,5.4,28.7,16.9,4,4625,6.8,13,0,3,13.0,7,M,si,ligero
PAC009595,52,77.9,158,31.2,106,105,152,94,88,93,6.6,148,44,108,296,0.81,51,6.7,36.2,16.1,1,500,6.6,16,14,3,12.3,8,M,si,ligero
PAC009596,43,62.7,166,22.8,73,86,104,67,66,65,4.1,149,65,93,58,0.91,76,2.8,43.2,14.0,8,13230,9.9,0,0,8,8.1,1,M,no,sedentario
PAC009597,18,51.9,140,26.5,86,107,147,75,81,112,6.5,214,61,119,61,0.87,94,6.7,10.3,10.3,4,10016,6.6,22,16,4,6.0,8,M,no,ligero
PAC009598,47,82.3,150,36.6,124,113,162,106,80,72,5.5,223,25,139,158,0.47,66,9.6,32.1,16.6,2,7542,7.0,11,9,1,16.0,7,M,no,activo
PAC009599,29,57.8,159,22.9,100,82,124,62,87,91,7.0,183,67,128,40,1.13,115,4.8,21.8,11.0,5,5333,6.1,20,28,1,11.0,9,F,no,ligero
PAC009600,18,54.6,150,24.3,80,85,122,73,83,96,5.6,131,52,103,150,0.94,111,2.4,27.8,10.9,8,6842,8.8,14,20,0,13.4,7,F,no,ligero
PAC009601,51,58.4,151,25.6,102,104,147,84,82,97,6.1,223,44,160,158,0.45,96,4.7,42.5,16.0,0,1741,4.5,19,8,1,9.7,8,M,no,sedentario
PAC009602,51,91.7,149,41.3,111,92,176,112,77,101,5.5,177,34,118,257,0.4,85,3.9,23.7,17.7,0,5720,6.8,26,0,1,12.2,7,F,no,ligero
PAC009603,59,86.6,143,42.3,124,97,161,115,85,98,5.5,193,59,115,137,0.52,68,3.9,35.5,16.0,0,5824,6.6,25,21,3,13.0,6,M,si,ligero
PAC009604,19,68.5,171,23.4,65,79,107,71,84,60,4.5,190,74,91,129,0.74,111,0.9,46.3,14.4,12,9244,8.7,0,3,3,3.0,4,M,si,sedentario
PAC009605,73,77.3,190,21.4,112,101,115,101,87,136,6.4,294,45,79,148,1.22,89,4.3,14.9,13.3,0,2721,7.3,9,0,5,12.7,10,M,si,activo
PAC009606,18,72.9,166,26.5,60,100,101,74,93,94,6.6,218,38,44,125,0.6,113,0.1,31.8,12.3,4,5347,8.0,19,28,1,9.3,8,F,si,activo
PAC009607,22,50.8,169,17.8,79,100,124,59,63,105,6.0,193,64,112,77,1.13,93,0.1,40.6,12.6,11,12341,8.4,12,9,4,5.4,4,M,si,ligero
PAC009608,43,73.5,167,26.4,63,80,111,62,51,61,5.2,152,77,143,40,0.83,107,4.3,32.5,14.1,11,10832,9.7,17,0,6,7.3,6,M,si,activo
PAC009609,18,70.1,171,24.0,70,111,124,76,69,64,5.4,196,52,73,58,1.12,129,0.1,41.7,14.8,6,12241,7.0,4,0,6,8.3,2,M,no,ligero
PAC009610,27,75.1,163,28.3,79,103,129,58,54,87,4.3,160,64,118,71,1.25,87,2.8,46.5,13.3,10,10976,6.8,8,0,4,3.4,1,M,si,ligero
PAC009611,28,76.4,159,30.2,70,91,115,75,78,84,5.2,193,78,126,127,0.84,63,0.5,31.6,10.5,4,8791,7.3,19,38,2,9.6,4,F,no,ligero
PAC009612,47,86.6,167,31.1,86,101,156,96,88,101,5.6,174,55,146,166,0.4,65,5.2,33.8,15.8,1,6164,6.9,12,7,1,9.8,1,F,si,sedentario
PAC009613,31,75.5,164,28.1,88,101,110,79,76,75,5.1,191,52,99,115,1.22,88,0.1,33.7,14.5,8,8537,9.5,0,5,7,4.4,2,M,si,ligero
PAC009614,18,40.0,159,15.8,112,93,112,66,65,106,4.1,187,88,106,40,0.94,128,2.7,33.2,12.5,8,5698,7.4,6,4,6,4.3,0,F,si,ligero
PAC009615,18,50.6,166,18.4,77,94,134,80,83,78,4.8,171,55,106,40,1.27,126,3.2,20.9,10.5,6,7842,7.0,15,19,5,9.4,3,F,no,activo
PAC009616,67,88.0,205,20.9,98,79,140,102,87,129,8.1,238,52,195,354,1.43,69,4.7,40.3,13.6,0,1495,7.7,17,0,2,9.3,8,F,no,ligero
PAC009617,63,58.4,200,14.6,117,96,153,87,91,160,6.2,267,26,125,243,1.29,90,7.3,42.8,13.9,0,4373,8.3,7,0,4,13.0,6,F,si,sedentario
PAC009618,18,56.0,162,21.3,103,79,121,71,78,86,4.5,218,68,118,148,1.24,94,3.2,17.1,9.7,7,11220,9.1,37,23,1,8.5,6,F,no,ligero
PAC009619,80,91.6,146,43.0,93,78,184,96,75,134,5.3,214,52,143,191,1.05,86,3.8,26.0,15.7,0,640,6.6,0,15,4,13.3,5,M,no,sedentario
PAC009620,32,67.9,160,26.5,104,100,114,70,77,85,5.3,159,85,76,124,1.14,94,2.8,14.9,12.9,2,7701,9.3,21,6,0,12.3,6,M,no,activo
PAC009621,24,76.7,181,23.4,62,103,97,65,65,70,5.2,221,63,70,40,0.86,97,1.6,44.6,14.3,7,8781,7.6,11,0,5,4.4,4,M,no,sedentario
PAC009622,28,69.3,163,26.1,88,99,106,81,60,95,5.5,211,59,148,142,0.83,130,0.1,37.5,15.5,11,10636,8.9,8,6,5,7.6,1,M,no,activo
PAC009623,18,56.6,156,23.3,87,102,119,66,64,89,4.0,143,67,104,52,0.84,130,2.1,29.7,13.2,10,11092,7.8,8,0,3,10.4,4,M,si,ligero
PAC009624,69,103.4,140,52.8,99,108,154,98,75,110,5.9,251,53,148,166,0.44,34,3.1,48.3,17.0,0,7708,6.1,15,6,3,14.1,6,M,no,sedentario
PAC009625,84,81.5,148,37.2,116,98,162,114,69,79,4.7,246,29,169,148,0.4,67,4.3,22.3,16.3,2,5052,5.2,27,0,4,9.3,8,F,no,ligero
PAC009626,22,65.0,164,24.2,105,107,134,67,53,74,5.4,185,68,70,166,1.14,105,0.6,27.0,14.9,3,10832,8.5,14,10,4,6.5,2,M,no,activo
PAC009627,27,76.7,166,27.8,83,105,126,69,55,71,4.9,135,61,130,75,0.97,97,6.8,38.5,15.7,11,13088,8.9,1,8,4,8.2,5,M,si,activo
PAC009628,90,92.9,162,35.4,102,98,165,100,75,103,5.4,203,38,150,305,0.46,73,3.3,14.9,15.0,3,3882,7.1,7,8,3,11.4,5,F,no,activo
PAC009629,53,82.7,148,37.8,95,107,144,101,59,102,6.0,262,52,124,101,0.48,78,7.7,39.7,15.1,5,4671,8.5,6,12,2,13.6,5,F,no,ligero
PAC009630,69,88.6,148,40.4,107,97,166,112,79,110,5.3,201,46,136,199,0.4,50,6.1,43.4,15.6,2,6219,6.6,5,9,2,13.5,8,F,si,ligero
PAC009631,23,66.9,175,21.8,82,95,146,51,72,70,4.1,194,61,115,178,0.97,126,4.2,36.7,15.8,7,9227,7.1,0,0,7,5.2,2,M,si,activo
PAC009632,33,70.2,146,32.9,107,89,99,76,82,86,6.2,185,80,113,121,0.97,98,1.6,37.1,13.9,4,7383,7.4,14,20,0,7.9,4,M,si,ligero
PAC009633,67,96.5,193,25.9,113,116,143,79,71,138,6.7,227,25,159,201,1.38,50,7.0,35.8,14.6,3,5713,11.0,9,13,2,11.7,10,F,si,sedentario
PAC009634,22,61.6,160,24.1,65,94,119,72,95,90,4.8,190,54,121,58,0.8,103,0.1,6.2,13.6,10,6307,9.3,22,19,2,7.2,7,F,no,ligero
PAC009635,60,75.6,181,23.1,138,102,159,83,80,124,6.6,244,50,156,200,1.38,78,5.2,33.0,16.5,1,5292,10.6,13,2,1,12.5,6,M,si,ligero
PAC009636,23,75.0,163,28.2,65,95,124,66,63,60,6.2,182,62,85,152,1.22,128,0.1,31.3,12.9,10,8961,8.7,7,1,7,4.2,2,M,no,sedentario
PAC009637,35,88.8,170,30.7,71,93,124,68,65,64,4.0,237,76,137,137,1.23,79,1.9,30.7,12.9,10,14371,8.2,6,0,5,2.9,3,F,no,ligero
PAC009638,82,72.2,201,17.9,111,98,138,75,70,142,7.0,243,55,150,218,1.46,79,6.1,34.5,15.4,0,500,9.8,10,5,1,7.6,6,F,si,sedentario
PAC009639,61,99.7,201,24.7,122,108,125,87,80,155,7.6,236,33,140,308,1.08,86,8.6,55.5,16.8,0,5998,10.1,15,2,0,9.0,9,F,no,sedentario
PAC009640,24,54.8,174,18.1,80,102,112,70,94,120,4.8,226,55,68,68,1.03,82,5.1,22.0,10.5,0,8459,8.9,18,27,0,6.9,5,M,no,activo
PAC009641,61,94.4,147,43.7,91,115,163,92,69,108,6.5,211,57,139,193,0.58,72,2.7,39.2,15.6,0,3663,7.4,21,0,3,11.3,5,F,no,ligero
PAC009642,68,71.8,153,30.7,90,103,180,99,70,94,6.1,191,42,141,197,0.4,83,5.8,28.1,15.0,7,5215,6.1,7,5,3,15.5,8,F,no,ligero
PAC009643,62,99.5,154,42.0,114,91,150,89,72,96,5.5,233,56,121,223,0.4,71,5.1,41.0,15.4,0,10103,4.5,12,16,4,14.9,10,F,si,sedentario
PAC009644,63,84.7,197,21.8,96,93,131,78,71,117,8.5,220,43,171,310,1.37,102,6.7,25.6,14.9,1,9232,10.6,4,1,1,14.2,5,F,si,sedentario
PAC009645,62,115.6,196,30.1,110,117,122,97,70,102,7.4,232,25,168,280,1.27,49,8.7,49.1,15.8,6,5029,9.5,17,10,0,11.7,4,F,si,sedentario
PAC009646,86,123.6,186,35.7,120,97,131,90,80,124,6.9,198,28,207,215,1.29,80,6.7,34.5,13.5,0,5613,8.0,14,0,1,10.5,10,F,si,activo
PAC009647,59,75.6,184,22.3,110,100,135,70,77,101,6.3,223,27,169,277,0.98,95,11.2,29.9,13.8,4,4473,7.6,15,2,0,11.1,6,M,no,activo
PAC009648,18,42.1,161,16.2,83,105,106,82,64,109,5.0,175,66,116,40,0.89,104,2.6,44.7,17.6,8,14141,8.8,7,0,5,7.9,0,M,no,ligero
PAC009649,79,84.5,193,22.7,137,109,133,89,78,134,8.0,302,28,165,310,1.55,80,9.3,40.8,14.5,0,4303,8.7,9,9,2,15.0,5,M,si,sedentario
PAC009650,59,108.1,194,28.7,116,107,107,95,80,101,7.3,276,30,183,251,1.06,59,7.8,43.9,14.0,0,6130,10.2,11,0,2,11.7,6,F,si,sedentario
PAC009651,70,76.0,160,29.7,124,102,149,92,81,86,5.5,165,62,181,130,0.49,70,4.9,32.4,18.2,4,5023,7.6,12,6,2,12.4,7,F,no,sedentario
PAC009652,52,104.8,205,24.9,119,111,131,89,75,130,6.4,282,35,132,234,0.88,100,11.2,41.2,14.2,0,740,8.5,13,0,1,10.2,7,M,si,ligero
PAC009653,81,96.7,193,26.0,127,89,140,87,61,124,7.2,186,38,146,256,0.96,49,10.8,45.0,15.4,1,683,8.0,17,1,2,10.8,6,M,si,ligero
PAC009654,31,51.4,153,22.0,72,115,123,61,62,95,6.3,198,53,97,80,1.36,104,1.7,36.0,10.8,11,12163,6.1,18,0,5,6.3,5,F,no,sedentario
PAC009655,18,51.4,164,19.1,74,94,114,85,69,89,4.8,169,70,113,116,0.84,101,0.8,22.0,14.5,11,18367,6.5,0,2,6,5.8,3,F,si,sedentario
PAC009656,18,55.3,155,23.0,81,92,124,68,91,97,5.3,174,37,122,153,0.92,82,3.3,31.3,12.4,3,9894,9.6,26,23,2,5.8,8,F,no,sedentario
PAC009657,72,88.4,140,45.1,119,93,137,104,66,117,5.1,246,44,151,190,0.4,89,5.4,26.3,14.5,0,1858,8.0,18,12,3,12.3,4,M,no,sedentario
PAC009658,41,101.5,193,27.2,109,111,136,84,90,145,6.2,205,37,153,289,1.22,82,6.6,53.0,14.1,0,500,10.1,11,1,0,7.2,9,M,si,ligero
PAC009659,24,51.4,163,19.3,80,86,143,60,58,87,5.8,182,80,71,114,1.32,91,0.1,47.8,15.0,8,9549,9.9,8,10,4,7.5,5,F,no,sedentario
PAC009660,63,96.5,198,24.6,116,116,164,85,85,153,7.4,256,36,188,197,0.93,73,1.9,49.6,12.6,1,7194,9.2,14,7,2,10.8,10,M,si,ligero
PAC009661,48,51.5,166,18.7,60,97,114,69,61,72,5.6,249,68,80,130,1.2,98,5.2,31.2,15.1,6,17161,8.6,13,0,3,4.3,2,M,si,sedentario
PAC009662,18,80.6,149,36.3,96,85,113,86,81,94,4.9,110,38,75,82,0.89,103,6.0,18.3,12.1,5,4151,7.7,17,31,0,9.9,6,M,no,ligero
PAC009663,32,75.4,172,25.5,84,118,133,74,88,83,4.7,160,83,88,70,0.77,77,1.6,13.2,11.3,4,500,7.4,28,30,3,10.0,6,F,no,sedentario
PAC009664,57,83.0,195,21.8,127,92,136,90,71,143,6.4,266,25,127,230,1.22,69,7.2,34.0,15.0,0,2347,10.7,6,13,0,7.9,8,M,no,ligero
PAC009665,18,63.7,178,20.1,88,89,92,71,71,74,5.8,189,72,102,53,1.02,117,0.1,49.1,17.0,12,14114,7.0,2,5,9,6.9,1,M,si,sedentario
PAC009666,61,95.8,193,25.7,113,96,143,75,77,153,7.6,262,25,182,267,1.01,103,4.1,52.6,14.6,0,8479,11.0,0,0,0,11.2,6,F,si,ligero
PAC009667,78,98.9,191,27.1,99,89,122,83,87,122,6.5,214,25,180,257,1.21,65,4.8,33.1,15.4,0,2703,10.5,11,10,0,11.4,10,M,no,sedentario
PAC009668,71,86.4,186,25.0,129,120,127,74,85,136,5.4,282,34,134,180,0.97,111,8.2,57.0,14.3,0,5176,10.3,13,0,2,8.5,8,F,si,sedentario
PAC009669,79,106.0,194,28.2,121,109,109,79,80,122,8.3,227,31,151,262,1.4,57,5.7,40.9,16.1,0,1447,8.8,5,20,0,13.1,10,M,si,sedentario
PAC009670,67,109.3,140,55.8,131,96,172,103,66,104,6.1,254,45,158,200,0.62,97,5.4,42.4,17.4,0,1164,6.6,0,9,4,10.6,5,M,no,sedentario
PAC009671,23,68.9,172,23.3,90,106,138,57,64,99,5.4,241,58,163,141,1.06,88,1.3,47.6,13.3,4,15792,8.9,0,0,7,8.4,4,M,no,ligero
PAC009672,81,96.3,193,25.9,104,119,160,77,78,117,5.9,243,52,146,378,1.21,92,13.3,41.2,13.4,3,5406,8.7,13,11,3,13.0,8,M,si,activo
PAC009673,34,58.7,152,25.4,85,96,126,78,94,98,4.5,154,54,81,169,0.96,98,3.4,22.7,10.9,5,11523,7.0,24,19,4,12.8,7,M,no,activo
PAC009674,86,85.4,158,34.2,114,107,181,107,86,122,6.4,127,57,177,168,0.53,65,5.6,22.6,15.1,1,7396,6.0,3,4,1,12.6,8,F,no,sedentario
PAC009675,73,90.6,205,21.6,138,123,131,81,95,130,8.0,207,25,174,163,1.04,88,3.0,50.2,15.3,2,7986,8.8,2,1,0,14.2,5,F,si,sedentario
PAC009676,18,55.8,147,25.8,79,75,124,81,85,84,5.6,236,42,134,101,1.05,93,0.2,14.1,10.1,5,12638,7.1,7,31,3,9.9,7,M,si,sedentario
PAC009677,35,58.1,168,20.6,91,99,114,70,65,99,4.7,181,100,113,71,0.79,120,0.1,37.9,16.2,5,11961,8.0,0,0,8,3.6,2,M,no,sedentario
PAC009678,88,71.3,140,36.4,116,105,142,95,79,98,6.5,255,59,152,141,0.7,79,2.8,33.4,13.9,4,4724,7.1,6,0,3,9.5,9,F,no,sedentario
PAC009679,46,96.8,145,46.0,124,121,170,96,74,108,6.3,253,39,167,160,0.4,46,4.7,23.9,16.0,0,1833,5.8,0,1,2,13.0,5,F,si,ligero
PAC009680,78,87.9,152,38.0,122,110,148,109,78,73,6.1,205,67,157,231,0.7,75,2.4,28.2,15.7,1,7488,6.0,18,10,5,14.1,8,F,no,sedentario
PAC009681,24,73.9,164,27.5,77,105,120,68,64,85,5.8,190,60,119,64,1.03,102,1.4,35.7,14.4,11,14358,7.3,14,0,8,3.6,3,F,no,sedentario
PAC009682,74,106.7,147,49.4,99,92,160,97,92,123,6.0,264,40,153,151,0.51,102,4.1,26.1,16.8,2,5449,4.6,9,5,2,13.6,6,M,no,sedentario
PAC009683,78,94.5,152,40.9,117,105,137,98,74,110,6.2,187,55,162,206,0.53,81,4.4,37.0,16.8,3,4087,6.7,10,0,2,14.9,4,M,no,ligero
PAC009684,86,96.6,188,27.3,131,103,125,73,97,134,8.4,229,38,172,242,1.19,58,6.9,32.1,15.6,1,500,8.8,8,16,1,8.6,8,F,no,sedentario
PAC009685,23,50.4,164,18.7,100,88,108,87,73,76,5.5,167,74,155,40,0.63,91,0.1,19.6,13.2,5,8086,7.8,33,27,1,10.5,10,M,no,ligero
PAC009686,34,71.3,168,25.3,90,101,101,68,84,73,5.2,181,69,115,119,0.82,104,5.5,16.5,13.8,6,9580,9.0,19,26,1,8.4,10,F,si,sedentario
PAC009687,36,88.3,188,25.0,126,96,158,72,92,142,6.6,269,25,188,386,1.1,86,4.1,23.2,16.1,0,2497,7.9,0,0,2,9.0,8,M,no,ligero
PAC009688,33,65.0,160,25.4,80,114,112,55,63,64,4.8,165,84,124,146,0.93,98,0.1,27.6,15.1,9,12719,10.6,6,4,4,2.3,2,M,si,activo
PAC009689,45,64.6,169,22.6,90,106,126,65,50,87,4.0,171,71,122,67,1.2,116,0.9,33.3,15.6,8,11328,6.7,0,0,6,4.7,2,F,si,sedentario
PAC009690,18,68.4,178,21.6,60,112,102,72,57,75,5.3,194,78,65,64,1.15,85,0.1,43.4,13.6,9,12648,7.9,0,3,5,6.8,4,M,no,activo
PAC009691,27,81.3,169,28.5,82,96,103,85,63,94,5.2,155,62,54,75,1.05,102,0.1,45.2,17.0,10,15280,6.1,3,1,7,6.8,1,M,no,ligero
PAC009692,31,87.3,148,39.9,86,96,105,70,83,119,4.0,110,40,172,89,0.89,82,2.1,27.0,13.5,5,5658,6.9,14,18,2,9.6,7,M,si,sedentario
PAC009693,32,69.9,161,27.0,84,88,92,52,69,80,4.4,189,63,111,73,1.27,101,0.9,26.3,14.6,10,10811,7.6,0,5,4,3.0,5,M,no,sedentario
PAC009694,23,66.0,147,30.5,79,102,125,76,73,81,5.9,228,57,126,156,0.94,105,2.6,22.9,13.1,6,3813,9.6,27,19,2,8.1,7,M,no,activo
PAC009695,58,85.4,205,20.3,129,92,150,88,80,135,6.8,270,25,161,217,1.05,62,8.9,38.9,11.1,0,8284,5.6,9,0,3,19.7,9,F,si,activo
PAC009696,24,78.7,148,35.9,81,85,134,75,75,78,5.6,135,56,104,127,1.11,61,2.0,38.3,14.3,8,10397,6.5,0,11,7,3.5,6,F,no,ligero
PAC009697,28,68.8,171,23.5,77,103,130,86,63,109,4.7,151,56,135,40,1.19,114,0.3,26.3,13.3,12,10647,9.3,0,0,5,7.9,4,F,no,sedentario
PAC009698,87,93.6,195,24.6,123,108,130,86,80,153,7.3,238,57,190,309,1.35,77,9.0,27.4,12.9,0,1085,8.1,24,6,2,12.6,7,M,si,sedentario
PAC009699,27,75.4,156,31.0,91,105,129,64,69,82,4.3,191,48,134,98,0.94,101,0.1,21.9,11.0,7,7270,6.0,21,20,3,8.4,9,M,no,ligero
PAC009700,36,58.9,146,27.6,84,107,120,63,91,90,5.2,233,67,128,102,1.18,124,3.7,16.7,10.1,6,6701,9.2,22,27,1,9.3,10,M,no,activo
PAC009701,24,50.7,155,21.1,91,92,98,75,90,91,5.4,205,69,98,65,0.65,76,2.2,11.5,10.6,4,1221,8.2,14,12,0,10.6,6,F,si,ligero
PAC009702,37,56.9,161,22.0,71,84,121,62,90,93,5.2,212,63,115,117,0.71,104,5.4,21.9,13.2,12,7909,6.2,25,34,2,12.3,8,F,no,ligero
PAC009703,64,73.7,145,35.1,105,98,163,105,70,109,4.5,271,28,133,176,0.4,65,6.1,33.9,18.3,1,3608,5.6,6,0,2,12.0,10,M,si,sedentario
PAC009704,43,109.9,196,28.6,94,103,150,83,75,137,7.5,215,29,177,292,1.42,64,8.6,31.0,15.8,3,4612,9.7,8,9,3,14.3,8,F,si,sedentario
PAC009705,78,86.1,148,39.3,108,91,175,94,93,93,5.6,192,64,156,136,0.75,78,2.5,30.1,19.0,0,5641,7.2,1,4,2,7.8,3,M,si,sedentario
PAC009706,18,60.5,160,23.6,89,87,129,68,91,87,4.3,142,70,137,120,0.83,85,1.3,22.7,13.5,5,7139,8.5,13,39,0,8.5,9,F,si,activo
PAC009707,59,104.4,194,27.7,107,101,140,72,78,154,6.4,251,48,153,339,1.35,74,3.5,17.1,15.4,0,500,8.3,7,1,4,9.7,5,M,no,sedentario
PAC009708,53,78.8,186,22.8,122,111,152,91,95,140,8.6,285,36,152,320,1.14,49,7.0,47.1,13.1,0,3658,9.5,9,1,1,6.1,9,F,no,ligero
PAC009709,18,70.5,172,23.8,85,88,124,75,54,83,5.1,171,40,112,68,1.23,94,6.0,41.4,16.2,9,11853,7.5,0,0,7,5.2,0,F,no,activo
PAC009710,70,74.2,140,37.9,92,105,163,92,76,89,6.3,209,39,170,168,0.4,83,6.3,38.8,16.7,1,1137,6.2,12,3,1,20.0,7,F,no,sedentario
PAC009711,62,93.0,184,27.5,117,101,109,95,79,124,7.6,250,35,131,269,1.29,94,9.1,27.3,15.7,3,1065,9.2,12,0,0,14.0,7,F,no,sedentario
PAC009712,74,90.3,188,25.5,127,97,124,89,80,137,7.5,292,25,124,208,0.95,46,9.3,36.7,15.7,0,3157,8.8,6,7,3,8.5,5,M,si,sedentario
PAC009713,22,88.4,158,35.4,112,111,123,81,90,89,5.7,208,72,112,144,0.82,101,0.1,9.5,10.9,1,7386,10.0,37,24,3,7.1,9,F,no,ligero
PAC009714,49,47.0,163,17.7,87,92,103,70,55,91,6.1,163,77,150,222,1.07,88,0.1,47.5,17.0,3,7950,7.4,7,0,4,6.7,0,M,no,activo
PAC009715,28,68.6,167,24.6,92,106,111,59,61,76,4.9,171,80,75,210,1.13,94,0.1,39.5,14.3,9,16383,8.8,0,0,6,4.7,0,F,no,activo
PAC009716,75,92.1,140,47.0,102,108,168,110,86,85,5.1,210,46,128,127,0.55,69,5.8,27.7,15.8,0,9043,4.0,5,0,1,13.8,8,F,si,ligero
PAC009717,73,115.3,153,49.3,120,81,147,92,77,89,5.8,281,40,164,244,0.61,47,0.1,35.0,16.9,2,2966,6.1,13,0,2,15.1,6,M,si,ligero
PAC009718,77,96.6,143,47.2,119,94,174,102,84,104,5.6,176,32,75,226,0.45,70,3.1,28.4,15.9,0,6431,5.4,5,0,5,10.4,5,M,no,ligero
PAC009719,77,99.7,140,50.9,126,100,169,103,85,60,5.5,233,38,163,88,0.44,100,0.7,31.2,17.9,0,1150,6.4,3,3,1,12.4,8,M,si,sedentario
PAC009720,21,93.4,174,30.8,91,98,131,78,81,102,4.7,198,69,75,110,0.84,68,5.1,36.8,11.9,5,7476,9.7,11,21,0,10.6,2,M,no,ligero
PAC009721,75,84.5,196,22.0,110,110,151,80,92,158,6.9,211,25,122,213,0.92,92,5.3,39.6,13.7,0,3232,10.4,6,14,0,12.8,4,F,si,sedentario
PAC009722,68,96.0,157,38.9,87,112,169,108,80,103,5.8,192,56,170,206,0.6,72,5.9,35.7,17.1,5,8878,4.6,1,8,1,9.1,10,F,si,sedentario
PAC009723,18,58.1,155,24.2,85,105,159,77,100,91,5.6,193,79,98,143,0.92,108,0.8,28.3,12.0,0,6794,8.6,16,38,2,8.7,10,F,no,sedentario
PAC009724,64,90.1,204,21.7,119,100,138,85,84,122,8.2,215,40,135,241,1.06,96,9.2,43.9,14.1,0,1296,9.3,7,22,0,11.2,8,M,no,ligero
PAC009725,68,92.9,202,22.8,111,99,134,68,65,132,6.2,209,38,143,207,0.84,67,7.7,46.1,15.8,0,500,8.2,7,0,1,12.6,7,F,si,sedentario
PAC009726,24,73.2,164,27.2,69,100,106,65,69,77,6.3,193,58,115,88,0.88,92,2.4,31.3,14.5,10,11925,9.5,14,0,6,7.1,4,M,no,sedentario
PAC009727,66,114.4,202,28.0,103,106,142,96,65,141,7.2,285,42,102,247,1.16,99,10.1,48.0,14.2,0,3932,7.5,9,12,2,11.3,4,F,no,sedentario
PAC009728,59,85.6,181,26.1,124,101,145,76,69,118,8.1,245,53,173,278,1.1,62,5.7,42.5,16.3,0,2476,9.5,20,0,2,9.6,5,F,si,sedentario
PAC009729,19,71.3,187,20.4,79,92,133,71,62,102,5.7,178,67,66,75,0.96,130,1.2,34.8,12.6,10,18685,7.4,10,0,3,2.0,1,F,no,ligero
PAC009730,18,60.4,173,20.2,82,105,101,67,73,87,5.9,195,54,107,89,0.78,91,3.5,27.9,11.6,1,9886,6.9,12,36,3,7.4,10,M,no,sedentario
PAC009731,73,67.3,144,32.5,104,85,138,85,70,93,5.6,214,28,154,129,0.44,43,3.2,25.1,16.1,0,2311,6.0,9,3,2,13.1,8,M,no,ligero
PAC009732,18,53.3,166,19.3,69,104,107,88,61,70,4.6,179,49,98,40,0.7,115,2.0,29.1,14.3,10,13073,6.6,3,2,5,9.9,2,M,no,ligero
PAC009733,68,99.8,186,28.8,114,119,133,96,73,140,7.7,201,29,92,284,1.12,82,6.3,37.8,15.7,2,1977,7.8,0,18,2,9.1,9,M,no,ligero
PAC009734,83,72.7,140,37.1,100,112,150,115,57,88,4.7,243,41,146,174,0.57,92,5.9,36.1,14.5,0,5550,6.3,10,0,2,13.9,10,F,si,ligero
PAC009735,42,80.5,169,28.2,77,98,112,71,72,78,5.8,136,72,79,182,1.03,114,5.0,40.7,12.0,9,2092,8.1,27,29,1,8.4,6,M,no,ligero
PAC009736,21,58.5,152,25.3,85,80,121,71,77,105,5.6,191,76,79,109,0.68,78,3.6,13.7,14.4,6,9821,8.9,16,27,0,9.9,9,M,si,ligero
PAC009737,57,93.0,195,24.5,117,100,128,94,81,137,8.4,207,34,130,162,0.99,94,9.7,42.0,15.2,0,4412,8.0,8,6,1,13.0,7,F,si,ligero
PAC009738,73,105.0,140,53.6,116,89,147,99,72,102,5.0,236,51,188,252,0.4,87,8.7,23.8,16.2,0,3859,5.1,2,0,2,9.4,7,F,si,sedentario
PAC009739,23,90.7,170,31.4,97,96,150,68,86,97,5.2,173,63,201,138,1.28,81,0.7,15.3,11.2,2,12037,7.0,21,26,2,8.9,8,F,no,activo
PAC009740,61,113.4,205,27.0,112,110,148,84,72,134,6.6,260,25,100,369,1.18,88,2.0,17.4,14.5,0,500,9.7,2,0,1,11.1,10,F,si,ligero
PAC009741,84,95.7,151,42.0,102,106,148,108,79,115,5.9,179,55,146,231,0.41,56,8.2,38.0,15.7,0,5413,7.2,10,2,2,7.4,9,M,no,sedentario
PAC009742,45,77.0,173,25.7,74,95,107,74,45,64,5.3,177,74,116,62,1.13,102,0.3,48.4,16.8,7,13694,6.4,7,6,6,6.8,1,F,si,ligero
PAC009743,24,79.4,181,24.2,92,98,94,84,65,95,5.4,193,63,96,44,1.39,109,0.1,24.0,15.3,12,5136,7.9,2,7,4,7.4,7,M,no,ligero
PAC009744,33,88.5,177,28.2,75,79,104,83,67,87,4.0,197,47,60,171,1.02,92,0.8,26.7,16.2,9,10270,6.4,0,5,4,7.7,4,F,no,ligero
PAC009745,18,57.4,151,25.2,80,112,119,79,91,113,4.7,153,67,139,112,1.01,94,2.4,43.5,11.3,0,5686,8.1,19,21,0,8.8,6,F,no,ligero
PAC009746,19,89.1,156,36.6,107,83,98,87,78,84,5.0,211,48,83,178,1.13,82,3.0,41.4,9.0,6,8234,8.8,22,29,3,11.7,9,M,no,ligero
PAC009747,64,92.9,140,47.4,112,95,157,113,88,128,5.9,183,29,116,246,0.4,66,3.4,28.9,15.2,2,1777,5.2,22,0,4,12.9,7,F,no,sedentario
PAC009748,36,92.6,197,23.9,121,89,164,92,76,125,7.0,235,50,161,267,1.19,60,6.8,27.0,14.8,0,2731,8.3,7,0,1,12.6,8,F,no,sedentario
PAC009749,64,80.4,189,22.5,120,91,137,84,69,122,7.7,199,36,131,204,0.92,55,6.5,26.3,12.8,0,500,10.2,8,6,4,11.8,9,M,si,ligero
PAC009750,60,66.9,194,17.8,94,106,158,87,83,137,8.4,230,36,165,238,0.96,83,6.6,43.9,12.0,2,4720,10.5,17,5,1,10.6,7,F,no,ligero
PAC009751,35,63.3,160,24.7,109,96,134,74,78,82,6.2,191,60,50,137,0.4,113,4.6,9.1,12.1,5,11277,7.9,28,15,4,8.0,5,F,no,activo
PAC009752,20,63.2,169,22.1,79,123,116,71,68,98,5.1,127,51,100,103,1.11,118,0.1,27.6,16.3,7,10572,8.8,0,0,5,7.0,2,M,no,sedentario
PAC009753,70,84.6,198,21.6,112,100,138,83,85,120,6.2,253,44,159,279,1.14,56,7.3,23.2,13.9,1,500,8.6,17,2,2,9.2,5,M,si,sedentario
PAC009754,75,93.3,196,24.3,105,78,125,71,78,123,5.9,227,50,141,326,1.16,38,9.6,49.2,17.0,0,8996,8.5,3,10,2,12.4,10,M,si,ligero
PAC009755,66,85.3,201,21.1,101,107,126,82,90,132,7.3,220,25,177,182,1.17,88,4.7,31.0,14.8,0,1406,5.3,10,0,1,10.3,8,M,si,sedentario
PAC009756,29,61.6,158,24.7,98,82,129,87,88,114,6.4,209,74,138,111,0.97,85,7.7,29.7,10.9,3,8661,9.6,27,14,0,8.4,6,F,no,ligero
PAC009757,47,56.9,148,26.0,116,97,126,75,84,89,6.9,173,39,90,40,0.48,114,0.1,15.6,11.0,4,9437,8.8,16,24,3,10.2,10,M,no,ligero
PAC009758,48,84.8,201,21.0,110,101,142,81,80,127,8.0,247,35,160,318,1.2,27,5.6,44.3,12.3,0,969,9.1,16,5,4,10.9,6,F,no,ligero
PAC009759,18,43.6,155,18.1,81,117,114,75,67,84,4.5,166,75,108,85,1.21,65,0.1,40.2,13.5,6,11708,10.0,0,9,6,7.8,2,F,no,activo
PAC009760,47,59.6,168,21.1,73,94,122,83,86,97,5.7,188,54,92,232,0.83,79,2.5,48.0,12.6,6,10588,7.1,21,12,2,10.6,10,M,si,ligero
PAC009761,85,84.9,149,38.2,99,80,194,87,79,96,5.3,233,32,130,168,0.4,77,6.4,32.8,17.6,0,9105,7.5,9,0,2,16.0,10,F,si,sedentario
PAC009762,59,60.7,172,20.5,99,109,160,91,72,102,4.6,210,65,159,245,0.75,54,1.3,29.5,17.2,6,7959,4.6,12,6,1,9.0,8,M,no,sedentario
PAC009763,81,99.4,205,23.7,107,109,125,96,76,159,7.4,257,41,160,278,0.71,68,5.5,22.6,16.0,0,3605,8.4,19,5,3,11.3,8,F,no,sedentario
PAC009764,84,83.7,194,22.2,110,113,144,78,83,112,7.5,221,44,154,337,1.12,88,6.4,41.9,16.6,3,3484,9.0,17,13,2,13.3,8,F,si,activo
PAC009765,31,72.9,151,32.0,91,92,113,75,90,78,5.4,226,53,140,161,0.79,108,3.9,42.4,10.7,7,1135,5.6,29,30,2,8.6,8,F,si,sedentario
PAC009766,77,109.0,147,50.4,121,93,147,94,88,73,6.7,232,47,136,231,0.54,77,3.6,35.7,15.9,3,4726,8.5,11,7,4,13.4,8,M,no,sedentario
PAC009767,35,60.7,151,26.6,96,87,135,64,60,103,4.0,180,60,50,118,1.31,110,0.1,48.4,15.0,4,16365,8.5,3,0,5,5.9,0,M,no,sedentario
PAC009768,18,87.1,179,27.2,93,86,150,89,65,79,6.0,158,41,120,184,0.57,106,2.4,24.0,11.2,6,6163,8.5,17,24,1,10.7,6,M,no,ligero
PAC009769,78,60.4,204,14.5,107,95,120,86,70,85,6.7,242,30,190,225,1.26,79,7.7,21.0,15.8,0,1370,9.9,15,12,2,10.6,10,M,si,activo
PAC009770,18,69.9,171,23.9,92,103,114,71,68,99,4.3,119,73,109,84,1.18,107,0.5,43.0,14.3,14,11838,9.3,14,0,5,8.0,2,F,no,activo
PAC009771,83,68.1,140,34.7,108,95,162,109,72,115,6.9,168,41,125,208,0.5,58,3.4,27.4,14.9,0,4992,5.9,10,13,3,13.5,6,F,si,activo
PAC009772,51,64.6,164,24.0,62,116,121,69,57,60,5.6,158,71,134,240,0.95,103,0.6,24.3,16.3,8,11759,7.3,0,3,5,2.0,6,F,no,ligero
PAC009773,23,59.2,144,28.5,88,93,115,70,85,91,5.8,150,52,77,52,0.98,92,0.9,21.0,10.8,6,6271,7.2,16,23,0,10.1,4,M,si,ligero
PAC009774,45,52.0,152,22.5,71,105,120,83,49,92,5.9,154,73,87,43,1.27,81,2.4,36.2,14.2,10,10573,9.7,0,0,7,5.5,4,F,no,ligero
PAC009775,23,76.0,154,32.0,93,90,151,72,87,98,5.3,166,66,114,67,0.89,96,3.4,24.2,11.0,5,8762,7.1,23,20,1,9.8,8,M,si,sedentario
PAC009776,25,54.0,166,19.6,108,97,104,55,86,86,5.8,167,67,93,40,0.9,94,2.4,20.5,12.3,9,10568,9.4,26,17,5,12.2,6,M,no,activo
PAC009777,61,83.0,140,42.3,122,109,147,115,53,91,5.4,185,58,162,139,0.63,65,7.3,28.9,17.0,1,7955,5.2,18,6,4,17.0,6,F,si,activo
PAC009778,22,71.6,169,25.1,79,94,128,60,54,84,4.7,173,77,113,40,0.77,83,0.1,31.2,14.0,11,13920,9.6,6,7,6,9.9,2,M,no,ligero
PAC009779,74,86.7,149,39.1,83,98,170,96,91,115,6.5,197,39,118,189,0.42,51,4.3,25.9,16.9,0,1958,6.0,22,16,1,17.5,5,M,si,sedentario
PAC009780,81,97.9,146,45.9,94,101,157,101,81,132,6.2,208,46,82,107,0.58,50,8.4,34.8,15.1,0,2785,5.2,23,0,0,12.9,4,F,no,sedentario
PAC009781,69,106.0,203,25.7,110,110,152,68,78,123,7.7,237,31,177,300,1.02,96,5.8,44.0,14.0,1,3460,7.5,6,17,0,14.7,4,M,si,sedentario
PAC009782,18,69.3,167,24.8,86,111,121,87,67,71,4.7,113,60,101,48,0.8,93,0.1,36.0,14.3,8,16308,8.1,6,0,4,7.7,2,F,si,ligero
PAC009783,49,78.3,199,19.8,132,92,167,80,87,136,7.4,275,55,122,235,1.28,69,6.7,35.3,18.0,0,6420,10.4,25,0,0,12.2,8,F,no,activo
PAC009784,49,68.9,140,35.2,90,92,146,114,81,134,6.0,214,50,155,140,0.4,65,2.3,35.1,15.2,0,2183,5.3,9,0,0,13.1,7,M,no,ligero
PAC009785,19,75.6,140,38.6,78,85,126,68,85,101,5.3,188,48,169,74,1.16,123,2.7,25.0,10.1,3,13331,6.8,11,24,4,6.5,8,M,si,sedentario
PAC009786,62,91.7,140,46.8,104,101,174,84,71,104,5.6,236,48,91,263,0.47,103,5.6,12.4,14.5,6,3433,6.2,2,7,2,13.5,10,M,no,sedentario
PAC009787,50,116.3,205,27.7,122,102,126,99,85,125,9.3,211,32,172,243,1.53,86,3.6,20.5,16.3,2,3678,7.6,15,1,3,13.6,5,F,si,sedentario
PAC009788,20,60.2,173,20.1,84,99,101,68,55,91,5.1,132,79,152,68,1.34,92,0.1,42.6,16.3,2,8960,10.4,0,0,4,2.0,0,F,no,activo
PAC009789,23,48.7,170,16.9,99,102,94,67,55,70,4.6,151,77,108,40,1.09,119,2.2,40.9,15.9,15,17377,9.9,6,3,5,3.3,3,F,no,sedentario
PAC009790,37,109.2,193,29.3,94,93,131,96,68,136,7.3,268,49,109,255,0.89,50,8.6,32.5,15.3,1,5831,7.9,18,0,1,7.9,5,M,si,sedentario
PAC009791,61,69.0,150,30.7,91,87,165,109,73,130,6.0,217,44,104,220,0.54,65,3.1,48.3,18.3,0,2604,6.2,6,1,1,8.5,6,M,no,activo
PAC009792,21,40.3,160,15.7,71,117,118,85,70,75,4.3,223,68,101,84,0.83,102,0.1,35.7,14.7,6,9218,8.0,8,0,4,7.3,1,F,no,activo
PAC009793,75,90.9,159,36.0,118,123,169,89,78,125,5.0,204,53,160,139,0.4,72,0.1,31.8,16.2,0,7827,7.0,7,2,2,14.1,9,F,si,ligero
PAC009794,90,94.6,181,28.9,121,102,133,90,90,116,6.9,225,35,174,301,1.01,91,5.7,31.6,16.5,0,2866,11.0,9,8,2,14.4,7,F,si,sedentario
PAC009795,76,61.3,181,18.7,120,89,138,77,72,134,7.0,210,37,173,267,1.08,63,5.9,36.6,16.5,0,4518,7.8,14,10,0,13.4,9,M,si,ligero
PAC009796,35,56.1,147,26.0,106,89,94,90,84,93,4.6,241,66,102,40,0.93,85,2.0,25.5,9.9,6,5272,7.2,16,31,2,10.7,7,M,no,sedentario
PAC009797,27,73.3,164,27.3,71,89,115,74,90,89,4.4,212,50,140,146,1.23,119,0.1,32.6,10.9,8,6908,8.3,14,26,2,14.8,6,M,no,ligero
PAC009798,18,85.4,155,35.5,102,91,149,77,71,71,6.5,241,53,80,122,0.98,113,4.9,15.0,12.1,3,4242,7.8,20,14,2,6.4,10,M,no,ligero
PAC009799,87,46.5,140,23.7,116,101,171,82,96,113,5.9,225,51,137,197,0.4,50,2.0,45.9,16.3,0,2430,6.0,19,12,3,9.2,8,F,no,sedentario
PAC009800,32,82.7,144,39.9,92,104,178,89,79,81,5.4,248,52,113,176,0.4,93,7.5,25.6,15.4,1,3341,6.0,7,11,2,11.7,6,F,no,sedentario
PAC009801,57,109.0,197,28.1,138,102,156,85,87,133,6.6,284,34,179,261,1.29,95,6.4,38.2,13.5,4,2936,9.8,9,1,0,14.1,9,F,no,ligero
PAC009802,42,71.7,174,23.7,87,97,115,70,54,87,4.5,169,60,138,118,0.9,98,0.1,43.2,14.1,7,13572,8.6,11,4,8,2.3,1,F,no,sedentario
PAC009803,68,94.3,203,22.9,125,90,136,81,68,121,7.2,244,41,127,261,1.3,58,7.9,41.5,15.8,0,2508,8.7,0,14,0,6.7,5,M,si,sedentario
PAC009804,49,76.3,169,26.7,96,110,113,76,45,103,5.3,181,97,87,105,0.58,112,0.8,28.6,17.1,8,7989,8.3,2,8,6,3.9,4,F,no,activo
PAC009805,18,68.8,158,27.6,77,96,141,75,104,68,6.1,162,61,111,171,1.06,91,2.7,24.6,12.2,5,6509,7.8,5,32,1,8.1,6,M,no,sedentario
PAC009806,31,49.1,155,20.4,78,88,107,83,67,100,5.7,259,61,117,40,1.11,130,5.8,39.1,15.1,13,16983,9.2,1,2,5,2.0,0,M,no,activo
PAC009807,27,91.5,174,30.2,68,110,101,91,73,74,6.0,237,66,66,145,0.77,130,0.1,32.8,15.4,10,16477,7.2,0,5,7,9.5,8,M,si,ligero
PAC009808,90,92.1,179,28.7,124,109,135,76,90,110,7.7,201,46,134,208,1.22,90,7.9,20.9,14.8,0,3324,7.5,20,8,4,11.0,5,F,no,activo
PAC009809,43,91.9,140,46.9,109,87,142,95,90,100,5.7,220,59,144,239,0.43,65,10.0,22.6,15.4,0,811,7.6,20,14,0,11.7,6,F,no,sedentario
PAC009810,59,88.9,205,21.2,127,109,152,80,78,119,7.7,246,56,150,239,1.02,79,8.9,32.9,16.0,0,9841,7.7,21,8,3,6.1,10,M,si,ligero
PAC009811,65,82.7,140,42.2,121,84,174,99,89,125,5.9,204,46,145,256,0.81,28,2.8,18.1,17.8,1,2426,7.0,0,3,4,8.0,5,M,no,sedentario
PAC009812,67,92.7,158,37.1,105,109,183,95,74,124,4.5,248,37,155,112,0.57,76,4.3,16.5,18.2,0,4163,7.5,10,18,2,11.0,8,F,no,activo
PAC009813,80,83.0,187,23.7,105,103,130,67,70,130,7.3,187,40,153,325,0.81,102,4.8,43.7,13.0,0,3400,9.5,17,0,3,11.5,3,F,si,sedentario
PAC009814,58,100.0,141,50.3,107,102,156,108,60,83,6.9,210,38,118,99,0.43,60,6.2,20.0,16.1,0,884,5.0,8,3,3,9.4,2,F,no,sedentario
PAC009815,90,86.1,148,39.3,102,85,159,92,80,85,5.7,242,58,126,163,0.4,56,3.6,25.4,15.7,0,4490,6.9,0,5,0,17.1,4,M,si,ligero
PAC009816,55,103.9,186,30.0,110,115,134,107,92,161,7.3,247,54,198,242,1.37,80,8.6,37.9,14.5,0,4676,9.2,20,0,2,10.8,9,M,no,ligero
PAC009817,55,84.7,197,21.8,123,101,159,88,79,122,5.8,254,28,185,290,1.15,68,7.9,23.7,15.8,0,1817,10.2,9,11,1,9.5,7,M,si,sedentario
PAC009818,87,76.7,154,32.3,122,103,154,104,83,118,6.4,216,39,84,189,0.55,65,5.9,45.2,16.2,3,5676,4.8,5,9,2,13.3,9,M,no,ligero
PAC009819,27,68.5,155,28.5,91,101,134,70,103,113,5.3,184,42,124,114,0.95,101,3.2,20.9,12.0,6,9505,7.9,12,19,4,7.8,10,M,si,sedentario
PAC009820,18,64.7,174,21.4,90,98,123,62,59,69,6.4,145,58,69,98,0.74,102,3.7,27.5,16.3,10,11061,8.2,0,15,6,9.3,1,F,no,ligero
PAC009821,75,95.4,160,37.3,115,114,138,83,80,104,5.1,208,55,127,226,0.69,76,4.5,33.4,17.8,0,4139,5.5,14,0,3,18.9,8,F,si,sedentario
PAC009822,71,88.9,141,44.7,117,90,168,108,74,98,6.2,231,47,161,121,0.4,90,8.5,41.3,17.3,2,6479,5.6,19,5,3,9.8,8,M,no,ligero
PAC009823,79,73.3,149,33.0,111,102,145,115,93,75,4.7,230,68,160,168,0.4,75,2.5,34.3,16.4,4,2527,7.0,18,0,2,14.8,4,M,no,sedentario
PAC009824,44,68.4,173,22.9,83,105,108,80,60,80,4.9,131,83,109,107,1.09,116,0.6,36.7,14.7,7,10375,7.4,1,0,5,8.4,7,F,si,activo
PAC009825,27,66.7,149,30.0,64,107,97,76,45,90,5.1,204,49,80,125,1.11,125,0.1,43.0,16.4,7,7857,6.1,4,5,4,7.9,3,M,no,ligero
PAC009826,90,71.9,150,32.0,114,111,153,105,77,107,5.8,257,60,140,191,0.4,82,4.6,24.3,15.8,0,2597,6.2,17,5,3,9.1,7,F,si,activo
PAC009827,84,90.4,200,22.6,118,83,136,77,71,138,5.8,266,31,125,269,1.11,77,5.0,13.8,17.4,0,5242,8.6,3,16,0,11.1,1,F,si,activo
PAC009828,33,73.3,159,29.0,87,94,103,68,61,70,5.3,244,50,139,90,1.09,98,0.1,39.9,15.3,8,12010,8.8,15,0,5,8.7,3,M,no,ligero
PAC009829,24,63.1,158,25.3,72,83,133,58,77,102,5.6,158,56,92,50,0.9,97,0.1,35.8,15.5,6,8756,6.9,0,0,6,9.6,8,F,no,ligero
PAC009830,26,71.3,164,26.5,60,107,105,66,69,70,5.4,175,71,53,72,1.31,78,0.1,40.4,15.7,7,13831,9.6,2,3,6,6.1,3,M,no,activo
PAC009831,18,90.7,176,29.3,88,93,106,61,73,100,6.4,194,44,138,152,0.69,110,4.4,36.8,12.7,5,5725,7.7,25,21,1,11.7,2,F,no,ligero
PAC009832,18,81.3,157,33.0,92,82,113,93,81,98,5.7,191,37,104,70,0.54,110,5.8,28.0,14.1,5,7078,6.4,18,35,0,4.7,10,F,no,sedentario
PAC009833,62,64.6,148,29.5,122,108,138,100,69,93,5.6,223,39,144,187,0.52,115,6.0,30.7,16.4,2,7661,8.1,2,1,1,16.4,3,M,si,ligero
PAC009834,35,53.1,156,21.8,70,100,114,64,53,79,4.8,200,57,109,151,1.21,109,0.1,45.0,13.6,10,10281,8.8,0,10,5,5.1,4,F,si,activo
PAC009835,61,109.9,194,29.2,110,103,126,85,68,139,7.0,219,25,162,254,0.84,106,1.9,23.8,12.8,3,2202,8.5,16,1,3,8.1,8,F,no,ligero
PAC009836,23,49.9,159,19.7,66,99,102,61,47,93,4.6,164,85,141,75,1.16,81,2.2,30.7,15.5,7,12543,9.4,6,4,4,7.5,3,F,no,sedentario
PAC009837,65,85.9,144,41.4,117,95,157,113,71,132,5.4,272,45,161,256,0.63,54,2.0,24.2,15.9,1,1923,7.1,10,12,0,9.0,8,M,si,sedentario
PAC009838,49,74.5,156,30.6,122,90,165,105,76,92,6.9,238,49,111,134,0.65,37,3.3,33.3,16.3,0,5661,4.3,3,1,4,13.6,10,F,no,sedentario
PAC009839,70,118.7,197,30.6,114,86,146,68,85,161,7.8,246,46,136,137,1.13,63,6.2,33.1,17.2,0,2158,9.3,12,3,1,13.0,5,F,no,activo
PAC009840,75,111.1,191,30.5,117,96,144,73,76,144,6.8,260,45,145,236,1.01,67,6.9,35.0,15.8,2,5115,9.8,20,17,1,7.7,8,M,no,sedentario
PAC009841,36,83.7,166,30.4,92,101,112,57,60,75,4.4,199,47,90,44,0.99,119,0.1,37.7,13.9,10,12967,9.7,0,2,7,5.5,5,F,no,sedentario
PAC009842,63,78.5,154,33.1,102,101,165,105,76,104,6.4,183,26,137,58,0.51,65,6.5,40.8,14.8,2,5273,6.5,5,4,4,14.8,7,F,si,ligero
PAC009843,71,84.5,205,20.1,114,110,160,85,87,138,6.9,310,41,137,227,1.29,54,6.4,42.8,14.3,0,6097,10.1,23,8,2,8.8,4,F,no,sedentario
PAC009844,73,69.3,152,30.0,74,88,173,96,81,68,7.1,247,49,151,173,0.8,84,8.6,31.6,17.0,1,7855,5.1,8,8,3,15.7,7,F,si,sedentario
PAC009845,68,97.4,188,27.6,114,101,164,82,77,139,7.0,275,27,176,286,1.17,80,7.5,25.2,16.5,0,1824,9.2,11,13,2,9.5,7,M,si,activo
PAC009846,58,69.6,146,32.7,107,97,154,120,74,122,6.5,252,42,128,130,0.63,94,0.2,34.8,13.6,2,4517,6.1,8,0,2,16.0,6,F,no,sedentario
PAC009847,33,72.1,164,26.8,78,85,126,73,68,93,5.1,131,85,100,99,1.17,89,1.7,44.6,13.9,7,12922,7.0,6,0,4,7.2,5,M,no,activo
PAC009848,77,78.7,150,35.0,100,95,125,91,85,76,6.0,185,46,143,128,0.43,78,4.3,40.9,17.0,0,6167,6.6,15,6,4,12.9,10,F,si,sedentario
PAC009849,26,83.1,148,37.9,65,112,119,90,82,98,4.8,209,52,55,52,0.84,82,6.2,18.0,12.3,2,12338,9.0,31,33,0,9.0,8,M,no,sedentario
PAC009850,18,45.2,152,19.6,98,104,117,84,75,78,5.4,179,77,114,61,1.42,73,0.1,32.8,15.2,8,7280,7.3,0,0,7,7.5,0,F,no,sedentario
PAC009851,83,79.4,148,36.2,84,93,135,94,90,110,5.3,199,53,164,144,0.46,91,0.1,31.4,15.4,0,8768,6.2,13,0,1,7.9,7,F,si,sedentario
PAC009852,90,92.7,140,47.3,92,90,163,89,67,88,6.1,226,46,85,180,0.4,66,4.9,37.8,13.6,4,2380,4.3,2,7,3,15.1,8,M,no,ligero
PAC009853,52,73.8,165,27.1,60,104,107,69,55,102,4.4,222,74,95,89,1.09,98,4.7,31.5,14.6,11,12556,7.8,24,1,7,5.3,2,M,no,ligero
PAC009854,46,96.9,160,37.9,101,106,127,63,77,79,4.8,197,67,104,92,0.77,106,5.4,22.6,11.3,8,6068,9.4,22,8,3,8.3,5,F,no,ligero
PAC009855,18,76.6,152,33.2,72,84,115,85,76,100,5.1,209,63,85,313,0.78,123,2.4,37.5,10.7,6,10244,8.5,17,8,1,7.9,7,M,si,sedentario
PAC009856,41,104.3,203,25.3,89,112,162,100,74,135,8.0,235,25,92,262,1.37,86,11.2,37.6,16.5,0,500,9.8,25,8,1,9.5,3,F,no,sedentario
PAC009857,61,80.1,191,22.0,139,108,150,91,87,144,7.2,214,59,174,294,1.16,85,6.2,43.9,15.6,0,2545,9.3,9,0,0,10.5,10,F,no,activo
PAC009858,69,126.5,200,31.6,104,109,123,83,74,121,7.4,314,50,181,182,1.54,92,6.5,52.6,17.7,0,2416,7.7,23,5,1,9.9,6,F,si,activo
PAC009859,24,79.3,167,28.4,86,94,109,59,57,109,4.0,192,90,138,48,0.87,91,0.3,51.4,16.2,7,15077,8.8,1,0,7,11.3,0,F,si,ligero
PAC009860,18,67.5,179,21.1,88,113,100,81,64,76,6.1,206,62,74,47,1.14,130,1.8,19.1,14.8,9,12197,8.4,6,9,6,9.3,2,M,si,sedentario
PAC009861,46,102.7,205,24.4,117,99,109,92,79,174,8.5,239,43,131,254,1.09,81,4.2,39.7,14.2,0,7369,9.4,7,4,2,7.5,7,M,si,sedentario
PAC009862,70,67.6,203,16.4,114,120,150,95,73,136,6.7,257,33,141,214,1.34,85,2.6,26.7,18.5,1,3772,10.1,2,0,4,13.1,7,F,no,ligero
PAC009863,83,99.7,202,24.4,113,102,128,88,74,130,6.8,241,34,143,277,1.0,70,7.5,37.3,14.7,2,4978,7.9,0,6,4,10.2,8,F,si,ligero
PAC009864,76,86.5,146,40.6,96,114,148,108,82,102,6.6,278,29,138,102,0.4,73,3.4,34.5,17.0,0,6811,3.3,0,0,3,11.7,10,M,no,ligero
PAC009865,59,100.7,140,51.4,110,87,150,103,74,99,5.1,191,53,161,201,0.63,81,3.3,38.2,18.0,2,1021,7.0,2,0,0,9.2,6,M,si,ligero
PAC009866,82,108.1,190,29.9,139,120,129,81,77,119,7.5,269,29,115,215,1.36,89,5.1,54.6,15.8,0,1630,8.5,0,6,3,8.6,7,F,si,sedentario
PAC009867,60,88.2,183,26.3,103,109,157,94,77,131,8.4,249,32,163,294,1.22,81,5.3,26.6,15.9,0,2652,7.4,18,7,1,7.9,10,F,si,ligero
PAC009868,61,97.4,193,26.1,104,88,157,100,61,113,8.2,254,49,160,280,1.11,92,6.1,45.4,16.4,3,3069,9.1,20,3,3,9.9,8,F,si,sedentario
PAC009869,56,82.2,146,38.6,72,110,102,91,90,79,4.4,165,41,104,72,1.19,105,1.5,22.6,11.6,8,8750,5.7,20,24,0,7.0,9,F,no,sedentario
PAC009870,48,40.2,175,13.1,74,99,123,68,62,73,4.2,237,65,69,40,1.15,100,0.1,20.0,14.5,4,14800,8.1,0,0,8,4.5,1,F,si,ligero
PAC009871,23,65.4,173,21.9,78,108,104,79,49,96,5.1,206,80,106,40,1.38,76,0.1,23.7,13.8,8,6922,9.2,0,0,4,5.4,7,M,no,activo
PAC009872,18,61.5,153,26.3,76,77,141,64,79,97,5.3,162,57,112,280,1.13,113,0.1,23.8,13.4,5,8932,7.4,29,12,2,10.4,8,M,si,ligero
PAC009873,73,97.6,155,40.6,87,89,189,101,73,116,6.6,219,41,123,221,0.5,86,1.5,25.4,15.2,0,5292,6.2,5,2,2,16.1,6,M,no,ligero
PAC009874,25,64.6,161,24.9,72,105,135,83,78,108,4.6,185,73,77,134,1.45,91,1.9,9.9,10.8,7,8918,5.6,19,30,2,4.7,7,F,si,sedentario
PAC009875,82,64.9,140,33.1,118,83,146,98,70,113,7.1,206,50,144,185,0.54,60,5.3,35.4,16.0,1,8455,6.4,17,2,1,14.2,7,M,no,ligero
PAC009876,66,73.0,203,17.7,136,92,117,84,81,147,7.0,233,31,153,331,1.25,90,7.5,31.6,16.2,3,3634,11.0,9,0,4,9.0,5,M,si,activo
PAC009877,41,57.2,161,22.1,77,108,131,70,95,85,5.0,128,66,108,149,0.77,93,3.3,26.2,12.6,4,8309,8.6,16,15,5,9.6,8,F,si,sedentario
PAC009878,64,89.0,190,24.7,119,101,138,84,93,149,8.4,251,44,225,289,1.68,75,7.7,37.5,15.6,0,5406,9.9,15,6,1,10.1,6,M,si,sedentario
PAC009879,84,85.5,166,31.0,112,94,138,103,66,112,7.8,259,61,104,213,0.57,75,2.5,39.0,16.5,2,8189,6.3,1,9,3,10.6,7,M,no,sedentario
PAC009880,18,71.3,170,24.7,88,119,123,71,64,76,5.9,170,45,108,106,0.87,124,0.1,19.4,16.9,10,9398,10.1,0,0,8,6.1,1,F,no,sedentario
PAC009881,67,92.6,200,23.2,124,105,128,89,74,161,7.7,214,43,147,236,1.18,92,1.3,47.1,17.0,0,1880,8.6,18,19,1,12.2,6,M,no,ligero
PAC009882,68,101.6,205,24.2,118,99,137,82,90,133,6.5,229,25,149,223,1.42,64,7.4,38.5,12.6,0,7290,9.8,23,0,0,13.3,8,M,si,ligero
PAC009883,65,94.6,151,41.5,91,97,167,102,72,77,5.7,215,34,154,269,0.4,86,0.1,26.4,16.5,3,500,6.4,17,8,2,14.4,6,M,no,activo
PAC009884,18,50.8,167,18.2,91,104,141,79,72,100,5.1,174,68,138,94,1.25,94,0.9,38.8,14.4,12,9850,8.7,0,0,5,4.7,2,M,no,ligero
PAC009885,63,113.2,204,27.2,136,99,139,89,70,103,6.2,226,36,180,218,1.09,69,5.7,32.2,16.0,5,500,8.0,6,8,1,11.4,9,M,no,ligero
PAC009886,54,100.1,202,24.5,96,103,136,99,80,124,6.4,178,68,110,245,1.38,98,6.3,40.1,13.2,0,500,9.1,4,2,2,15.9,7,F,no,sedentario
PAC009887,57,94.3,140,48.1,115,96,162,103,74,70,5.6,206,47,137,185,0.51,83,2.4,33.6,16.9,1,785,4.7,4,12,3,15.9,8,F,no,sedentario
PAC009888,65,109.5,199,27.7,121,101,112,83,67,126,8.8,258,30,133,217,1.22,89,3.2,44.3,14.2,0,500,11.0,18,0,0,7.8,2,F,si,sedentario
PAC009889,22,60.9,160,23.8,65,92,143,68,84,81,5.5,188,72,104,55,0.58,90,0.1,7.3,9.5,7,7583,8.2,19,16,1,5.9,8,M,si,sedentario
PAC009890,58,109.7,205,26.1,123,114,140,102,80,127,7.4,239,29,170,290,1.25,68,9.5,36.0,15.3,0,4218,7.9,0,9,0,5.9,6,M,si,sedentario
PAC009891,74,80.9,200,20.2,122,98,138,89,87,167,7.6,237,48,175,299,1.19,70,5.4,36.2,16.0,0,3227,8.2,23,0,1,10.5,9,F,si,sedentario
PAC009892,18,68.4,168,24.2,92,93,114,77,79,80,5.3,212,53,134,140,0.9,110,0.1,16.6,10.8,6,500,7.4,25,15,2,3.7,6,M,no,sedentario
PAC009893,60,40.0,173,13.4,64,90,111,70,74,114,4.0,121,87,133,147,1.03,92,0.1,22.9,13.9,9,9695,7.4,10,0,5,3.8,0,F,no,sedentario
PAC009894,75,107.6,154,45.4,109,77,156,87,90,90,5.2,300,39,156,112,0.4,73,5.1,20.0,14.0,2,3036,4.7,2,9,2,15.1,5,M,no,ligero
PAC009895,43,106.4,199,26.9,121,123,150,79,91,163,7.5,224,60,204,223,1.17,64,5.1,32.5,17.2,1,3254,8.8,8,14,2,11.1,7,F,si,ligero
PAC009896,90,85.8,149,38.6,111,121,139,102,67,109,6.0,201,32,79,126,0.4,74,3.1,32.0,18.0,3,3890,9.9,3,0,3,14.8,5,M,si,sedentario
PAC009897,31,62.2,180,19.2,60,113,127,88,60,105,4.6,177,78,79,40,1.04,122,1.1,31.0,13.3,7,10492,8.2,0,7,5,4.2,3,M,no,sedentario
PAC009898,21,56.6,170,19.6,94,120,96,72,64,108,5.1,152,67,60,102,0.98,113,3.9,24.6,14.4,5,11078,5.8,4,0,4,6.9,0,F,si,activo
PAC009899,33,60.3,149,27.2,80,97,109,87,81,109,5.4,152,57,146,119,1.16,101,5.7,31.7,12.3,5,6501,7.2,20,28,2,6.9,7,M,si,ligero
PAC009900,62,101.1,168,35.8,122,101,184,93,75,117,5.8,230,50,148,133,0.73,65,5.7,43.9,17.7,2,7532,5.4,5,1,1,11.5,10,F,si,sedentario
PAC009901,50,71.1,141,35.8,100,99,186,120,73,107,6.8,177,26,123,40,0.45,91,1.2,21.6,16.2,0,4187,4.5,13,0,1,9.7,4,F,si,sedentario
PAC009902,44,93.2,200,23.3,113,97,134,87,80,145,7.1,254,25,169,287,1.18,99,4.7,30.2,13.2,0,6350,5.9,8,3,2,15.4,8,F,no,ligero
PAC009903,71,83.4,198,21.3,122,84,144,101,88,133,6.4,234,25,184,248,1.32,83,2.8,27.5,11.9,1,5087,7.9,6,14,2,9.9,10,F,no,ligero
PAC009904,18,68.0,159,26.9,70,89,142,71,82,79,5.3,198,60,136,94,1.1,98,8.5,30.0,13.1,5,9032,9.6,24,26,5,7.8,5,M,no,sedentario
PAC009905,87,73.4,165,27.0,108,96,153,108,67,104,5.3,228,34,124,244,0.64,66,0.3,36.8,14.8,2,1860,6.3,15,0,4,12.5,5,F,si,sedentario
PAC009906,30,59.3,169,20.8,100,117,116,78,64,82,4.4,187,85,124,40,1.14,91,1.6,32.3,15.5,4,14560,10.8,4,7,4,2.0,6,F,no,ligero
PAC009907,18,65.3,163,24.6,78,107,117,74,62,100,4.0,178,70,88,66,0.64,100,0.4,36.6,15.1,5,13170,6.0,4,6,2,7.3,5,F,si,activo
PAC009908,31,80.1,161,30.9,60,88,144,79,74,60,6.0,149,54,154,61,1.27,85,0.1,29.0,14.8,5,9372,9.1,0,2,3,7.3,1,M,no,activo
PAC009909,18,67.1,159,26.5,105,110,123,79,80,83,4.8,201,60,126,224,0.76,125,0.9,16.3,13.0,9,10516,7.3,26,15,3,10.4,5,F,si,ligero
PAC009910,71,71.5,205,17.0,95,121,153,69,62,98,7.1,245,30,173,301,1.22,61,13.0,36.3,16.4,1,7345,9.0,14,13,1,8.7,5,F,no,sedentario
PAC009911,75,89.6,193,24.1,113,112,124,87,87,142,6.9,185,78,114,257,1.4,74,5.8,33.9,13.6,0,5864,9.1,10,12,2,9.9,7,M,no,sedentario
PAC009912,45,76.9,164,28.6,65,98,123,76,57,98,6.2,186,66,148,40,1.39,87,2.1,39.5,13.1,10,11087,8.7,1,0,5,2.5,4,F,si,sedentario
PAC009913,18,69.4,163,26.1,66,111,111,83,62,104,4.7,174,75,131,51,0.94,118,3.4,31.8,14.8,11,13499,9.0,9,5,4,2.7,2,M,no,sedentario
PAC009914,38,73.9,140,37.7,60,102,128,78,81,80,5.4,205,56,98,94,0.89,99,3.7,16.9,12.7,6,10030,9.5,15,26,3,7.2,5,F,no,activo
PAC009915,77,115.4,194,30.7,106,100,140,82,85,105,6.7,215,25,135,293,1.26,47,6.9,44.5,15.8,3,1670,9.2,13,6,0,10.8,10,M,si,activo
PAC009916,25,58.8,168,20.8,69,112,121,79,68,99,6.1,156,80,88,112,1.01,112,0.7,34.7,14.5,6,15415,7.6,0,6,4,6.2,1,F,si,activo
PAC009917,87,90.3,152,39.1,96,93,164,108,57,117,5.5,228,53,138,96,0.51,75,4.6,41.6,16.9,0,2556,7.9,18,0,6,7.4,9,F,si,activo
PAC009918,90,66.4,144,32.0,113,93,143,95,79,81,4.6,290,30,167,143,0.4,86,4.4,16.3,15.2,3,5742,5.4,14,14,2,12.9,9,M,no,sedentario
PAC009919,68,82.3,140,42.0,107,88,150,92,80,109,6.3,237,47,161,172,1.02,69,3.3,35.8,14.5,3,3098,6.1,14,0,0,16.0,8,F,si,sedentario
PAC009920,32,53.9,163,20.3,73,89,113,74,58,80,5.8,216,52,134,88,0.86,107,3.1,26.4,17.3,9,16278,7.1,8,0,6,7.4,6,F,no,ligero
PAC009921,52,89.6,186,25.9,111,93,154,92,82,133,7.5,231,43,88,284,1.14,69,5.9,48.6,16.1,0,5748,6.9,16,5,1,11.5,9,F,si,sedentario
PAC009922,85,81.2,150,36.1,104,107,183,82,80,88,6.3,175,25,142,179,0.63,82,8.7,30.1,13.6,2,3353,5.6,17,11,2,16.3,0,F,si,sedentario
PAC009923,47,73.6,146,34.5,93,103,120,55,59,83,5.4,143,65,92,75,1.08,94,2.0,38.6,12.8,11,16870,9.2,11,14,4,8.3,4,M,si,activo
PAC009924,29,79.8,151,35.0,105,87,116,72,78,120,6.8,207,55,96,160,0.98,112,0.4,24.2,9.4,1,9941,8.6,15,14,5,5.9,10,F,si,ligero
PAC009925,90,80.7,193,21.7,113,108,160,68,89,90,7.5,296,62,151,261,1.03,91,9.8,39.8,13.9,0,2459,9.6,17,8,2,12.6,7,F,si,ligero
PAC009926,90,97.8,203,23.7,112,106,131,91,79,143,6.4,273,33,152,277,1.49,73,6.1,46.1,15.5,4,1451,8.4,2,12,1,9.5,8,M,no,ligero
PAC009927,70,88.4,140,45.1,108,94,164,88,87,90,7.0,275,39,149,216,0.7,76,3.9,24.2,13.8,2,3510,6.4,12,3,3,11.5,5,F,si,sedentario
PAC009928,18,75.3,164,28.0,86,116,110,67,84,60,6.1,207,64,110,44,0.79,113,4.4,18.6,12.1,6,9428,9.3,26,33,3,8.7,7,F,si,activo
PAC009929,56,84.7,193,22.7,135,83,139,79,59,134,6.7,167,41,138,301,0.88,79,8.4,42.7,15.9,0,3637,10.6,7,11,0,9.5,10,F,no,sedentario
PAC009930,20,64.6,171,22.1,75,108,112,82,54,76,4.4,222,66,126,40,0.92,92,5.7,41.0,12.6,4,7695,7.9,2,0,4,4.9,5,F,no,sedentario
PAC009931,25,46.9,163,17.7,95,113,131,90,89,70,4.6,130,50,135,163,1.38,104,0.8,43.8,11.6,10,5369,6.2,26,23,1,10.4,10,F,si,activo
PAC009932,44,87.3,173,29.2,107,116,97,67,50,101,6.4,181,72,129,134,0.93,101,0.9,50.0,12.9,6,12572,7.7,2,0,4,7.8,2,F,no,ligero
PAC009933,52,88.0,205,20.9,105,87,149,80,84,129,7.2,297,25,129,250,1.3,102,8.9,34.9,13.0,0,977,10.0,9,12,3,11.6,7,M,si,ligero
PAC009934,87,126.7,143,62.0,119,105,183,102,66,105,6.3,143,50,144,248,0.66,43,2.2,24.7,17.6,1,7565,5.9,12,0,2,11.7,5,F,no,sedentario
PAC009935,27,68.7,154,29.0,87,81,134,78,51,70,6.1,174,49,77,53,0.89,121,0.1,41.8,14.3,8,12447,10.6,0,0,6,3.8,2,M,no,sedentario
PAC009936,79,87.0,205,20.7,114,110,147,99,64,107,6.6,198,38,127,170,1.33,65,5.9,26.5,12.3,0,4162,8.6,27,0,3,10.9,10,F,si,ligero
PAC009937,51,93.5,194,24.8,124,111,134,94,84,96,7.2,298,42,168,329,1.21,85,2.4,29.1,13.1,0,3937,8.3,0,0,0,7.3,6,F,si,ligero
PAC009938,66,71.9,186,20.8,94,109,147,88,74,124,5.8,282,38,145,426,0.81,91,5.1,34.7,13.6,0,4388,8.6,18,6,0,13.4,7,M,si,ligero
PAC009939,40,81.0,161,31.2,96,76,104,83,85,108,5.7,196,65,58,40,0.82,109,4.8,29.1,11.6,4,14609,7.4,30,27,1,6.4,9,M,no,activo
PAC009940,18,74.0,171,25.3,82,101,98,74,53,108,4.6,154,48,131,40,1.22,98,2.4,32.3,15.2,9,11661,9.1,13,2,5,8.1,5,F,no,ligero
PAC009941,27,62.9,170,21.8,90,98,104,79,45,111,6.0,216,65,86,40,1.29,83,2.1,35.7,13.8,8,12945,8.4,0,0,5,7.5,5,M,no,sedentario
PAC009942,87,87.7,140,44.7,121,82,143,93,82,95,7.2,202,44,87,122,0.58,79,2.7,35.4,15.9,0,3850,5.7,7,0,1,14.0,8,M,si,sedentario
PAC009943,49,93.9,173,31.4,105,98,141,76,76,120,7.7,262,49,186,224,1.42,91,9.7,48.0,14.2,0,5644,6.8,24,0,2,8.0,9,M,si,sedentario
PAC009944,54,81.1,160,31.7,60,86,116,67,66,74,4.4,179,100,130,120,0.9,111,0.3,28.3,16.1,16,9328,8.3,5,0,4,5.5,0,M,no,sedentario
PAC009945,34,54.8,181,16.7,88,102,111,73,70,116,5.1,208,57,98,48,1.02,98,1.3,48.6,17.7,9,12845,7.7,8,16,3,6.6,3,M,si,sedentario
PAC009946,65,110.4,203,26.8,90,117,128,83,88,118,6.3,187,51,172,364,1.25,86,8.6,26.5,15.5,0,500,10.2,2,6,0,9.6,9,M,si,sedentario
PAC009947,78,113.9,203,27.6,105,99,135,96,73,129,7.4,256,41,175,231,1.21,66,6.6,38.3,14.3,1,8974,8.8,12,13,3,14.5,7,F,no,sedentario
PAC009948,59,125.2,198,31.9,99,104,147,99,66,160,6.6,243,25,145,339,0.99,79,4.3,29.4,15.1,0,6177,8.4,5,0,4,14.2,10,M,no,sedentario
PAC009949,70,70.2,141,35.3,102,98,152,98,82,104,7.3,176,43,121,198,0.54,86,1.4,44.1,15.9,3,7156,6.0,8,4,1,15.1,5,M,no,ligero
PAC009950,55,65.8,186,19.0,82,79,104,75,65,85,4.7,178,83,106,116,1.1,98,3.7,26.4,13.1,8,11022,7.5,6,9,3,7.2,6,M,no,sedentario
PAC009951,81,106.2,195,27.9,119,112,156,82,72,123,6.8,232,25,167,261,0.81,106,4.7,33.4,16.1,0,1032,8.1,7,8,5,10.0,9,M,no,activo
PAC009952,27,72.3,167,25.9,85,107,114,68,77,92,4.8,164,69,112,42,1.0,122,0.1,24.5,14.2,7,14866,7.8,0,4,5,2.3,4,M,no,ligero
PAC009953,64,76.4,188,21.6,118,117,130,81,76,141,7.1,280,31,176,317,1.04,80,5.6,48.3,13.6,3,4970,9.1,5,0,0,8.3,10,M,si,activo
PAC009954,40,79.2,149,35.7,86,94,118,73,69,92,5.3,142,45,95,71,1.09,103,3.9,30.1,13.6,7,8004,9.0,16,12,2,17.3,7,M,no,sedentario
PAC009955,18,77.2,168,27.4,87,96,112,74,65,110,4.8,235,59,120,77,1.11,93,0.1,33.6,15.9,7,14554,9.5,0,0,6,6.0,3,M,no,ligero
PAC009956,18,86.2,151,37.8,84,80,107,78,87,79,4.0,144,47,124,71,0.71,103,5.4,26.8,13.0,5,5974,9.8,8,24,1,10.4,10,M,si,ligero
PAC009957,90,90.6,205,21.6,116,109,161,101,79,140,7.5,260,37,141,246,1.08,79,4.8,42.3,15.7,0,3601,9.0,15,0,0,11.7,6,M,no,activo
PAC009958,32,42.4,165,15.6,89,107,118,65,67,79,5.0,180,49,92,162,1.07,118,3.2,25.8,13.9,15,17826,7.9,4,0,5,7.2,3,M,no,ligero
PAC009959,76,86.2,199,21.8,106,106,124,112,75,132,8.4,306,46,200,277,1.21,98,4.5,36.0,17.2,2,5002,7.6,6,11,0,10.3,7,F,no,sedentario
PAC009960,61,87.0,140,44.4,108,92,171,88,75,116,5.1,189,46,119,263,0.57,66,7.3,42.5,17.8,0,1657,5.6,15,1,0,10.6,9,F,no,sedentario
PAC009961,76,85.2,201,21.1,97,102,133,92,78,133,8.2,311,52,166,287,1.21,94,4.5,34.0,11.8,0,4400,9.7,0,15,3,13.2,8,M,si,ligero
PAC009962,63,99.3,205,23.6,102,103,145,95,90,132,6.6,251,44,151,313,1.26,89,4.8,28.9,17.6,5,3684,10.6,9,0,0,9.8,3,F,si,sedentario
PAC009963,58,97.4,196,25.4,95,105,125,92,76,157,7.2,214,31,169,274,1.2,82,6.7,48.8,11.7,3,5607,8.7,9,4,1,17.3,10,F,si,sedentario
PAC009964,53,73.9,156,30.4,90,105,148,93,74,84,5.3,190,28,154,178,0.73,55,10.0,30.2,16.3,0,6587,4.8,18,0,1,6.6,7,M,si,sedentario
PAC009965,84,69.5,141,35.0,94,84,179,109,66,155,6.8,189,47,144,114,0.57,69,8.6,23.0,16.0,2,2813,5.1,0,0,1,12.7,10,F,si,sedentario
PAC009966,49,82.3,179,25.7,117,90,163,86,75,141,6.8,289,31,156,246,1.01,72,5.8,44.1,17.3,0,6337,10.2,0,0,2,11.9,6,F,si,ligero
PAC009967,36,56.7,171,19.4,95,91,113,86,56,93,5.0,189,81,70,61,1.18,102,0.2,30.7,15.3,6,13495,8.5,1,0,5,2.8,5,F,si,activo
PAC009968,25,40.0,169,14.0,86,101,107,81,68,61,5.8,198,90,100,40,1.0,99,0.9,38.3,12.6,13,14501,8.7,9,3,5,3.2,3,M,no,ligero
PAC009969,30,56.3,170,19.5,85,77,122,86,91,111,4.0,204,70,106,90,0.92,73,4.5,5.0,12.1,3,6678,9.6,22,15,1,12.9,5,M,no,sedentario
PAC009970,69,66.7,140,34.0,115,112,139,106,71,99,6.0,250,61,181,218,0.56,76,4.4,44.4,15.2,0,8870,8.3,14,5,0,16.3,9,M,si,sedentario
PAC009971,40,76.0,155,31.6,88,124,101,76,53,79,5.6,188,55,141,98,0.95,100,4.2,35.9,15.3,9,14564,8.3,5,0,4,7.8,3,F,no,activo
PAC009972,78,79.1,153,33.8,100,101,159,93,85,110,5.6,207,43,183,138,0.72,76,4.7,33.2,14.5,2,5124,5.2,6,17,3,10.1,8,M,no,ligero
PAC009973,72,57.7,193,15.5,113,108,131,74,72,142,7.6,194,31,176,280,0.63,69,7.3,26.3,15.3,0,4332,11.0,11,3,3,10.2,7,F,si,activo
PAC009974,60,84.9,149,38.2,97,91,164,101,77,86,6.1,161,45,140,99,0.4,74,5.0,50.8,16.1,6,4203,6.3,0,0,3,13.6,4,F,no,activo
PAC009975,34,74.1,173,24.8,87,105,123,70,86,103,5.4,161,60,145,108,0.9,81,3.0,22.7,11.0,5,8863,7.3,21,33,3,8.1,9,M,no,ligero
PAC009976,76,98.4,149,44.3,130,101,155,101,88,122,5.5,195,33,162,162,0.54,80,3.9,34.2,14.6,0,2638,5.0,10,1,4,7.5,8,F,no,sedentario
PAC009977,18,60.6,163,22.8,70,94,114,86,57,96,5.2,140,77,140,120,0.98,95,2.0,42.8,15.8,6,13797,8.6,13,0,4,2.0,0,F,si,activo
PAC009978,77,105.2,189,29.5,126,104,147,83,96,152,6.4,239,31,183,295,1.23,72,7.4,30.7,14.3,0,500,9.4,9,4,0,16.3,6,M,si,ligero
PAC009979,18,81.2,161,31.3,62,90,108,72,52,66,6.1,131,56,110,67,0.8,112,1.7,33.3,13.9,5,13890,9.7,0,0,4,5.5,3,M,si,ligero
PAC009980,51,99.9,176,32.3,115,85,156,87,66,124,7.3,240,45,204,308,1.03,93,7.7,62.4,18.6,1,5356,8.1,12,0,3,10.2,9,F,si,sedentario
PAC009981,42,86.0,165,31.6,77,98,125,69,64,80,5.0,190,75,92,60,1.34,105,1.1,27.0,14.6,10,11930,10.3,1,1,3,3.2,3,F,si,activo
PAC009982,18,76.0,144,36.7,80,94,131,67,110,95,5.3,179,51,147,187,1.31,88,1.6,26.7,12.6,5,8988,6.7,13,23,2,3.2,9,M,no,sedentario
PAC009983,18,79.5,169,27.8,72,82,139,90,83,96,4.3,188,56,106,40,0.83,91,4.8,32.7,14.3,5,7580,8.8,32,24,0,5.4,6,M,no,activo
PAC009984,71,95.1,191,26.1,130,109,137,88,88,139,7.5,222,41,194,287,1.03,55,4.8,32.6,16.9,1,4275,6.3,13,5,4,7.5,8,F,si,ligero
PAC009985,18,68.8,167,24.7,60,113,98,70,52,86,5.6,223,74,125,68,1.09,99,2.0,39.7,11.8,10,14107,9.1,4,3,5,5.1,6,F,no,ligero
PAC009986,76,76.8,163,28.9,89,97,172,86,70,157,6.6,242,53,144,53,0.64,79,4.8,45.5,16.9,0,1222,5.3,0,24,2,16.5,8,F,si,ligero
PAC009987,31,40.5,157,16.4,92,106,108,79,51,82,7.3,144,69,108,124,0.87,74,2.4,36.2,16.2,9,11697,7.9,4,0,4,6.2,5,F,si,activo
PAC009988,59,111.3,205,26.5,118,117,153,84,71,125,7.7,263,38,152,302,1.34,78,5.3,45.6,12.7,0,567,8.9,9,0,1,9.8,7,F,no,sedentario
PAC009989,24,72.7,160,28.4,70,90,119,72,85,97,4.0,149,77,157,49,0.95,89,5.2,11.9,10.8,5,11545,8.4,11,26,0,8.5,5,M,no,ligero
PAC009990,66,124.2,187,35.5,99,103,142,92,77,120,6.8,261,52,150,253,0.88,65,5.2,60.6,14.9,0,4613,9.6,10,15,1,10.5,8,M,si,sedentario
PAC009991,22,51.4,168,18.2,93,101,94,73,64,82,5.0,155,71,79,66,0.84,91,0.1,33.9,16.7,8,10246,8.8,4,6,6,9.1,0,F,si,sedentario
PAC009992,18,53.1,179,16.6,81,80,93,62,70,92,5.2,188,80,162,60,1.28,99,2.8,32.7,15.4,5,12199,7.3,0,9,6,4.7,3,M,no,sedentario
PAC009993,32,92.0,163,34.6,94,94,128,70,83,88,4.5,270,66,116,195,1.31,127,5.7,19.7,11.2,5,11444,9.9,20,24,2,13.2,9,F,no,sedentario
PAC009994,81,83.3,147,38.5,130,100,110,81,73,98,5.5,256,53,135,223,0.67,86,4.2,19.6,17.0,1,500,6.2,10,8,0,12.5,5,M,no,ligero
PAC009995,26,73.6,155,30.6,95,94,138,74,80,119,5.9,212,91,141,178,0.89,91,2.9,22.9,11.3,3,6277,5.8,0,25,2,12.4,9,F,no,activo
PAC009996,90,63.6,155,26.5,115,75,133,96,86,75,6.1,216,39,146,317,0.82,97,5.7,40.7,15.3,0,2730,5.1,15,10,3,14.1,10,M,no,ligero
PAC009997,29,72.8,164,27.1,81,98,102,82,66,92,4.5,214,45,132,75,0.71,101,3.7,36.4,15.3,10,14440,8.9,1,5,4,4.3,5,M,no,activo
PAC009998,36,77.2,157,31.3,87,99,100,66,78,102,5.4,138,48,98,271,0.92,96,3.5,15.8,10.6,4,8417,6.9,25,19,0,10.8,7,M,no,activo
PAC009999,84,89.5,143,43.8,106,99,144,89,87,98,5.8,193,60,117,215,0.4,80,3.3,26.2,15.8,0,1995,6.4,15,5,2,13.3,9,F,si,ligero
PAC010000,45,69.2,165,25.4,78,100,128,62,87,87,4.4,217,58,117,40,0.77,111,2.4,25.3,13.2,9,6807,8.4,12,33,1,8.7,5,F,no,activo
PAC010001,70,105.4,179,32.9,123,104,155,84,91,125,6.6,204,51,166,253,1.27,67,6.9,24.6,12.2,0,3906,8.9,11,0,2,11.9,8,F,si,ligero
PAC010002,72,73.1,160,28.6,112,86,165,86,84,123,6.0,267,57,135,225,0.4,72,3.3,46.1,15.2,0,3911,4.5,12,0,1,10.3,5,F,no,sedentario
PAC010003,57,77.8,196,20.3,124,107,144,91,59,111,8.2,297,38,126,231,1.06,68,6.3,51.9,13.8,2,2767,8.7,19,14,2,15.7,6,F,si,ligero
PAC010004,27,78.1,167,28.0,76,105,126,79,66,91,4.7,152,82,108,40,1.08,89,1.5,36.7,14.9,11,15859,9.1,14,5,4,10.6,3,F,si,activo
PAC010005,38,60.6,186,17.5,65,119,133,66,57,98,5.9,137,70,115,83,0.97,115,1.4,41.3,15.3,8,17085,8.3,18,9,3,3.4,2,F,no,ligero
PAC010006,55,94.2,143,46.1,122,105,136,98,70,120,6.3,198,73,161,76,0.7,52,5.0,22.3,17.7,0,9722,6.6,4,14,3,12.7,7,M,si,sedentario
PAC010007,56,115.8,144,55.8,86,95,143,107,89,142,4.2,230,45,148,205,0.4,91,2.7,20.4,16.1,2,6110,5.3,0,0,1,15.3,3,F,no,activo
PAC010008,74,86.3,203,20.9,140,105,128,91,80,91,7.4,223,60,122,365,0.95,81,11.9,44.7,14.2,2,3744,9.3,9,12,1,9.2,6,F,no,sedentario
PAC010009,19,51.6,169,18.1,70,96,134,80,63,80,4.8,110,61,77,180,0.96,103,0.1,28.6,12.4,8,19276,9.8,8,0,6,7.6,0,F,si,ligero
PAC010010,86,99.2,148,45.3,117,111,180,90,84,97,6.5,307,54,138,278,0.56,92,2.5,22.8,15.3,0,6768,8.3,9,15,3,13.5,9,M,si,activo
PAC010011,18,65.6,156,27.0,79,87,108,74,83,136,5.1,152,50,134,168,0.72,86,0.4,28.8,11.6,5,7621,8.8,18,20,1,10.0,6,M,no,ligero
PAC010012,45,62.4,156,25.6,92,110,120,70,65,84,4.0,185,65,58,86,1.21,103,0.1,36.3,16.0,9,15571,8.2,4,2,8,5.3,3,F,no,ligero
PAC010013,64,96.0,191,26.3,106,107,135,93,87,143,6.9,254,47,130,217,1.42,82,5.6,37.8,16.3,1,3762,10.8,23,0,1,10.9,9,M,no,ligero
PAC010014,60,114.4,189,32.0,108,93,177,104,80,118,6.7,249,37,165,307,1.21,44,5.6,33.8,13.6,0,500,9.1,10,4,0,7.6,5,M,si,sedentario
PAC010015,33,56.6,171,19.4,86,101,121,63,71,75,5.3,194,63,107,56,0.85,109,2.8,32.2,14.0,5,13567,9.1,0,2,6,5.4,2,F,si,activo
PAC010016,18,57.6,168,20.4,87,104,121,70,87,117,4.6,157,47,116,131,1.02,88,3.3,33.1,11.9,7,9712,9.1,27,23,0,11.0,5,M,si,sedentario
PAC010017,69,99.0,150,44.0,110,99,168,97,81,80,6.2,224,57,148,190,0.4,66,8.6,42.9,15.3,0,5854,7.7,0,7,1,11.4,8,F,no,sedentario
PAC010018,18,77.4,140,39.5,73,87,147,65,78,61,5.4,148,76,96,48,0.83,91,2.5,21.5,11.2,11,5847,8.2,28,36,1,10.3,6,M,si,ligero
PAC010019,28,57.3,174,18.9,79,78,154,67,96,94,5.5,191,46,125,160,0.67,54,5.2,28.8,13.2,4,8323,7.6,18,22,3,10.0,8,M,no,activo
PAC010020,18,49.3,166,17.9,72,104,116,70,77,96,5.2,183,86,91,59,0.53,111,0.1,37.8,14.7,8,11682,7.8,0,14,5,7.2,1,M,no,activo
PAC010021,77,77.2,147,35.7,103,125,142,85,83,132,7.3,227,45,118,93,0.49,64,3.3,26.7,16.8,2,500,6.0,12,14,0,15.6,7,F,si,sedentario
PAC010022,83,105.9,187,30.3,124,100,148,83,77,129,7.1,279,33,231,240,0.97,79,6.9,44.0,18.6,0,5370,9.2,17,10,1,14.0,7,M,si,sedentario
PAC010023,18,70.6,155,29.4,61,118,114,74,56,88,5.1,170,80,94,165,1.06,92,1.5,23.7,14.8,12,13279,8.2,3,4,5,7.4,3,M,no,sedentario
PAC010024,18,56.1,160,21.9,93,86,127,70,58,76,4.5,180,78,85,138,1.27,103,0.1,44.3,15.3,7,18326,7.1,4,10,3,4.9,0,M,no,activo
PAC010025,26,56.4,158,22.6,79,103,118,77,97,78,5.2,220,50,102,123,1.09,85,0.9,7.6,12.8,4,7511,8.0,13,23,0,14.3,6,M,no,sedentario
PAC010026,48,94.9,159,37.5,67,116,104,70,79,60,6.1,149,54,106,42,1.08,113,3.8,31.9,11.9,8,8315,9.1,4,22,2,11.4,10,M,no,sedentario
PAC010027,23,68.3,162,26.0,96,103,141,77,88,113,4.3,174,59,71,79,1.03,85,4.6,23.4,11.9,7,6402,9.7,14,21,1,10.3,3,F,si,sedentario
PAC010028,18,73.7,172,24.9,101,98,119,70,45,90,4.0,110,97,133,40,1.2,101,3.4,46.3,13.6,9,9044,7.8,0,2,4,6.9,2,F,no,activo
PAC010029,75,96.8,205,23.0,92,106,134,93,84,142,6.8,177,25,188,265,1.28,88,4.7,36.2,15.0,5,7602,10.7,9,8,0,8.9,9,M,si,sedentario
PAC010030,70,84.7,196,22.0,113,100,135,93,74,138,7.2,223,34,117,205,1.03,91,7.5,48.9,14.4,5,3878,8.6,16,17,1,13.1,8,F,si,sedentario
PAC010031,50,96.6,205,23.0,132,96,139,85,73,159,6.9,225,25,114,299,0.82,71,9.6,31.0,13.8,0,5349,8.7,19,14,0,10.7,8,F,no,sedentario
PAC010032,18,73.3,151,32.1,86,93,140,65,56,68,5.1,204,67,98,125,0.96,50,0.9,29.1,13.0,11,15504,6.0,3,12,5,2.0,4,F,si,activo
PAC010033,27,62.6,173,20.9,69,97,138,84,60,94,4.6,200,93,98,47,1.3,97,0.6,24.9,17.2,11,14670,10.2,5,0,6,12.0,3,M,no,ligero
PAC010034,18,64.4,179,20.1,81,91,107,76,63,117,4.0,264,52,119,40,1.06,102,2.3,38.8,14.8,6,12024,9.1,6,0,5,7.1,5,F,no,ligero
PAC010035,69,88.6,154,37.4,92,120,175,91,70,89,7.4,219,53,205,180,0.48,103,2.8,12.3,15.3,4,8402,5.9,20,4,4,15.3,8,F,si,sedentario
PAC010036,45,83.4,166,30.3,82,100,131,85,54,71,5.8,188,67,108,53,1.01,77,2.2,43.1,13.5,3,17251,10.5,5,4,5,4.7,4,F,si,sedentario
PAC010037,24,61.7,177,19.7,87,76,101,70,65,86,5.1,145,74,97,249,1.0,107,1.6,38.3,14.6,16,16158,7.9,18,0,5,5.2,0,F,no,ligero
PAC010038,64,110.2,203,26.7,120,105,131,84,82,134,5.8,308,25,169,290,1.12,61,6.0,33.9,17.2,0,1570,7.3,15,7,4,8.5,7,M,si,sedentario
PAC010039,75,69.1,155,28.8,93,92,147,95,78,94,4.1,192,55,160,151,0.8,94,1.8,27.0,16.1,0,3020,5.5,23,0,4,10.7,8,F,si,sedentario
PAC010040,18,60.9,151,26.7,81,109,99,77,45,93,4.8,113,67,130,102,1.64,113,0.7,46.2,13.9,5,10762,7.5,7,13,7,4.1,3,F,no,ligero
PAC010041,73,105.4,203,25.6,115,99,117,88,85,149,5.8,193,31,114,321,1.29,93,4.3,18.0,16.3,0,4770,11.0,0,0,0,12.9,10,M,no,activo
PAC010042,88,99.2,140,50.6,106,95,155,106,77,89,5.4,205,43,140,206,0.61,68,5.5,27.7,16.1,0,2401,7.0,7,1,3,9.6,7,M,no,ligero
PAC010043,53,80.9,158,32.4,97,98,112,73,83,101,5.2,219,60,167,91,0.83,104,3.6,34.5,12.8,3,11038,9.8,29,17,0,9.2,5,M,no,sedentario
PAC010044,74,88.5,194,23.5,114,97,157,103,67,139,7.6,273,41,113,287,1.33,75,3.3,39.7,17.8,0,2103,8.6,11,13,0,14.1,7,F,no,sedentario
PAC010045,41,49.3,151,21.6,88,114,116,72,68,91,5.8,180,52,61,210,1.2,105,2.6,27.2,13.2,8,9234,6.1,1,2,6,5.3,3,F,no,ligero
PAC010046,65,78.9,198,20.1,119,99,127,89,79,138,6.2,323,51,185,182,1.11,53,5.3,8.5,14.5,0,3031,10.1,14,14,0,11.6,6,M,si,sedentario
PAC010047,47,86.6,148,39.5,105,81,157,91,81,94,5.2,280,54,149,201,0.4,73,7.2,18.7,19.0,2,4178,7.2,2,14,1,14.0,7,F,si,ligero
PAC010048,46,63.5,166,23.0,82,97,134,76,77,103,4.0,148,54,112,106,0.88,111,1.1,21.7,11.8,4,12083,9.1,17,30,0,9.0,8,M,no,activo
PAC010049,25,58.4,146,27.4,60,88,121,70,68,93,5.5,164,88,89,40,0.9,94,0.1,29.1,14.4,4,12251,10.8,0,4,4,4.0,0,F,no,ligero
PAC010050,18,72.4,154,30.5,81,91,117,75,92,97,4.6,167,61,93,74,0.77,91,4.9,16.9,12.0,8,9566,8.9,25,27,4,11.1,6,F,no,ligero
PAC010051,18,43.5,158,17.4,95,80,108,83,90,89,5.2,195,72,75,163,0.87,83,4.0,18.4,11.3,5,3433,7.5,27,16,0,6.1,6,M,si,sedentario
PAC010052,18,76.8,162,29.3,67,106,144,62,57,104,4.3,180,49,81,40,1.11,115,0.2,35.5,13.8,11,11745,8.6,10,2,9,7.8,2,M,no,sedentario
PAC010053,71,87.0,160,34.0,108,92,178,97,60,83,4.3,202,67,126,183,0.4,58,5.5,32.3,16.3,0,2819,6.9,12,6,0,16.1,4,F,si,sedentario
PAC010054,22,65.8,171,22.5,72,93,129,83,78,74,4.8,184,68,123,103,1.22,104,0.1,42.9,13.8,9,9483,9.2,0,0,2,2.6,4,M,no,activo
PAC010055,38,56.8,176,18.3,90,109,114,83,66,91,5.4,173,70,134,64,1.38,107,1.5,25.7,17.1,6,12207,9.2,17,5,6,7.7,4,M,si,ligero
PAC010056,18,54.7,159,21.6,75,101,137,67,78,90,5.6,239,43,125,120,1.06,70,3.5,24.5,14.8,4,5341,6.7,13,19,0,8.2,6,M,no,activo
PAC010057,90,109.2,205,26.0,125,100,106,95,71,149,6.4,194,25,150,180,0.92,62,8.2,23.9,18.7,0,5990,7.9,1,12,2,10.4,9,F,si,ligero
PAC010058,26,61.0,169,21.4,60,89,114,59,61,91,4.7,218,35,128,61,1.25,97,0.6,37.1,14.2,5,13987,8.3,0,6,4,2.0,5,M,no,ligero
PAC010059,18,80.6,159,31.9,80,121,97,58,54,84,4.2,193,81,40,41,1.14,91,0.1,28.3,14.1,4,8929,7.0,10,0,5,9.4,1,M,no,ligero
PAC010060,69,87.9,140,44.8,114,109,167,95,87,88,5.5,230,43,135,205,0.41,83,8.1,32.5,15.9,0,5792,6.7,19,1,0,11.4,9,M,no,sedentario
PAC010061,55,95.2,143,46.6,122,92,175,114,73,120,6.1,211,54,129,78,0.62,97,2.7,40.0,18.3,0,2730,6.6,15,4,3,13.9,5,F,si,ligero
PAC010062,28,65.9,155,27.4,81,106,111,73,86,100,5.1,167,62,121,75,1.37,105,4.8,11.1,11.6,2,9834,7.1,12,16,2,12.6,8,M,si,sedentario
PAC010063,18,59.7,166,21.7,99,83,90,79,97,86,4.3,234,55,137,148,0.77,106,1.4,32.7,12.4,9,11735,9.1,12,34,0,12.1,9,F,no,sedentario
PAC010064,72,90.7,148,41.4,108,88,182,113,73,117,6.5,200,55,130,234,0.46,76,4.2,31.6,17.5,0,7585,5.5,2,0,3,8.9,9,M,no,sedentario
PAC010065,18,62.2,158,24.9,91,97,108,87,72,97,6.5,188,52,123,86,0.98,82,0.1,20.0,11.2,8,9726,6.8,27,30,2,9.7,7,F,no,sedentario
PAC010066,20,75.4,157,30.6,74,89,111,89,72,86,4.6,159,56,98,101,0.94,98,3.4,27.0,10.6,4,5647,6.8,18,34,3,8.0,7,F,no,sedentario
PAC010067,30,103.3,201,25.6,113,98,158,83,87,100,6.6,217,43,156,189,0.89,54,9.8,25.5,13.3,0,5952,10.6,7,0,0,10.5,7,M,no,sedentario
PAC010068,57,94.4,184,27.9,112,84,145,73,83,151,6.4,249,44,188,237,1.33,76,9.8,41.4,16.2,1,4156,9.4,2,8,4,10.5,9,F,si,sedentario
PAC010069,90,73.4,190,20.3,111,93,153,88,75,120,6.2,271,46,139,224,1.39,74,7.2,36.3,14.0,0,5548,7.5,26,11,3,17.5,10,F,si,sedentario
PAC010070,68,78.9,140,40.3,118,87,162,93,74,77,7.3,190,45,142,131,0.48,90,2.8,44.2,17.1,3,5328,5.1,18,8,3,17.2,9,M,si,sedentario
PAC010071,76,121.2,180,37.4,131,102,144,69,91,159,7.1,226,37,205,244,1.37,94,8.6,35.7,14.0,0,500,9.3,12,2,0,8.7,10,M,si,sedentario
PAC010072,18,60.5,170,20.9,97,127,116,68,68,90,4.4,181,54,74,154,1.16,110,2.1,40.1,14.0,8,6145,10.5,0,0,3,2.6,6,F,si,ligero
PAC010073,24,60.9,148,27.8,101,91,100,89,81,121,4.4,175,57,111,90,0.72,110,2.6,17.0,12.5,7,14747,8.1,21,34,3,6.3,10,F,si,ligero
PAC010074,90,95.8,140,48.9,84,88,152,94,64,118,5.2,187,50,155,173,0.64,94,6.7,24.6,15.9,2,3318,6.1,12,0,3,8.3,9,F,no,sedentario
PAC010075,44,84.4,152,36.5,93,97,107,69,82,101,4.9,134,85,111,156,0.97,92,1.2,9.7,10.2,3,4890,6.9,1,29,0,10.0,7,F,no,sedentario
PAC010076,24,114.8,197,29.6,121,93,117,87,81,129,6.0,287,36,181,255,1.29,65,7.9,33.5,14.6,2,500,7.6,1,10,0,16.9,10,M,no,sedentario
PAC010077,18,58.7,153,25.1,85,86,102,76,61,69,4.8,127,61,127,61,0.96,107,0.6,46.3,14.2,8,10499,7.4,0,6,5,10.1,1,F,no,sedentario
PAC010078,24,54.3,166,19.7,100,98,118,66,82,92,4.6,202,47,144,40,0.91,83,3.1,26.2,10.0,4,9457,7.5,19,30,1,9.1,9,F,no,sedentario
PAC010079,21,79.5,140,40.6,86,97,128,94,79,87,4.0,137,57,118,145,0.8,111,2.6,32.4,12.1,0,6326,8.2,27,30,2,8.9,6,M,no,sedentario
PAC010080,18,54.0,178,17.0,76,93,122,68,45,85,5.7,197,73,58,65,1.27,93,0.1,41.9,15.1,9,11895,9.2,0,11,5,7.5,3,F,no,ligero
PAC010081,64,98.8,200,24.7,116,85,131,99,68,135,7.2,228,46,173,213,1.08,88,8.3,28.2,15.5,0,6629,7.9,8,11,0,13.4,5,F,no,ligero
PAC010082,22,71.9,155,29.9,103,91,128,73,74,114,4.8,152,56,109,163,1.37,85,0.7,36.4,16.4,6,15010,9.4,0,0,4,9.2,4,F,no,activo
PAC010083,18,73.3,144,35.3,70,90,108,74,88,91,5.1,160,79,77,67,1.0,87,0.4,36.0,9.9,3,10853,6.6,21,22,3,8.7,7,F,si,sedentario
PAC010084,18,74.6,168,26.4,63,96,100,66,54,73,6.7,137,74,124,181,1.11,98,0.1,31.3,14.7,13,11314,7.7,15,0,6,5.8,4,F,si,ligero
PAC010085,23,58.8,160,23.0,98,93,112,78,91,97,5.6,143,63,133,161,0.87,119,3.5,37.7,10.9,4,9830,8.3,21,39,4,8.1,9,F,no,sedentario
PAC010086,72,91.0,149,41.0,121,96,163,107,73,98,5.0,276,45,185,100,0.57,81,5.2,34.3,16.2,4,6886,7.4,0,14,3,12.3,5,F,no,ligero
PAC010087,83,92.0,141,46.3,102,92,167,108,69,97,5.0,228,33,130,154,0.67,77,5.6,29.1,16.8,3,924,5.5,12,6,1,7.7,9,M,no,ligero
PAC010088,39,63.4,177,20.2,60,92,104,71,64,89,5.9,171,47,104,156,1.02,120,0.1,22.6,12.6,13,15868,8.9,4,0,4,10.7,0,M,si,sedentario
PAC010089,24,50.2,163,18.9,93,91,103,57,63,67,5.5,122,67,122,40,1.34,67,1.9,35.6,14.0,9,11335,8.3,0,12,5,10.6,5,F,no,activo
PAC010090,25,53.9,150,24.0,96,100,161,110,86,85,6.7,242,40,139,153,0.58,83,2.7,8.6,15.3,0,7625,5.9,0,0,2,15.2,7,M,no,sedentario
PAC010091,18,86.2,162,32.8,76,99,113,75,82,102,5.0,205,49,121,136,1.15,92,1.6,12.1,10.7,12,14535,10.8,8,31,0,8.3,9,M,no,ligero
PAC010092,84,91.9,149,41.4,98,117,145,93,78,71,6.6,199,52,100,154,0.4,105,3.0,28.9,16.4,0,6242,7.0,10,0,2,13.8,8,M,si,sedentario
PAC010093,18,79.1,165,29.1,91,89,105,84,50,80,4.7,208,81,136,88,1.01,98,2.2,40.1,14.3,11,12590,10.8,15,3,5,2.0,2,F,si,sedentario
PAC010094,61,65.2,203,15.8,130,95,148,83,72,118,7.4,293,38,196,241,1.18,61,5.8,55.9,14.5,3,500,9.2,12,6,3,11.2,9,F,no,sedentario
PAC010095,23,81.5,174,26.9,63,89,95,68,57,85,6.2,194,59,70,91,1.12,130,0.1,42.8,15.1,6,13967,9.1,3,4,8,3.0,0,F,no,sedentario
PAC010096,18,65.6,158,26.3,82,110,120,61,59,78,5.2,135,81,129,46,0.86,119,0.1,30.4,10.6,11,13453,11.0,8,0,6,2.0,2,F,no,activo
PAC010097,40,51.8,156,21.3,61,83,118,71,73,60,6.5,184,77,70,120,1.11,105,0.1,32.7,14.3,9,17377,9.8,0,10,5,8.8,4,M,si,ligero
PAC010098,62,85.1,150,37.8,106,100,164,94,96,106,6.2,236,49,136,111,0.49,73,6.7,29.6,16.8,4,1033,4.7,0,6,4,16.5,8,F,no,ligero
PAC010099,73,73.3,152,31.7,125,109,141,96,78,86,5.8,202,47,155,282,0.4,45,4.1,24.2,16.0,0,5458,5.7,8,19,4,8.8,10,M,no,sedentario
PAC010100,22,59.0,166,21.4,74,102,95,72,69,95,5.8,110,70,80,62,1.64,96,0.1,47.3,14.9,10,13957,8.5,8,0,8,3.3,5,F,no,sedentario
PAC010101,57,73.8,140,37.7,109,89,145,108,76,99,6.7,223,46,80,178,0.46,83,2.1,32.1,13.2,2,4799,4.6,23,13,3,13.6,8,M,si,sedentario
PAC010102,73,114.2,190,31.6,102,105,115,81,86,138,7.8,274,41,170,298,1.12,91,6.8,23.1,15.0,0,1862,6.2,15,5,0,14.1,4,F,si,activo
PAC010103,46,85.8,162,32.7,99,104,174,92,82,91,6.2,202,30,144,73,0.48,57,6.0,49.9,17.4,0,2105,7.7,18,12,1,8.4,9,M,no,sedentario
PAC010104,80,85.3,185,24.9,120,115,164,78,80,114,8.6,266,60,109,283,1.27,68,3.6,29.7,13.7,5,5460,8.5,8,0,0,12.0,7,M,no,sedentario
PAC010105,61,93.1,205,22.2,110,103,150,91,66,142,7.1,287,27,168,239,1.15,46,10.7,51.3,15.9,0,2724,7.4,0,0,0,9.0,6,F,si,sedentario
PAC010106,75,87.7,163,33.0,99,99,168,98,98,98,6.8,197,44,140,180,0.4,84,6.1,51.1,14.4,0,1583,7.6,11,1,2,14.9,10,M,no,sedentario
PAC010107,46,75.2,149,33.9,70,110,127,83,86,80,5.0,157,66,148,87,1.17,90,3.2,33.5,11.7,4,7262,8.9,19,12,1,6.7,6,M,no,sedentario
PAC010108,25,57.5,154,24.2,74,101,122,66,102,89,5.1,243,46,153,53,0.63,104,6.1,25.4,13.7,3,3637,7.9,18,36,0,13.6,7,M,no,sedentario
PAC010109,30,65.0,173,21.7,77,75,116,87,75,119,4.0,205,45,138,120,0.86,93,3.2,16.6,10.6,7,8068,9.7,28,26,1,8.9,5,M,no,activo
PAC010110,52,94.5,203,22.9,126,93,154,82,82,146,7.7,212,34,162,298,1.18,63,0.4,31.2,15.0,0,1048,8.2,12,0,2,14.0,9,F,si,sedentario
PAC010111,81,89.8,148,41.0,107,98,163,103,69,92,5.8,236,38,124,247,0.56,51,4.7,33.4,16.1,0,7790,4.0,4,7,0,14.4,10,M,no,ligero
PAC010112,63,80.6,178,25.4,126,98,159,82,93,128,7.2,237,43,187,259,1.01,73,6.0,37.0,17.2,5,500,11.0,10,9,0,2.1,4,M,no,sedentario
PAC010113,66,67.1,148,30.6,101,111,169,93,81,94,5.6,222,40,141,236,0.5,70,2.9,31.5,15.4,3,4620,6.0,18,10,1,14.9,5,M,no,ligero
PAC010114,36,43.8,179,13.7,73,93,134,64,69,79,4.1,181,66,40,40,1.17,105,1.8,17.4,12.6,9,13818,8.4,0,3,6,5.3,0,M,no,ligero
PAC010115,18,40.0,154,16.9,75,90,140,75,83,90,4.8,136,46,102,89,1.06,104,3.0,22.8,11.1,2,6043,6.8,23,27,0,6.4,6,F,no,activo
PAC010116,74,77.9,154,32.8,106,110,176,97,80,71,6.6,256,30,128,170,0.62,72,6.0,25.9,15.8,2,3107,5.9,9,12,0,14.4,7,M,no,sedentario
PAC010117,76,72.0,144,34.7,102,98,153,108,90,62,5.1,274,40,132,40,0.61,46,6.4,36.7,15.2,0,500,7.7,14,14,5,13.7,10,F,si,activo
PAC010118,43,78.4,174,25.9,67,88,120,76,73,84,4.5,186,59,106,111,1.1,98,0.1,28.4,13.7,5,14666,6.6,7,6,6,5.6,3,F,si,ligero
PAC010119,90,91.8,192,24.9,113,105,132,93,72,134,6.1,232,30,134,189,1.12,53,10.9,24.8,11.9,0,6298,10.4,23,4,3,15.2,10,F,no,sedentario
PAC010120,59,72.6,144,35.0,100,93,135,93,75,110,6.0,254,47,186,237,0.42,73,3.8,17.0,16.6,1,6232,5.8,11,0,5,13.8,7,F,si,sedentario
PAC010121,43,117.6,190,32.6,142,117,144,93,71,112,6.4,289,47,155,207,1.25,67,5.4,27.7,18.2,0,927,9.0,17,5,3,12.1,6,F,no,activo
PAC010122,69,116.3,196,30.3,108,117,134,90,86,134,6.5,240,38,132,281,0.97,80,4.4,34.9,14.8,0,5257,9.5,9,0,3,11.2,6,M,si,sedentario
PAC010123,33,49.5,174,16.3,86,93,106,77,73,93,4.1,196,52,69,40,1.1,97,0.9,28.6,16.3,9,9279,8.7,1,2,3,10.0,0,F,si,ligero
PAC010124,65,97.9,184,28.9,138,93,145,89,100,120,7.7,236,49,127,379,1.44,56,4.4,36.0,14.9,0,2232,7.9,15,11,0,12.9,4,M,no,sedentario
PAC010125,33,95.6,158,38.3,90,102,119,68,72,60,4.9,156,43,129,90,0.97,95,3.2,28.2,10.9,4,8946,7.4,22,34,1,10.2,10,F,no,ligero
PAC010126,18,65.8,147,30.5,83,84,119,84,75,85,5.0,225,62,95,122,1.03,74,3.1,32.9,12.0,6,5105,6.8,24,33,3,9.7,4,M,no,ligero
PAC010127,74,70.0,162,26.7,104,114,162,99,78,93,5.1,247,50,106,117,0.4,73,5.1,42.9,13.9,0,512,7.3,5,6,0,10.2,4,F,si,activo
PAC010128,78,86.9,205,20.7,134,91,137,86,72,130,7.6,287,57,144,216,1.12,83,7.0,45.5,15.0,0,5330,10.4,16,6,0,10.1,10,M,si,sedentario
PAC010129,65,83.4,160,32.6,94,83,161,106,70,111,5.0,247,51,115,164,0.77,68,8.2,37.9,15.1,0,2142,5.1,0,6,1,10.1,6,F,no,ligero
PAC010130,49,109.5,142,54.3,110,103,162,112,87,67,4.9,261,45,131,259,0.4,70,9.4,30.7,18.0,0,4225,6.0,6,9,5,10.3,5,M,no,sedentario
PAC010131,74,85.7,200,21.4,121,104,142,93,87,137,8.5,199,39,226,410,1.18,75,7.0,38.4,13.6,0,3390,8.7,11,11,1,11.1,10,F,no,ligero
PAC010132,68,80.6,140,41.1,100,102,146,102,70,116,6.1,257,47,130,286,0.4,82,2.0,22.5,13.8,0,6434,6.0,8,15,3,11.5,6,F,si,sedentario
PAC010133,70,76.5,153,32.7,97,101,158,105,76,88,5.9,258,43,109,287,0.4,83,5.9,42.3,15.8,2,3448,4.8,16,7,2,10.5,2,F,no,ligero
PAC010134,71,71.0,202,17.4,113,90,142,88,94,135,7.2,171,35,162,301,1.28,95,7.5,38.6,14.9,0,4534,9.3,13,15,1,10.8,7,F,no,sedentario
PAC010135,62,112.5,140,57.4,116,85,174,115,75,102,5.4,167,44,123,136,0.4,55,2.8,35.1,16.8,0,500,5.1,11,0,1,10.6,8,M,si,sedentario
PAC010136,28,71.1,154,30.0,78,92,104,72,92,96,4.4,189,69,116,195,1.15,104,2.7,13.9,9.1,4,14961,6.8,15,26,2,7.9,9,F,no,ligero
PAC010137,48,72.7,157,29.5,126,95,146,99,72,100,6.5,241,54,122,197,0.52,79,3.5,24.1,14.4,0,7757,7.0,5,4,3,11.1,5,M,si,sedentario
PAC010138,19,72.8,162,27.7,72,100,102,69,54,79,4.4,169,62,130,47,1.06,76,0.5,36.0,14.8,8,9199,9.1,0,2,6,2.0,0,F,no,activo
PAC010139,72,98.3,202,24.1,127,98,124,89,69,127,6.5,190,30,140,236,1.12,62,6.8,49.0,15.3,0,7264,9.8,15,2,0,10.7,4,F,si,sedentario
PAC010140,50,52.4,187,15.0,87,118,132,64,66,92,6.0,195,62,77,96,0.97,92,0.7,32.5,14.8,6,13822,8.2,0,0,5,5.5,1,M,si,sedentario
PAC010141,74,71.8,146,33.7,95,90,179,106,85,117,5.2,221,48,122,208,1.05,73,4.0,42.5,16.0,2,3573,4.8,0,2,1,12.3,8,M,no,sedentario
PAC010142,49,119.2,196,31.0,115,90,159,92,71,123,6.0,202,28,99,329,0.95,58,5.2,18.8,14.1,0,3138,9.0,25,1,0,8.9,6,M,si,sedentario
PAC010143,88,126.9,197,32.7,111,105,147,87,72,122,8.3,240,25,185,208,0.77,91,6.1,26.1,16.6,0,646,6.8,17,3,3,14.5,8,M,no,sedentario
PAC010144,35,63.8,164,23.7,94,96,98,70,94,113,4.7,221,66,125,117,1.04,115,3.9,26.4,8.7,6,5213,8.4,12,36,0,8.9,5,F,no,sedentario
PAC010145,72,85.1,195,22.4,128,104,135,87,85,111,6.6,236,38,112,257,1.03,67,6.0,34.8,15.5,0,6020,6.8,17,11,1,14.2,7,F,si,sedentario
PAC010146,28,55.2,171,18.9,86,85,108,84,65,95,5.0,130,40,110,76,0.97,120,0.1,41.2,13.1,12,10594,10.2,6,0,6,5.8,4,F,no,sedentario
PAC010147,29,68.8,160,26.9,60,103,126,76,84,95,6.2,187,70,85,53,0.97,100,8.0,6.1,11.1,4,7956,7.9,15,30,2,6.8,10,F,no,activo
PAC010148,42,74.6,164,27.7,76,100,137,77,59,68,4.9,169,78,59,70,1.15,106,0.1,8.5,15.0,6,9437,7.9,10,0,9,10.4,1,F,no,sedentario
PAC010149,67,53.4,140,27.2,110,100,138,93,82,71,5.1,199,59,168,68,0.76,63,3.6,33.8,16.5,2,1311,4.8,5,10,4,12.8,8,M,no,sedentario
PAC010150,73,73.8,146,34.6,97,103,168,86,81,73,6.8,178,52,164,172,0.4,57,10.8,39.4,15.2,0,1327,6.5,5,11,3,14.0,6,M,si,sedentario
PAC010151,26,54.1,166,19.6,87,100,112,70,51,62,5.3,138,67,128,40,1.29,94,0.1,35.4,13.9,12,14033,8.6,1,11,8,5.3,2,F,no,activo
PAC010152,43,46.2,162,17.6,74,90,105,72,66,60,5.6,209,61,115,183,1.53,86,0.8,33.9,15.6,8,8141,8.1,0,0,6,6.0,3,M,no,sedentario
PAC010153,28,53.8,167,19.3,115,86,97,78,48,69,5.9,213,78,126,122,1.31,106,3.4,41.1,14.4,8,11785,8.3,0,0,5,5.9,0,M,si,ligero
PAC010154,50,82.5,192,22.4,134,84,132,90,76,117,6.9,209,30,215,366,1.39,47,4.8,32.1,13.4,0,2864,9.0,19,11,3,10.4,6,F,si,sedentario
PAC010155,71,76.7,156,31.5,95,94,140,98,72,127,5.5,216,40,100,244,0.4,96,7.2,41.2,17.6,6,4267,6.4,19,10,2,16.6,7,M,no,sedentario
PAC010156,68,110.6,181,33.8,100,110,151,78,82,125,6.2,274,40,150,261,1.22,78,9.1,32.8,12.4,1,1071,9.9,9,0,4,12.3,8,M,si,ligero
PAC010157,30,65.7,164,24.4,85,105,112,71,67,103,4.1,146,80,108,40,1.0,99,1.2,31.8,12.0,9,13018,7.5,0,6,7,6.5,2,F,no,activo
PAC010158,34,56.5,168,20.0,73,105,122,55,64,68,4.9,154,67,119,40,1.28,122,0.1,23.6,14.8,4,14895,9.6,0,12,6,4.2,2,F,no,ligero
PAC010159,75,83.2,154,35.1,95,78,152,101,66,119,6.0,249,25,175,235,0.51,71,6.2,22.9,17.5,0,2469,5.3,4,0,2,8.0,5,M,si,sedentario
PAC010160,64,75.7,140,38.6,106,100,170,102,73,95,5.2,213,42,138,157,0.66,66,4.7,25.6,16.1,2,500,4.0,14,0,1,11.2,4,F,no,activo
PAC010161,45,48.7,166,17.7,81,91,108,69,60,81,4.0,230,68,89,40,0.84,106,3.0,34.5,14.1,6,12608,9.6,1,0,4,10.3,0,F,si,ligero
PAC010162,86,74.8,160,29.2,104,79,173,102,91,94,5.6,231,41,148,162,0.49,23,5.4,26.9,15.8,0,4937,6.7,16,0,3,16.8,5,F,si,sedentario
PAC010163,19,79.0,148,36.1,81,95,126,92,80,96,5.6,201,71,123,152,0.93,87,1.5,29.9,11.3,4,10434,8.4,15,32,0,8.3,8,F,no,ligero
PAC010164,18,78.2,175,25.5,88,99,110,56,70,68,5.0,199,67,110,151,1.13,94,0.1,34.4,17.1,7,11340,8.2,2,15,6,7.6,1,F,no,ligero
PAC010165,68,105.3,145,50.1,93,101,164,90,78,119,5.5,186,54,132,311,0.4,60,7.5,29.7,16.9,0,2771,6.0,11,7,2,6.0,7,F,no,ligero
PAC010166,40,64.4,161,24.8,70,104,130,76,67,97,5.4,177,59,91,63,0.95,109,0.1,43.2,14.4,9,17504,7.7,19,0,4,6.5,0,F,no,ligero
PAC010167,56,85.0,198,21.7,114,110,130,86,68,102,7.6,255,33,183,310,1.06,75,4.6,38.7,13.6,0,500,8.3,12,0,2,11.7,6,F,no,sedentario
PAC010168,46,82.6,144,39.8,112,99,147,98,87,108,7.1,212,53,178,131,0.4,60,6.2,28.8,17.4,0,5824,7.1,9,3,2,12.6,8,M,no,ligero
PAC010169,82,89.9,145,42.8,95,106,170,99,96,94,5.5,231,29,145,268,0.74,60,7.4,20.1,17.4,0,2702,6.2,4,11,2,12.5,7,F,no,activo
PAC010170,27,86.9,148,39.7,111,99,114,65,94,71,5.1,200,52,73,40,1.03,74,0.1,33.1,11.0,9,11653,7.1,7,29,2,5.3,8,F,si,sedentario
PAC010171,65,80.5,191,22.1,121,110,147,79,74,148,7.3,192,37,165,262,0.96,97,6.7,39.4,14.7,1,3204,8.4,19,4,0,9.3,10,M,si,sedentario
PAC010172,18,56.2,160,22.0,90,87,116,63,63,64,5.7,154,46,80,65,0.86,69,3.3,34.2,12.4,6,9757,8.9,17,14,2,5.2,8,M,no,sedentario
PAC010173,44,61.9,165,22.7,83,76,112,64,63,93,5.1,158,80,145,57,1.42,91,4.0,17.3,16.1,15,15665,8.6,0,6,6,2.0,2,M,no,ligero
PAC010174,67,89.2,193,23.9,112,105,169,95,85,119,8.1,208,25,141,359,0.98,79,7.1,42.8,13.0,0,4259,8.3,8,13,2,8.3,6,F,si,ligero
PAC010175,76,90.7,204,21.8,120,94,129,87,75,86,7.2,230,34,149,264,1.22,55,5.2,49.8,15.5,1,500,10.1,8,4,0,11.0,10,F,si,sedentario
PAC010176,68,73.0,140,37.2,120,98,149,96,82,105,5.8,196,43,134,113,0.4,58,4.6,39.4,16.1,0,2858,6.0,6,9,1,14.7,8,F,no,sedentario
PAC010177,27,78.1,161,30.1,64,97,94,53,70,104,4.1,184,47,97,55,1.02,65,3.4,5.0,11.9,5,8820,8.4,21,18,3,10.8,3,M,no,ligero
PAC010178,35,46.6,143,22.8,80,82,125,80,85,98,4.7,201,70,116,173,1.22,107,4.3,5.0,14.5,3,11856,8.2,29,25,4,11.5,7,F,si,sedentario
PAC010179,68,91.3,146,42.8,115,102,158,112,81,137,6.1,184,60,189,201,0.47,65,5.8,25.7,16.2,0,7399,5.0,2,1,0,10.7,6,F,si,ligero
PAC010180,54,83.5,205,19.9,122,96,135,94,89,119,6.0,257,40,183,261,1.38,98,9.7,34.6,11.8,0,3174,9.5,12,4,1,12.4,8,F,no,sedentario
PAC010181,26,53.9,177,17.2,80,88,123,66,74,90,5.2,191,58,98,110,0.75,92,3.3,14.0,11.7,4,7640,5.5,30,33,2,11.5,5,F,no,sedentario
PAC010182,74,88.9,205,21.2,123,114,153,78,67,143,8.1,228,25,202,274,1.14,78,6.7,41.7,14.2,0,500,9.4,0,3,0,16.0,6,M,si,activo
PAC010183,18,52.2,170,18.1,80,99,125,73,62,108,5.2,191,71,66,143,0.86,110,1.2,38.7,14.1,6,12352,8.6,0,6,5,5.6,1,M,no,activo
PAC010184,45,64.9,169,22.7,89,82,120,76,62,83,4.6,188,46,73,201,0.8,126,0.1,10.2,11.9,5,8672,8.9,14,25,3,7.8,5,M,no,sedentario
PAC010185,63,86.1,154,36.3,103,92,152,80,79,113,5.8,265,25,127,217,0.55,58,4.2,23.5,16.6,6,8258,4.2,13,5,6,10.7,7,M,no,sedentario
PAC010186,76,86.6,188,24.5,116,95,154,82,83,139,8.1,202,45,142,212,1.35,102,7.9,31.6,15.6,0,647,8.4,10,3,2,8.6,10,M,no,sedentario
PAC010187,18,94.7,149,42.7,99,84,110,78,81,83,5.5,150,68,116,98,1.09,113,1.2,22.4,9.8,3,7824,9.5,13,21,5,12.2,7,F,no,sedentario
PAC010188,28,73.6,159,29.1,68,103,114,81,53,95,5.1,176,63,103,85,1.08,128,1.8,44.0,13.9,12,13852,8.4,14,7,4,3.4,2,M,no,activo
PAC010189,55,88.7,160,34.6,95,89,156,107,74,96,5.9,249,25,113,187,0.4,69,8.1,30.5,19.0,0,1898,5.9,15,0,0,12.8,6,M,si,ligero
PAC010190,18,44.2,152,19.1,104,95,91,78,64,114,4.5,193,52,133,40,0.97,122,3.3,22.7,13.9,11,14656,8.1,10,0,5,8.4,1,F,no,sedentario
PAC010191,81,93.5,140,47.7,122,92,162,100,83,105,6.9,257,43,100,216,0.6,101,5.5,28.9,15.8,1,500,5.0,5,6,2,13.6,8,F,si,sedentario
PAC010192,71,82.1,193,22.0,114,85,125,99,78,144,7.8,291,39,138,315,1.38,78,5.4,39.6,14.7,0,7573,8.8,6,2,0,17.7,10,M,no,sedentario
PAC010193,18,66.1,167,23.7,85,116,94,58,67,101,5.4,158,63,117,40,0.94,85,0.1,27.3,14.0,5,13343,7.2,0,3,6,5.2,7,F,si,ligero
PAC010194,58,63.5,182,19.2,73,105,93,88,62,99,4.2,201,83,78,80,1.0,118,5.1,44.5,14.5,12,7204,9.4,8,0,6,2.8,2,F,si,activo
PAC010195,30,55.2,182,16.7,74,121,116,84,65,97,4.0,159,82,111,61,0.96,97,0.1,32.1,14.4,12,12491,8.1,3,0,4,11.8,2,F,no,sedentario
PAC010196,18,74.4,161,28.7,81,84,122,88,88,80,5.0,265,73,122,52,0.67,67,0.1,18.6,12.2,5,4537,9.6,29,16,0,13.2,8,M,si,ligero
PAC010197,76,92.6,197,23.9,108,97,139,97,88,132,7.4,214,26,166,271,1.3,60,9.1,29.1,15.6,1,5065,7.9,12,12,0,9.9,9,M,si,sedentario
PAC010198,38,61.9,158,24.8,87,109,118,81,71,85,5.1,210,73,76,105,1.01,111,1.4,42.3,15.4,6,12050,8.3,5,0,5,6.5,4,M,no,ligero
PAC010199,90,61.4,172,20.8,88,104,165,81,81,146,7.8,258,59,176,226,1.28,79,8.6,37.2,15.1,0,1203,10.5,9,4,2,9.3,6,F,si,sedentario
PAC010200,72,96.5,164,35.9,104,97,137,95,67,121,5.4,242,33,114,247,0.4,81,5.3,29.8,16.8,2,911,7.6,12,0,4,10.2,8,F,si,sedentario
PAC010201,18,53.2,160,20.8,66,104,130,74,80,107,5.8,227,69,87,107,0.85,100,3.3,48.9,15.3,11,12814,8.8,11,0,6,6.3,5,M,no,sedentario
PAC010202,27,61.7,170,21.3,74,95,123,82,56,66,5.4,179,89,149,40,1.22,130,4.6,31.4,13.7,8,10974,8.9,7,0,4,6.9,0,M,no,activo
PAC010203,73,88.0,194,23.4,124,108,158,90,84,135,6.9,239,46,160,319,1.1,65,7.7,45.8,13.5,0,5937,7.0,2,4,1,7.7,9,F,si,sedentario
PAC010204,64,104.7,198,26.7,129,109,156,83,73,115,6.7,181,61,169,212,1.08,100,8.0,26.4,15.4,1,3518,10.4,11,5,0,10.0,7,M,si,activo
PAC010205,76,109.1,192,29.6,116,102,151,60,73,163,7.0,294,46,182,267,1.07,99,7.2,47.3,13.6,2,2693,11.0,3,1,1,11.8,2,M,no,ligero
PAC010206,36,43.2,165,15.9,72,108,110,77,56,80,5.2,182,88,59,40,1.15,101,1.7,44.9,14.0,15,14343,7.7,6,0,4,5.4,6,F,si,sedentario
PAC010207,68,71.6,147,33.1,103,84,182,110,81,79,5.9,199,47,145,173,0.64,79,2.9,45.3,15.3,0,4130,5.1,8,0,3,16.7,4,F,si,sedentario
PAC010208,18,59.3,170,20.5,60,100,113,66,66,106,4.8,201,57,76,44,0.94,126,0.1,43.7,15.9,9,11354,8.9,0,7,5,7.2,0,M,si,ligero
PAC010209,18,70.0,168,24.8,86,109,90,71,61,94,5.2,166,72,70,99,1.31,72,0.2,32.2,13.7,10,13528,9.5,0,0,5,9.8,1,M,no,activo
PAC010210,18,86.8,145,41.3,83,91,115,62,94,87,5.0,208,61,110,40,1.01,90,0.8,20.0,11.1,2,12474,8.1,9,13,1,10.1,4,M,no,sedentario
PAC010211,89,88.4,140,45.1,74,96,145,119,81,97,5.0,246,61,133,206,0.62,99,4.9,42.0,16.4,0,10514,7.8,9,6,3,12.6,10,F,no,ligero
PAC010212,65,88.5,146,41.5,103,87,181,101,76,101,4.9,230,46,146,263,0.69,86,6.7,37.5,17.4,2,5378,5.5,5,0,2,14.8,9,M,si,ligero
PAC010213,70,82.3,148,37.6,106,87,172,99,75,109,6.3,236,39,132,123,0.45,51,7.8,34.3,15.2,0,4618,5.2,1,0,2,10.4,3,F,no,ligero
PAC010214,19,76.3,166,27.7,64,97,133,77,67,84,4.4,209,36,64,45,0.9,111,3.1,33.0,12.7,3,7362,8.6,21,30,2,7.6,6,M,si,ligero
PAC010215,74,80.6,158,32.3,112,101,150,81,66,97,5.0,199,54,121,117,0.58,106,6.1,35.5,14.8,2,3854,5.8,0,4,1,9.5,10,F,no,ligero
PAC010216,41,53.6,153,22.9,100,103,111,73,57,95,4.5,189,60,81,40,0.81,90,0.1,23.6,16.2,14,9414,7.7,0,0,8,5.1,3,F,no,ligero
PAC010217,65,99.7,150,44.3,116,93,172,106,83,144,5.8,243,38,143,144,0.65,86,6.3,35.3,15.0,2,500,5.7,11,11,4,12.9,4,M,si,sedentario
PAC010218,18,68.2,171,23.3,79,88,126,77,89,72,5.4,210,66,95,40,0.88,101,0.1,11.4,11.9,6,10393,8.8,15,23,2,15.4,7,F,no,ligero
PAC010219,55,88.7,187,25.4,117,100,132,90,80,136,6.9,226,44,161,221,1.04,87,3.6,30.5,14.8,1,9720,9.2,19,14,2,12.0,5,M,no,ligero
PAC010220,30,70.0,162,26.7,90,106,90,61,50,107,4.8,185,68,143,40,1.15,89,2.2,29.8,13.8,9,12917,7.1,8,14,7,5.3,3,F,no,ligero
PAC010221,18,61.6,179,19.2,84,118,118,70,52,86,4.3,176,73,118,67,1.19,118,0.8,37.6,17.5,10,13511,8.4,4,0,7,3.1,5,M,no,activo
PAC010222,71,98.2,190,27.2,108,113,130,65,82,135,6.3,182,37,188,226,1.34,72,7.8,30.2,15.4,3,5517,8.9,2,5,1,10.5,9,M,no,sedentario
PAC010223,50,63.3,158,25.4,81,101,133,76,80,93,4.8,146,58,93,97,0.94,94,4.0,30.0,11.3,5,6913,8.8,28,20,1,12.1,9,M,no,activo
PAC010224,66,81.3,154,34.3,89,98,172,109,76,136,7.1,245,38,118,258,0.41,89,6.5,37.8,13.1,2,7313,5.1,9,0,2,13.7,6,F,no,sedentario
PAC010225,39,54.3,147,25.1,88,104,125,94,45,62,4.6,202,68,106,40,0.93,71,0.1,20.2,15.5,6,12346,9.0,1,4,6,4.1,1,F,no,ligero
PAC010226,30,59.7,163,22.5,87,96,152,77,67,100,5.3,176,62,139,83,1.22,122,7.3,26.1,10.2,10,12552,9.8,26,28,1,10.5,7,F,no,ligero
PAC010227,18,75.5,162,28.8,60,104,99,82,67,60,5.6,110,67,109,123,0.84,120,0.1,30.0,17.1,6,14006,7.0,0,0,7,6.0,1,M,no,activo
PAC010228,48,98.7,140,50.4,109,109,167,106,86,93,5.8,210,38,156,262,0.4,56,4.8,22.8,16.0,2,7251,5.9,17,10,1,9.8,7,M,si,ligero
PAC010229,59,99.8,205,23.7,123,118,130,91,96,115,6.2,244,73,167,260,1.12,70,9.8,44.3,16.6,0,4745,8.3,17,3,3,10.0,7,F,si,sedentario
PAC010230,24,53.6,152,23.2,85,122,103,68,66,80,4.6,121,38,74,193,0.72,110,0.1,43.4,15.5,8,11958,6.6,6,0,7,4.1,0,M,no,ligero
PAC010231,20,48.4,169,16.9,86,106,103,91,55,97,5.3,161,74,115,40,1.05,116,0.3,44.7,15.1,6,17194,9.2,0,1,8,4.2,3,F,no,ligero
PAC010232,81,84.3,140,43.0,91,90,158,84,70,108,5.1,263,41,145,104,0.43,88,3.7,36.3,14.6,7,3553,5.8,17,23,0,17.4,9,F,no,sedentario
PAC010233,18,67.4,165,24.8,62,103,121,63,60,91,4.6,175,66,96,151,1.2,82,0.1,28.1,13.0,7,12733,8.6,9,9,5,6.6,4,F,no,sedentario
PAC010234,18,83.3,178,26.3,84,98,122,67,62,82,5.1,130,54,75,55,1.01,119,0.1,33.6,16.5,11,11477,6.2,6,0,8,10.1,3,M,no,ligero
PAC010235,22,80.7,144,38.9,89,109,143,87,93,76,5.3,135,36,126,130,1.09,94,0.4,36.0,8.4,6,9368,8.3,8,22,4,12.6,1,M,si,activo
PAC010236,39,60.0,170,20.8,87,88,98,75,68,71,4.2,196,63,104,54,1.2,109,1.4,39.8,14.8,9,13426,8.8,0,5,6,6.2,3,M,no,ligero
PAC010237,38,40.0,176,12.9,84,99,109,70,61,94,4.4,215,51,90,40,1.07,87,0.1,47.6,14.5,13,8311,10.7,0,3,5,10.9,4,M,si,activo
PAC010238,38,63.9,157,25.9,79,97,145,74,77,78,4.7,165,42,157,99,0.85,121,0.1,12.1,11.4,0,4138,9.2,23,16,2,9.2,10,F,no,sedentario
PAC010239,60,84.2,205,20.0,123,104,138,101,86,119,7.7,212,35,181,329,1.42,55,7.7,28.8,15.3,1,11381,9.3,6,21,1,8.2,10,M,no,sedentario
PAC010240,45,77.3,152,33.5,118,90,171,102,79,110,5.8,227,28,131,220,0.4,80,3.4,20.3,16.5,5,5950,4.4,0,5,2,16.2,8,F,si,sedentario
PAC010241,47,75.7,161,29.2,90,83,116,63,78,80,7.1,185,55,98,85,1.02,95,1.5,26.6,13.7,5,9453,8.0,17,35,3,7.2,9,M,si,ligero
PAC010242,70,70.3,145,33.4,96,96,137,97,84,118,5.3,192,57,150,271,0.51,66,7.0,28.5,17.1,0,6790,6.9,6,7,0,7.2,8,M,si,sedentario
PAC010243,77,91.3,205,21.7,116,94,150,66,84,112,6.5,267,29,146,284,1.31,83,6.5,34.3,14.4,0,1848,8.8,7,9,0,12.9,9,M,si,sedentario
PAC010244,33,73.9,179,23.1,84,93,90,79,78,80,4.3,196,90,78,131,0.94,74,2.8,24.4,14.2,6,7222,7.0,8,0,7,5.6,3,M,si,sedentario
PAC010245,87,112.4,187,32.1,117,110,122,76,73,126,6.4,260,68,156,341,1.12,55,8.5,48.4,14.5,0,6849,8.5,11,7,2,13.8,8,F,no,ligero
PAC010246,74,89.9,197,23.2,114,80,179,89,79,105,7.6,251,28,158,227,1.36,65,2.7,38.8,16.4,0,500,10.7,4,0,2,8.7,8,M,si,ligero
PAC010247,32,57.9,176,18.7,96,102,103,96,65,101,5.1,172,49,98,40,1.08,110,0.1,30.2,13.6,7,7185,8.4,6,0,6,6.7,1,M,si,activo
PAC010248,39,57.1,157,23.2,60,108,97,67,62,87,5.4,172,74,73,40,1.18,101,2.7,33.9,16.3,7,12510,6.3,0,0,6,6.4,2,M,si,activo
PAC010249,18,86.8,168,30.8,71,101,129,76,68,82,5.0,110,69,129,40,1.14,116,0.1,32.2,14.4,5,13032,9.1,6,0,6,6.9,6,F,si,ligero
PAC010250,77,98.8,176,31.9,112,98,147,82,56,120,7.0,257,25,175,235,1.23,85,7.5,48.5,13.3,2,3556,8.2,22,0,1,10.1,9,M,si,sedentario
PAC010251,24,48.9,172,16.5,93,101,117,75,63,92,4.0,147,79,112,58,1.12,101,0.1,30.6,16.2,11,12821,9.3,0,0,5,9.3,6,M,no,sedentario
PAC010252,53,71.2,167,25.5,92,82,124,72,47,69,4.2,161,77,126,106,1.16,86,0.1,39.8,16.4,8,9762,9.5,1,0,6,5.8,2,F,no,ligero
PAC010253,49,78.2,198,19.9,136,102,146,78,84,148,8.1,249,25,174,340,1.19,73,8.3,47.6,14.6,0,2349,9.3,6,2,0,7.1,1,F,si,sedentario
PAC010254,36,45.7,155,19.0,100,101,107,87,74,66,6.4,176,61,103,40,0.91,102,2.9,29.3,11.1,9,10941,10.1,26,24,2,10.4,6,M,no,ligero
PAC010255,60,83.6,168,29.6,123,108,153,99,58,112,6.0,216,53,146,290,0.57,73,1.3,19.7,15.7,0,500,4.9,0,2,5,12.0,7,M,no,sedentario
PAC010256,18,75.2,140,38.4,86,80,128,78,78,119,6.0,202,51,125,106,1.11,108,3.4,35.8,12.3,7,6091,9.8,22,30,0,10.5,10,F,no,sedentario
PAC010257,75,98.0,195,25.8,118,99,151,99,86,140,7.3,265,37,183,316,0.94,86,5.6,30.7,13.6,2,7062,7.9,22,17,2,7.3,6,F,no,ligero
PAC010258,45,105.1,193,28.2,93,91,125,82,85,109,8.0,235,39,166,206,1.13,85,10.2,36.3,11.1,0,2578,9.4,18,0,2,8.0,3,M,no,sedentario
PAC010259,42,89.8,161,34.6,81,104,114,76,62,81,5.1,195,77,99,40,0.89,84,0.1,24.5,13.8,8,13131,7.2,0,13,6,2.4,1,M,no,ligero
PAC010260,89,96.6,159,38.2,112,104,192,93,72,92,6.3,204,46,101,215,0.46,65,4.9,19.5,15.8,0,5518,6.3,6,10,2,15.1,5,F,no,sedentario
PAC010261,33,68.7,160,26.8,84,93,104,72,75,91,4.6,190,64,93,114,0.97,114,0.1,32.7,9.9,5,8522,6.6,34,27,2,6.9,8,F,no,ligero
PAC010262,73,90.9,180,28.1,109,104,128,94,90,168,6.5,234,25,213,230,1.12,54,9.4,57.2,14.4,0,1185,8.3,20,0,3,8.5,9,M,si,sedentario
PAC010263,18,70.3,157,28.5,79,112,131,82,55,73,5.4,168,68,82,68,1.08,99,0.1,42.1,13.4,8,10072,8.0,2,2,6,4.5,3,M,no,ligero
PAC010264,18,55.9,178,17.6,100,79,129,86,67,111,5.9,162,75,64,67,1.16,89,2.7,32.7,16.4,9,9169,6.5,9,10,7,4.0,3,M,si,ligero
PAC010265,51,83.2,195,21.9,100,90,146,75,98,121,7.0,209,28,141,240,0.92,86,6.7,40.5,17.2,0,2972,6.9,11,4,0,13.7,8,F,no,sedentario
PAC010266,89,58.5,155,24.3,101,88,148,96,77,91,4.0,193,38,138,204,1.05,111,6.0,34.8,15.6,1,4787,5.7,8,12,0,13.5,9,M,si,ligero
PAC010267,55,84.4,201,20.9,108,94,134,101,76,131,7.7,235,25,108,239,1.21,59,6.5,33.8,16.5,1,500,10.7,6,7,2,10.1,2,M,si,ligero
PAC010268,42,83.1,140,42.4,97,96,156,119,65,118,5.2,173,34,137,199,0.4,67,4.4,28.0,15.5,4,6921,6.5,12,0,3,14.3,5,M,si,ligero
PAC010269,78,69.5,202,17.0,127,99,147,99,91,117,7.1,252,26,115,233,1.31,101,7.6,39.8,13.7,1,1566,8.1,5,10,0,10.1,4,M,si,sedentario
PAC010270,51,103.3,181,31.5,113,89,132,62,76,128,6.7,263,33,122,354,1.24,81,7.4,41.9,15.5,0,2110,8.3,11,0,2,12.8,5,F,no,activo
PAC010271,31,72.9,152,31.6,70,97,125,78,82,100,6.0,225,56,78,120,0.95,126,4.2,23.6,11.9,5,11517,8.1,20,29,2,11.0,7,F,si,activo
PAC010272,33,73.9,153,31.6,76,108,116,86,52,86,4.2,154,73,110,96,1.01,86,0.1,14.8,13.5,8,8921,8.3,0,0,6,7.2,4,F,no,ligero
PAC010273,37,71.9,158,28.8,64,112,120,89,69,121,4.0,163,60,104,40,1.03,74,3.3,39.7,16.3,8,12482,10.2,10,0,4,6.7,4,F,no,activo
PAC010274,43,66.5,145,31.6,82,79,117,65,94,87,5.6,194,48,74,107,0.78,81,2.9,17.6,11.9,8,7963,7.2,16,12,4,10.1,7,M,no,ligero
PAC010275,18,58.2,174,19.2,80,110,90,76,60,64,4.4,179,60,75,42,0.74,106,0.1,41.9,14.5,10,11776,8.7,6,0,4,8.7,3,M,no,ligero
PAC010276,59,59.3,177,18.9,81,119,100,80,66,85,4.0,147,49,115,40,1.14,90,3.1,40.7,13.2,6,11494,8.9,0,0,5,11.0,4,M,no,ligero
PAC010277,18,56.8,173,19.0,77,100,90,74,50,85,5.0,110,39,118,84,1.53,115,3.1,43.2,12.5,6,13783,6.9,9,6,5,5.8,5,F,no,activo
PAC010278,81,91.7,194,24.4,133,105,124,87,93,126,7.9,251,32,177,256,1.0,75,7.0,34.1,17.2,0,6331,8.9,14,18,0,7.9,8,M,si,sedentario
PAC010279,18,69.2,153,29.6,81,120,115,81,86,104,4.7,201,76,83,89,0.77,129,3.2,23.6,10.4,6,11450,7.8,25,11,2,8.8,9,M,no,ligero
PAC010280,43,75.1,174,24.8,78,96,140,76,66,94,5.9,182,47,85,104,1.14,120,1.6,32.5,17.1,5,14151,9.2,7,0,6,3.5,0,F,no,ligero
PAC010281,18,52.1,169,18.2,61,113,137,64,64,91,5.1,145,74,95,40,0.97,125,3.2,32.0,15.9,5,10866,8.6,10,0,6,6.6,1,F,no,ligero
PAC010282,26,64.7,170,22.4,96,115,123,59,65,70,4.8,140,67,76,66,1.04,115,4.3,7.9,15.9,7,11059,8.6,4,6,5,2.5,3,M,si,sedentario
PAC010283,54,101.4,185,29.6,128,102,133,96,85,135,6.8,259,51,122,295,0.9,79,10.5,23.9,18.0,0,3475,9.0,6,5,0,14.3,10,F,no,ligero
PAC010284,83,86.3,146,40.5,134,85,146,105,99,77,5.2,189,43,125,277,0.4,59,0.2,17.5,16.7,2,7497,5.2,15,12,2,12.2,5,F,si,sedentario
PAC010285,56,95.0,192,25.8,119,102,147,101,82,126,8.0,192,32,207,299,1.08,61,8.9,27.7,13.9,0,4049,9.5,6,0,0,6.1,7,F,si,ligero
PAC010286,65,79.4,140,40.5,137,95,146,99,73,124,6.4,301,25,141,111,0.47,115,2.4,27.7,15.3,3,7443,6.9,7,7,6,12.2,3,F,no,sedentario
PAC010287,18,89.4,163,33.6,80,93,141,76,86,97,5.5,178,51,127,109,0.79,100,3.6,22.2,10.0,10,6486,9.6,20,26,3,12.2,9,F,no,sedentario
PAC010288,55,87.9,205,20.9,103,122,151,96,71,116,7.3,235,25,169,145,1.15,61,7.5,32.3,16.9,0,500,9.3,0,0,3,13.1,8,F,no,sedentario
PAC010289,68,65.6,155,27.3,103,88,164,78,76,100,5.7,233,53,175,164,0.82,60,5.8,46.5,16.7,2,2988,6.9,0,0,2,15.2,5,F,no,sedentario
PAC010290,67,61.4,140,31.3,104,89,173,79,96,112,5.8,232,38,156,140,0.65,86,2.7,37.0,17.2,0,4128,6.1,1,0,1,12.3,6,F,no,sedentario
PAC010291,71,94.9,145,45.1,107,105,165,98,74,124,5.2,195,26,116,208,0.78,81,0.1,41.3,17.5,0,1258,5.4,8,4,1,12.2,5,F,si,activo
PAC010292,50,111.0,188,31.4,120,91,135,89,70,141,7.2,244,64,113,238,1.1,89,6.9,33.8,15.9,1,3566,8.9,22,9,0,12.0,4,F,si,ligero
PAC010293,36,78.0,161,30.1,97,100,132,74,70,94,5.2,168,60,129,129,0.97,82,5.7,20.5,11.5,6,12895,7.9,10,6,4,12.1,10,F,si,sedentario
PAC010294,69,102.8,205,24.5,127,113,149,93,76,105,7.4,204,32,167,275,0.89,85,8.5,41.1,12.2,0,500,9.4,12,9,1,13.6,6,F,si,ligero
PAC010295,23,52.3,172,17.7,78,109,132,77,57,83,5.7,177,53,130,179,0.8,68,4.6,32.1,15.0,5,11368,8.4,0,0,4,4.9,3,M,no,ligero
PAC010296,58,114.9,195,30.2,130,100,154,85,61,146,6.3,241,33,124,277,1.0,50,9.6,31.6,14.5,0,5632,9.1,17,14,1,12.1,7,F,si,sedentario
PAC010297,41,65.8,159,26.0,60,102,134,80,71,88,5.0,201,74,64,103,1.07,112,0.1,58.1,14.6,9,14599,7.5,0,2,6,5.7,0,M,si,sedentario
PAC010298,18,67.7,158,27.1,92,106,109,75,82,78,6.6,134,68,152,135,1.2,110,2.2,28.4,11.0,8,8480,6.1,18,16,2,7.5,6,F,si,ligero
PAC010299,18,56.1,160,21.9,80,110,130,71,85,117,4.8,155,59,158,153,1.03,123,2.2,5.0,12.2,9,6424,6.2,14,30,3,13.9,6,M,si,sedentario
PAC010300,76,111.0,203,26.9,114,99,148,85,89,113,6.7,213,26,126,274,1.04,44,14.4,43.2,16.6,2,2270,9.2,14,4,0,8.0,6,F,no,ligero
PAC010301,72,81.4,158,32.6,104,84,160,89,76,72,5.6,246,38,128,105,0.74,107,2.9,35.3,16.7,0,9298,7.0,17,0,1,16.1,9,M,no,activo
PAC010302,38,89.1,163,33.5,74,94,138,68,53,97,6.5,166,62,40,144,0.98,93,1.8,34.1,16.2,13,11172,8.9,0,11,5,9.0,2,F,no,ligero
PAC010303,18,56.8,171,19.4,62,90,125,77,62,93,5.6,167,55,106,98,1.19,130,1.1,26.3,15.7,7,10333,9.2,5,0,7,7.4,2,M,no,ligero
PAC010304,69,111.4,144,53.7,94,95,151,92,92,96,5.8,280,38,150,236,0.4,66,2.9,25.0,15.6,2,7807,5.6,3,0,0,11.0,6,F,si,sedentario
PAC010305,47,51.9,157,21.1,67,96,135,76,78,102,4.5,153,55,84,155,1.11,98,2.8,13.4,13.6,4,7325,7.1,16,19,3,11.7,8,F,si,sedentario
PAC010306,69,104.3,198,26.6,122,111,137,80,81,139,7.1,300,28,134,244,1.07,62,6.2,27.4,16.9,1,8613,9.6,23,7,4,10.0,9,M,no,ligero
PAC010307,44,98.4,205,23.4,134,116,158,72,81,135,7.1,261,36,148,249,1.05,67,6.3,33.8,13.8,0,1075,8.5,12,7,1,14.4,8,M,no,sedentario
PAC010308,67,99.1,198,25.3,129,111,139,93,85,127,7.4,268,40,174,226,1.17,51,4.0,36.4,18.2,0,2315,7.0,17,7,1,8.5,2,F,no,sedentario
PAC010309,72,78.1,202,19.1,112,104,133,89,71,131,6.9,239,25,148,295,0.92,107,8.1,42.0,15.3,1,2838,9.3,9,9,2,6.6,7,M,si,sedentario
PAC010310,18,76.7,160,30.0,102,109,105,69,49,111,4.6,170,83,93,132,1.09,98,0.1,45.8,14.7,7,14904,8.5,2,0,7,7.2,1,M,si,ligero
PAC010311,39,56.4,157,22.9,78,109,120,71,62,93,4.3,177,83,56,81,1.02,130,2.0,44.0,14.6,9,10465,8.9,0,0,6,11.6,0,F,no,activo
PAC010312,84,94.9,153,40.5,124,99,132,106,85,116,5.8,243,60,145,134,0.57,48,4.5,21.7,15.8,0,6350,6.0,13,6,3,11.2,5,F,si,ligero
PAC010313,71,126.0,184,37.2,113,114,121,82,77,146,6.9,245,50,130,275,1.27,92,3.6,38.7,15.3,0,500,8.2,2,15,2,9.9,6,M,si,activo
PAC010314,18,55.4,165,20.3,60,96,140,70,64,76,6.0,139,82,134,93,1.09,82,0.3,36.1,13.9,8,12975,8.3,0,0,5,4.6,1,M,si,activo
PAC010315,87,78.4,140,40.0,102,98,163,95,63,107,5.6,229,51,153,290,0.71,75,2.6,32.0,16.0,1,8767,6.6,24,0,4,10.7,5,F,no,sedentario
PAC010316,78,78.0,140,39.8,133,83,155,102,55,98,7.0,253,52,221,166,0.57,81,0.3,26.4,18.2,3,3212,6.0,7,3,2,12.4,4,M,no,sedentario
PAC010317,57,107.6,192,29.2,111,97,162,90,80,125,7.8,226,45,104,275,1.02,101,4.9,32.0,16.7,0,2357,9.5,16,18,2,9.5,9,F,si,ligero
PAC010318,50,76.1,196,19.8,144,110,154,98,71,146,7.1,274,38,95,286,1.34,64,3.8,32.9,13.7,0,4313,9.6,7,7,4,9.7,6,M,si,ligero
PAC010319,21,51.0,163,19.2,95,96,114,71,63,96,4.0,168,54,120,93,0.81,107,1.9,45.4,14.6,3,10814,9.8,1,18,3,2.0,4,F,si,ligero
PAC010320,31,61.7,158,24.7,99,82,128,98,84,87,5.6,206,63,143,149,0.91,87,7.7,16.8,11.0,1,6197,7.1,18,29,1,11.0,10,M,si,ligero
PAC010321,33,104.1,191,28.5,99,88,140,91,83,137,6.7,247,38,136,212,0.96,82,1.3,44.2,14.3,3,6254,10.0,2,0,4,9.0,9,M,si,ligero
PAC010322,18,69.0,170,23.9,81,101,96,78,74,89,5.1,199,53,121,47,0.97,112,2.9,37.5,12.6,7,8919,7.0,12,24,0,7.0,8,M,si,sedentario
PAC010323,43,79.2,154,33.4,112,91,117,71,85,85,4.2,176,63,156,139,0.85,77,0.1,30.0,13.5,6,8422,8.5,15,29,1,10.8,4,M,no,activo
PAC010324,28,76.3,152,33.0,78,77,117,83,92,96,4.3,196,41,97,65,0.93,124,4.8,26.9,11.5,8,11507,8.6,24,17,1,10.1,2,M,no,ligero
PAC010325,41,73.2,165,26.9,76,120,120,73,67,89,4.7,200,83,80,72,1.34,98,1.0,26.2,13.1,11,10790,9.8,0,0,5,9.9,6,F,si,sedentario
PAC010326,66,103.3,141,52.0,104,89,142,110,82,72,6.8,225,61,179,196,0.4,67,5.4,29.1,15.6,0,4454,7.5,17,0,3,11.3,3,F,si,sedentario
PAC010327,90,94.7,205,22.5,112,115,144,88,59,115,5.8,209,41,195,359,0.95,54,7.4,30.5,14.5,4,5446,8.0,16,1,0,9.3,6,F,si,sedentario
PAC010328,23,63.4,167,22.7,90,118,117,75,65,94,4.8,194,36,132,57,1.26,78,0.7,37.8,17.8,11,9155,8.5,0,0,4,2.6,6,F,no,ligero
PAC010329,59,102.3,205,24.3,112,92,143,78,94,123,7.1,202,36,139,224,1.37,102,7.7,36.6,14.5,0,2606,10.0,8,2,2,13.1,4,F,si,sedentario
PAC010330,72,76.5,148,34.9,101,91,187,96,66,60,6.0,232,40,186,150,0.54,64,2.9,26.3,14.2,0,4094,7.9,10,6,1,10.5,8,M,si,sedentario
PAC010331,18,48.3,174,16.0,84,114,108,73,85,71,5.0,183,74,105,55,0.93,103,0.2,47.0,13.2,8,13941,7.9,0,0,6,4.7,4,M,no,ligero
PAC010332,18,59.8,160,23.4,68,87,124,56,45,60,5.4,145,77,127,93,0.94,98,3.1,33.4,16.2,11,13558,8.6,13,1,5,2.9,3,M,no,sedentario
PAC010333,77,98.1,152,42.5,108,100,139,93,77,126,5.0,189,28,154,132,0.4,66,2.5,46.0,17.8,0,4502,6.5,1,9,2,9.0,1,F,si,ligero
PAC010334,69,78.8,142,39.1,114,94,143,97,74,105,5.1,217,51,146,217,0.4,58,3.7,15.2,15.8,2,6814,7.3,19,3,1,10.4,2,F,no,sedentario
PAC010335,57,116.7,188,33.0,124,98,132,102,90,128,7.1,277,44,148,160,1.2,67,7.9,33.8,16.6,0,500,10.0,10,13,0,8.6,8,M,si,ligero
PAC010336,74,104.4,199,26.4,107,100,119,88,78,136,8.3,222,50,202,196,0.92,83,3.9,30.0,16.1,0,1757,9.2,8,4,5,10.0,6,M,si,ligero
PAC010337,40,66.9,184,19.8,95,81,122,80,89,99,5.2,157,63,88,130,0.86,114,1.3,10.1,9.8,4,14720,7.4,12,19,3,9.0,8,M,no,sedentario
PAC010338,77,80.6,202,19.8,106,110,149,78,77,146,7.9,270,25,116,243,1.62,105,6.8,36.7,14.4,0,2272,8.8,17,11,1,10.0,10,M,no,sedentario
PAC010339,23,61.2,162,23.3,86,114,131,65,56,77,5.0,143,66,84,153,1.38,130,3.8,44.9,17.3,11,18422,8.7,9,9,5,4.4,3,F,si,activo
PAC010340,18,80.4,149,36.2,94,83,127,65,90,118,5.5,224,63,78,116,0.97,94,3.0,13.8,12.4,3,9768,8.0,16,33,0,10.3,9,M,si,sedentario
PAC010341,84,90.4,155,37.6,99,96,158,96,68,100,5.1,207,57,64,105,0.66,79,2.9,33.2,15.2,1,554,7.4,1,8,2,8.9,6,F,si,activo
PAC010342,75,86.4,159,34.2,108,109,152,100,78,102,6.4,175,44,160,223,0.4,61,6.1,18.4,13.4,6,5772,7.6,13,11,3,11.0,6,M,no,sedentario
PAC010343,18,84.9,173,28.4,84,95,107,69,51,87,4.7,168,76,65,40,0.9,88,0.1,47.1,15.5,8,10990,8.0,8,4,6,3.8,0,M,si,activo
PAC010344,47,84.7,201,21.0,109,110,138,88,78,118,6.8,271,36,156,273,1.52,76,4.9,29.5,16.7,0,2690,9.4,6,7,1,11.6,8,F,si,sedentario
PAC010345,60,113.2,205,26.9,117,111,139,86,86,126,7.2,192,77,124,327,1.11,61,9.5,28.5,13.7,0,1369,9.3,18,12,1,10.4,4,M,si,sedentario
PAC010346,64,94.2,202,23.1,107,104,141,89,67,127,7.2,263,47,100,243,1.07,76,8.4,14.8,13.3,0,7512,8.7,16,7,2,8.5,10,F,si,ligero
PAC010347,19,65.1,168,23.1,81,101,100,55,66,104,4.7,168,72,118,60,1.4,73,0.4,24.0,13.8,4,14821,7.5,11,3,8,5.7,0,F,no,sedentario
PAC010348,79,110.8,192,30.1,116,113,167,83,73,154,5.9,268,29,131,160,1.13,102,2.6,34.2,13.0,1,5413,9.1,13,13,0,5.0,10,F,no,ligero
PAC010349,60,77.1,200,19.3,109,107,128,80,72,135,6.5,208,25,104,117,1.06,52,6.1,29.0,12.8,0,3534,9.6,7,0,0,11.6,6,F,si,sedentario
PAC010350,34,74.2,165,27.3,60,99,119,59,68,106,4.4,163,67,73,78,0.86,99,1.0,18.1,13.6,14,18120,7.1,2,0,3,7.4,1,M,no,activo
PAC010351,18,62.9,182,19.0,71,90,123,56,57,123,4.4,200,55,63,90,1.01,89,1.6,48.5,14.8,10,11089,7.1,4,4,7,2.0,3,M,no,ligero
PAC010352,79,92.3,149,41.6,99,121,149,112,84,93,6.3,189,45,117,108,0.54,38,1.1,35.2,15.6,2,3142,6.2,5,0,0,9.0,8,F,si,activo
PAC010353,18,77.0,164,28.6,85,85,143,71,73,100,6.6,179,33,80,90,0.67,95,6.2,16.9,13.5,4,9538,10.6,15,22,3,14.8,5,F,no,ligero
PAC010354,20,58.2,167,20.9,76,91,145,78,63,112,4.0,190,77,101,109,1.11,101,0.1,52.9,14.3,10,13024,8.0,0,0,7,4.7,2,F,no,ligero
PAC010355,36,78.5,153,33.5,113,91,122,61,80,83,5.4,131,70,123,127,0.72,95,2.0,21.9,9.7,3,7967,8.2,31,15,0,8.7,7,F,si,sedentario
PAC010356,67,106.3,140,54.2,104,124,157,90,76,102,5.2,196,43,143,197,0.52,83,1.9,40.4,14.4,1,6309,6.6,4,5,0,14.3,8,F,no,sedentario
PAC010357,18,40.0,150,17.8,84,103,114,68,78,75,4.4,160,48,108,40,1.12,95,0.1,52.7,13.2,11,9673,6.5,19,8,5,9.1,5,M,no,ligero
PAC010358,70,104.8,191,28.7,126,97,144,92,79,127,6.7,234,27,137,297,1.31,71,10.2,35.4,12.7,1,2121,9.2,13,0,0,15.3,8,M,no,sedentario
PAC010359,18,72.8,166,26.4,111,97,119,76,88,110,4.6,147,62,133,121,1.07,84,3.4,9.5,14.0,6,11930,9.2,2,21,2,9.4,8,M,no,sedentario
PAC010360,61,96.0,203,23.3,103,112,128,89,60,153,7.0,259,45,111,220,1.27,89,7.1,36.4,16.0,0,1460,10.7,0,14,1,12.2,5,M,si,ligero
PAC010361,79,109.4,156,45.0,105,84,153,102,73,94,5.0,189,25,110,133,0.44,59,2.1,30.0,17.7,2,8299,6.2,17,0,5,15.1,10,M,si,ligero
PAC010362,81,79.1,140,40.4,120,82,175,105,90,133,6.9,207,56,146,227,0.54,80,5.1,29.5,14.8,0,2725,5.8,0,6,3,10.9,8,M,no,activo
PAC010363,66,91.5,151,40.1,102,115,178,89,75,99,6.2,240,43,95,175,0.61,62,5.3,23.6,15.2,0,8152,7.1,9,2,1,9.6,4,M,no,activo
PAC010364,79,91.3,141,45.9,109,88,177,90,65,114,7.4,240,40,134,201,0.58,63,5.3,28.5,17.5,2,5320,5.1,16,0,1,13.7,9,F,si,sedentario
PAC010365,83,100.0,196,26.0,134,107,141,85,75,134,6.6,271,61,207,216,0.99,50,7.1,49.7,14.7,0,6924,8.9,14,9,2,10.2,10,M,no,sedentario
PAC010366,54,92.7,140,47.3,108,82,167,109,62,60,5.5,288,56,153,136,0.4,63,6.6,21.2,15.5,5,4557,5.4,11,10,3,15.6,8,F,no,sedentario
PAC010367,69,113.0,186,32.7,129,87,128,84,89,111,6.6,204,31,184,277,1.2,85,6.8,37.1,16.3,4,7389,7.2,5,14,2,13.6,6,F,si,ligero
PAC010368,90,82.3,140,42.0,97,106,180,115,74,103,6.2,226,49,172,223,0.54,73,3.4,25.7,15.1,1,2019,7.3,12,1,2,12.8,4,M,si,activo
PAC010369,24,80.7,147,37.3,81,96,109,69,68,83,5.7,206,64,88,124,0.67,87,2.3,12.3,10.8,4,11811,6.8,25,31,2,12.6,7,F,no,ligero
PAC010370,68,84.0,142,41.7,109,75,166,79,84,72,6.2,258,69,154,92,0.53,67,2.7,17.3,16.0,5,4373,5.0,17,0,3,16.4,5,F,no,sedentario
PAC010371,58,94.8,159,37.5,112,95,134,106,82,97,6.9,224,51,139,219,0.51,61,4.0,22.5,14.5,0,500,5.5,20,0,0,12.2,8,F,si,ligero
PAC010372,82,105.9,195,27.9,125,103,108,94,91,108,5.9,204,44,58,271,1.27,60,7.3,27.8,16.1,0,873,9.3,3,8,0,9.9,7,F,si,sedentario
PAC010373,81,64.5,156,26.5,94,90,173,105,81,101,6.4,292,35,123,113,0.55,95,4.5,31.1,16.3,0,3021,5.4,1,0,0,11.1,2,M,si,ligero
PAC010374,64,97.0,145,46.1,110,105,165,107,85,83,6.0,208,30,180,175,0.41,88,6.1,5.0,14.3,1,3328,6.7,9,2,2,14.5,10,F,no,sedentario
PAC010375,18,87.7,166,31.8,70,88,108,90,66,103,5.1,231,74,136,40,1.11,112,0.1,28.1,13.0,11,12128,8.1,11,5,6,7.3,4,M,si,activo
PAC010376,74,59.1,140,30.2,89,113,153,103,78,119,4.5,240,40,145,128,0.4,44,2.9,35.8,17.5,2,4992,4.9,6,0,0,10.9,4,F,si,sedentario
PAC010377,18,66.3,169,23.2,99,96,120,70,70,101,4.9,203,67,119,73,1.08,120,1.8,45.5,14.5,3,9986,8.8,10,1,5,5.6,0,F,no,sedentario
PAC010378,80,102.0,205,24.3,111,101,127,84,83,121,7.0,277,42,192,279,1.12,63,8.7,31.5,16.8,0,1103,7.5,20,12,1,11.0,8,M,si,activo
PAC010379,18,71.7,159,28.4,79,101,108,78,104,60,5.5,188,50,110,140,0.96,103,1.6,32.1,13.1,6,8713,8.1,17,23,0,5.0,7,F,no,sedentario
PAC010380,23,61.7,175,20.1,86,100,107,71,90,84,5.5,186,63,115,130,0.94,110,4.8,15.7,12.8,6,9302,7.1,11,17,0,11.1,6,M,no,ligero
PAC010381,70,104.2,142,51.7,114,98,183,107,76,107,6.8,255,31,155,279,0.54,70,5.5,19.3,16.9,6,2398,6.4,2,13,2,13.1,5,F,no,ligero
PAC010382,28,60.5,168,21.4,64,97,112,89,61,92,5.7,184,66,96,51,0.96,93,0.1,38.5,15.1,10,13966,6.7,0,0,5,6.3,2,M,si,sedentario
PAC010383,90,92.2,196,24.0,98,93,143,86,69,136,7.7,174,47,150,181,1.4,67,6.7,28.5,14.5,1,5531,8.9,17,19,2,4.0,9,M,si,sedentario
PAC010384,50,68.0,157,27.6,75,100,151,70,88,80,5.1,161,62,126,166,0.8,101,3.0,17.9,11.5,6,13005,9.7,14,27,3,11.8,8,M,no,sedentario
PAC010385,29,67.4,158,27.0,87,109,104,79,70,98,4.9,134,73,96,131,1.24,110,0.6,46.6,16.5,10,14363,8.6,7,0,5,2.8,2,F,no,ligero
PAC010386,58,93.8,146,44.0,120,104,141,120,84,95,6.2,219,45,130,154,0.86,75,3.6,38.3,17.4,2,5790,6.8,8,1,1,10.2,6,F,si,ligero
PAC010387,64,93.7,146,44.0,108,113,170,96,74,114,4.7,229,60,132,162,0.4,63,7.0,31.6,14.1,3,10503,5.6,17,4,0,15.5,2,F,no,sedentario
PAC010388,27,43.9,157,17.8,72,88,102,71,65,90,4.5,208,69,113,40,1.04,114,1.1,32.7,11.6,8,9149,5.9,1,11,6,5.4,3,F,si,ligero
PAC010389,44,78.7,171,26.9,84,104,117,70,71,83,4.5,148,79,96,59,1.2,94,1.0,32.4,16.7,8,11222,9.0,5,3,7,7.2,1,F,no,sedentario
PAC010390,64,103.2,184,30.5,114,89,135,85,85,132,7.9,209,55,180,225,1.34,86,10.8,38.3,13.2,0,500,7.6,24,6,5,11.0,8,F,si,sedentario
PAC010391,67,87.3,156,35.9,117,92,166,92,64,100,6.0,270,46,161,264,0.69,23,5.5,25.1,16.4,3,10114,7.5,0,1,3,14.7,7,F,si,ligero
PAC010392,75,77.3,140,39.4,89,99,191,109,72,114,6.3,268,25,164,145,0.4,51,7.1,13.6,15.1,1,2535,5.6,16,14,1,14.8,3,M,si,sedentario
PAC010393,20,90.6,163,34.1,93,94,116,85,87,77,5.8,194,46,98,63,1.19,86,3.0,22.6,10.4,6,9642,7.9,27,19,1,7.2,6,F,si,sedentario
PAC010394,74,87.7,205,20.9,120,95,153,90,80,128,7.3,231,40,183,281,1.21,74,7.6,31.2,15.2,0,500,6.7,11,1,2,5.3,5,M,no,sedentario
PAC010395,50,55.4,155,23.1,71,102,120,85,89,83,4.0,192,47,106,111,0.92,116,2.0,25.7,10.9,5,7961,6.0,29,24,2,10.1,6,F,no,sedentario
PAC010396,64,63.9,140,32.6,99,98,148,81,66,95,4.8,263,40,133,165,0.61,86,6.1,43.3,15.1,4,6938,8.2,12,0,3,10.2,8,F,si,ligero
PAC010397,18,66.5,148,30.4,78,107,112,63,78,66,5.3,182,82,147,148,0.9,88,3.9,15.0,13.6,5,8163,6.7,22,16,5,8.9,10,F,no,sedentario
PAC010398,33,63.3,167,22.7,77,96,132,60,83,122,5.3,199,51,167,43,0.84,102,3.0,24.9,11.6,1,7893,9.8,18,23,1,8.9,5,M,no,activo
PAC010399,18,70.3,168,24.9,88,87,121,77,65,106,5.1,202,57,86,123,0.88,99,1.7,49.7,13.7,9,11403,10.2,0,0,8,2.9,0,M,no,sedentario
PAC010400,64,96.1,146,45.1,92,100,156,87,50,109,5.9,180,63,146,183,0.63,69,1.2,43.2,16.4,4,3776,7.0,9,2,4,11.3,8,M,si,sedentario
PAC010401,70,82.9,197,21.4,104,105,157,91,92,117,8.5,218,33,163,210,1.11,83,6.0,30.5,14.4,0,5454,8.4,12,9,2,8.6,5,F,no,sedentario
PAC010402,64,87.1,190,24.1,125,122,137,95,83,97,6.6,257,40,132,207,0.99,92,7.2,41.6,14.6,3,500,8.7,0,2,2,9.2,10,M,no,sedentario
PAC010403,44,71.9,152,31.1,85,115,125,65,67,101,4.1,151,72,129,85,1.24,116,0.1,29.0,15.9,6,12373,8.1,10,0,4,5.7,4,M,no,activo
PAC010404,33,67.2,165,24.7,84,99,113,83,50,98,4.9,159,48,87,145,1.16,73,0.1,21.2,12.2,12,13004,8.5,0,15,6,8.1,0,M,no,ligero
PAC010405,78,93.8,205,22.3,116,115,150,98,91,116,6.3,273,28,139,365,1.26,42,5.7,27.6,13.5,4,3092,9.1,11,0,1,16.5,8,M,no,sedentario
PAC010406,65,108.6,193,29.2,123,99,136,94,81,113,7.7,198,47,180,247,1.18,77,3.5,31.4,15.9,0,7099,11.0,7,15,1,13.5,10,F,si,sedentario
PAC010407,72,53.5,177,17.1,69,103,125,63,67,60,5.0,161,63,152,49,1.2,96,2.1,35.5,12.2,7,13072,8.9,0,4,5,10.2,4,M,no,ligero
PAC010408,65,97.6,157,39.6,110,94,177,88,82,99,6.4,231,45,155,64,0.4,83,2.1,24.4,14.3,0,5114,5.0,5,0,0,7.6,9,M,si,sedentario
PAC010409,24,80.6,157,32.7,74,104,116,71,73,90,6.3,183,50,125,110,1.02,85,3.4,18.0,9.8,5,9449,7.2,3,5,4,2.0,6,M,si,sedentario
PAC010410,73,86.6,196,22.5,100,99,141,86,68,121,7.4,178,25,176,301,1.17,65,5.3,30.9,12.4,0,500,6.2,10,0,2,11.8,8,M,si,ligero
PAC010411,84,108.5,188,30.7,104,111,141,97,92,140,8.1,228,40,177,189,1.17,54,4.8,38.3,15.4,0,3059,8.8,23,1,1,9.3,8,M,si,sedentario
PAC010412,71,105.6,144,50.9,91,109,162,103,80,86,5.9,231,53,117,187,0.4,83,4.1,47.7,16.6,1,3364,5.8,31,7,5,14.0,6,M,si,sedentario
PAC010413,22,97.4,169,34.1,99,88,121,70,90,91,5.9,220,75,65,40,0.55,96,3.5,16.8,9.1,2,8912,8.0,17,23,3,5.2,6,M,no,sedentario
PAC010414,26,57.2,158,22.9,62,112,108,75,95,89,4.6,139,51,73,193,0.57,93,4.5,19.0,11.2,6,7830,6.6,16,22,1,8.6,4,M,si,ligero
PAC010415,45,40.8,167,14.6,78,105,129,59,56,100,5.2,171,70,75,209,1.0,75,2.1,34.5,14.5,13,13283,8.7,4,0,5,3.9,2,F,no,activo
PAC010416,42,92.9,205,22.1,118,96,136,81,74,102,7.2,260,41,100,230,1.34,69,3.5,18.3,12.4,3,3702,7.9,12,4,2,10.1,9,F,si,sedentario
PAC010417,18,78.3,162,29.8,90,94,141,76,82,78,5.9,203,57,77,209,0.96,95,6.8,11.3,13.3,5,9689,8.3,20,23,0,8.5,5,M,si,sedentario
PAC010418,24,40.0,153,17.1,61,95,106,77,68,84,5.6,165,73,91,102,0.66,92,0.2,52.4,16.5,12,13502,9.5,0,0,4,10.6,2,M,no,ligero
PAC010419,29,62.2,153,26.6,81,88,111,95,70,81,4.2,199,59,40,40,1.09,114,1.0,27.6,15.6,8,8672,8.1,0,4,6,4.4,0,F,no,ligero
PAC010420,40,57.9,151,25.4,86,104,103,62,65,64,5.7,169,91,86,50,0.7,99,1.5,45.4,14.3,9,11465,9.3,21,0,5,4.2,2,F,no,ligero
PAC010421,69,40.0,175,13.1,91,81,93,76,64,88,5.3,169,68,116,81,1.12,93,0.1,13.7,15.8,9,7671,9.4,0,6,6,5.7,9,F,no,ligero
PAC010422,90,89.9,140,45.9,87,91,142,97,70,95,5.2,249,35,189,169,0.63,76,7.5,38.0,15.6,5,6923,7.0,10,2,1,16.2,7,M,si,sedentario
PAC010423,22,60.1,158,24.1,61,98,110,70,71,86,4.3,185,62,121,40,0.9,78,2.3,29.0,17.8,11,11555,8.3,3,0,10,5.8,1,M,si,sedentario
PAC010424,48,91.6,197,23.6,104,84,135,88,72,125,7.0,220,25,114,239,1.0,74,6.2,43.9,14.8,1,2329,9.2,16,0,1,13.4,10,M,no,sedentario
PAC010425,59,75.8,143,37.1,88,83,141,99,73,87,6.3,264,55,120,170,0.44,83,4.6,27.3,13.8,2,2261,4.4,6,5,1,17.6,9,F,si,ligero
PAC010426,32,69.6,175,22.7,81,109,106,73,57,90,4.0,143,83,146,146,0.92,108,0.4,30.9,13.8,7,15898,8.3,4,0,6,2.0,0,M,si,sedentario
PAC010427,90,80.7,145,38.4,111,95,168,91,82,86,5.8,201,32,145,125,0.58,112,5.3,23.6,15.1,0,500,6.4,1,5,4,11.7,5,M,si,sedentario
PAC010428,73,61.2,140,31.2,92,82,144,99,78,85,5.2,213,73,142,208,0.4,76,7.5,27.1,17.9,3,3488,6.9,8,9,2,9.4,10,F,si,sedentario
PAC010429,31,45.1,165,16.6,76,96,131,69,61,79,5.0,156,72,70,79,1.03,118,1.0,40.4,11.4,6,18832,8.8,9,0,4,2.8,4,M,no,ligero
PAC010430,18,74.5,158,29.8,82,79,134,77,77,107,4.9,145,46,90,83,0.42,77,3.8,27.9,12.6,3,2883,8.6,17,27,3,10.5,7,F,si,activo
PAC010431,40,46.6,170,16.1,83,92,137,58,70,104,5.6,171,63,95,68,0.96,112,0.1,29.5,15.4,11,14123,8.0,10,0,5,10.4,4,F,no,sedentario
PAC010432,87,73.1,144,35.3,114,109,143,109,70,81,7.4,214,57,172,153,0.75,39,0.9,50.8,15.7,0,3203,8.3,8,9,2,15.1,5,M,no,sedentario
PAC010433,40,77.2,150,34.3,88,91,107,82,78,118,4.8,157,58,112,117,1.36,125,0.1,20.8,10.6,2,3158,7.4,18,22,0,8.4,9,F,no,sedentario
PAC010434,58,95.6,153,40.8,94,115,142,100,69,112,4.8,235,35,169,127,0.67,52,5.4,37.9,15.8,0,2146,6.0,3,0,5,13.6,7,M,si,ligero
PAC010435,55,65.4,151,28.7,101,94,156,97,82,101,5.3,191,25,72,258,0.44,78,5.3,22.7,16.7,2,5839,6.2,26,4,2,6.2,9,M,si,ligero
PAC010436,50,63.7,168,22.6,76,98,125,70,58,95,4.7,174,56,49,40,1.18,84,0.1,25.8,13.5,7,11802,10.0,0,0,5,2.1,4,M,si,sedentario
PAC010437,44,81.9,159,32.4,66,97,140,77,92,110,5.3,146,53,69,40,0.98,100,2.4,35.9,12.3,0,11028,6.3,23,24,1,12.7,5,F,no,sedentario
PAC010438,36,65.2,168,23.1,62,104,94,79,69,70,4.7,123,63,119,40,0.74,114,0.1,29.5,16.7,3,13760,7.2,1,0,5,2.0,6,M,no,sedentario
PAC010439,65,105.9,194,28.1,124,105,131,87,85,131,5.3,231,35,110,258,1.15,90,9.6,32.1,11.8,0,3378,8.7,11,0,0,13.0,10,M,si,ligero
PAC010440,90,55.1,143,26.9,106,98,160,94,75,93,5.8,242,32,134,77,0.7,59,7.7,26.6,16.0,0,694,5.8,0,2,4,17.3,8,F,no,activo
PAC010441,35,60.3,152,26.1,92,89,125,78,82,100,6.6,159,55,105,100,0.81,81,4.3,15.4,16.5,3,9795,7.9,14,28,0,9.6,8,M,no,sedentario
PAC010442,39,56.2,164,20.9,75,112,105,66,69,86,5.3,197,58,61,50,1.26,93,3.5,58.6,14.0,9,10322,9.7,8,6,5,8.1,0,F,no,ligero
PAC010443,79,94.3,166,34.2,110,101,147,97,82,89,5.1,224,42,148,345,0.4,57,8.5,22.4,13.4,1,2722,5.7,11,3,0,12.8,5,M,no,sedentario
PAC010444,69,82.0,150,36.4,107,102,151,98,76,127,5.8,248,57,187,119,0.7,59,4.8,39.2,14.9,1,5932,5.1,5,18,2,14.5,6,F,no,activo
PAC010445,90,81.0,182,24.5,141,118,114,90,52,139,7.0,264,57,163,324,1.12,59,4.8,41.5,11.1,0,1412,7.3,7,6,2,11.9,10,F,si,sedentario
PAC010446,21,68.5,170,23.7,104,77,138,73,62,77,4.3,147,97,82,51,1.23,130,0.1,46.7,13.6,10,9559,8.7,7,3,9,5.1,3,M,no,activo
PAC010447,18,63.8,158,25.6,69,95,104,69,76,99,5.9,195,55,125,192,0.99,125,4.7,30.6,12.9,6,7940,7.9,14,11,2,9.2,8,M,no,ligero
PAC010448,18,47.9,157,19.4,98,100,100,93,88,61,5.4,239,64,65,183,0.91,89,4.9,26.2,14.5,1,5578,8.7,32,21,0,11.7,10,M,no,sedentario
PAC010449,60,78.1,146,36.6,118,90,162,97,82,80,6.6,267,51,114,175,0.4,71,6.5,52.4,16.0,2,3087,5.9,10,7,3,10.4,4,M,si,activo
PAC010450,26,76.8,172,26.0,88,99,113,71,64,89,4.8,150,70,98,40,0.93,100,0.1,36.1,14.2,5,12282,9.4,0,0,5,6.9,2,M,no,activo
PAC010451,41,70.0,163,26.3,67,83,121,69,55,75,4.0,200,73,89,88,1.38,82,2.0,45.5,16.8,10,9949,7.4,11,3,3,5.4,0,M,si,sedentario
PAC010452,87,104.0,142,51.6,118,107,169,86,72,111,7.2,205,40,122,92,0.4,106,4.9,23.2,13.8,4,6199,5.5,21,8,2,11.4,5,F,si,sedentario
PAC010453,65,77.8,150,34.6,108,95,182,90,67,143,5.2,213,39,162,209,0.53,92,6.4,34.5,16.6,0,7643,6.8,19,2,3,12.8,5,M,si,ligero
PAC010454,35,93.4,172,31.6,82,94,124,80,95,117,4.9,220,50,99,163,0.6,107,1.3,16.9,9.4,1,11528,4.8,21,28,2,7.9,7,M,no,sedentario
PAC010455,28,59.7,163,22.5,86,107,130,72,70,87,5.0,175,69,142,83,1.01,124,0.1,33.7,13.4,9,12219,7.5,0,2,5,3.9,0,F,no,ligero
PAC010456,18,52.4,163,19.7,87,86,92,61,92,102,5.4,203,72,71,40,1.08,66,2.3,21.6,12.5,6,12457,7.9,14,32,1,14.5,8,M,no,ligero
PAC010457,30,83.0,168,29.4,77,106,119,64,75,104,5.0,205,50,90,129,1.14,118,0.1,44.3,15.5,11,10198,6.4,0,0,3,5.6,0,M,no,activo
PAC010458,70,111.2,200,27.8,109,113,116,91,85,139,8.6,267,32,193,294,1.12,85,5.6,35.1,15.0,0,2384,8.2,21,11,0,9.7,6,F,si,sedentario
PAC010459,28,62.5,149,28.2,94,82,129,60,77,69,5.1,151,56,163,255,0.98,114,0.1,28.3,10.3,8,7494,8.2,12,28,4,8.6,8,F,no,activo
PAC010460,66,75.8,144,36.6,125,75,146,103,92,103,6.8,230,37,167,155,0.4,73,3.6,34.6,12.9,7,4396,4.1,14,0,3,13.2,7,F,no,sedentario
PAC010461,38,89.2,157,36.2,98,103,138,79,63,102,5.4,158,89,106,140,1.06,107,0.1,48.0,15.2,12,14304,7.9,0,4,4,4.5,0,F,no,ligero
PAC010462,56,74.8,140,38.2,97,101,163,98,87,115,6.9,221,39,135,240,0.61,61,4.6,26.8,14.1,0,5346,5.0,5,0,5,9.1,6,F,si,ligero
PAC010463,90,76.2,157,30.9,116,91,182,89,93,76,7.1,239,46,160,160,0.8,83,3.4,29.0,16.8,0,1706,5.7,6,0,3,11.0,4,M,si,sedentario
PAC010464,77,76.0,141,38.2,98,100,138,100,82,106,6.0,195,57,152,98,0.48,91,6.6,30.3,14.1,0,1941,6.4,1,0,0,10.1,4,M,no,ligero
PAC010465,69,72.4,143,35.4,110,81,164,101,70,120,5.4,204,63,166,90,0.45,74,2.7,31.3,17.3,3,4566,5.0,0,7,5,13.5,9,M,no,sedentario
PAC010466,48,65.3,147,30.2,114,87,147,106,80,122,6.2,218,61,141,116,0.53,91,3.3,33.9,17.7,3,2680,6.7,9,2,3,13.0,5,F,si,ligero
PAC010467,81,92.8,205,22.1,92,97,119,95,72,118,7.7,183,26,125,315,1.31,55,8.4,38.6,13.4,2,500,8.9,11,4,1,13.3,9,F,si,sedentario
PAC010468,90,94.3,173,31.5,124,113,148,99,74,135,7.0,181,40,134,359,1.04,56,6.9,33.5,13.3,0,6929,9.8,17,1,0,9.9,5,M,no,sedentario
PAC010469,77,79.7,140,40.7,124,78,157,109,76,123,6.0,234,56,149,196,0.4,60,2.9,24.9,17.1,0,2022,5.8,11,9,0,14.2,8,M,si,sedentario
PAC010470,49,83.0,169,29.1,97,95,128,69,99,65,5.5,210,61,82,160,0.65,98,0.1,22.0,10.7,6,8737,8.8,11,21,2,6.8,8,F,no,sedentario
PAC010471,21,76.2,169,26.7,115,92,106,75,86,100,5.8,147,67,99,61,1.13,119,3.0,13.7,10.8,6,4330,7.1,21,27,2,9.8,8,M,si,sedentario
PAC010472,36,66.9,184,19.8,67,109,123,67,80,60,6.0,173,74,111,141,0.95,119,3.9,31.8,14.6,11,12579,8.9,0,0,6,4.4,2,F,no,activo
PAC010473,61,70.1,141,35.3,99,90,162,115,72,72,5.1,189,68,156,168,0.65,58,3.3,33.7,14.7,1,5127,4.7,19,4,4,15.2,6,F,si,ligero
PAC010474,45,64.5,170,22.3,92,106,95,78,70,92,5.4,132,74,89,144,1.08,71,1.2,49.8,14.4,8,13844,8.1,0,0,4,7.1,1,F,no,ligero
PAC010475,24,80.2,148,36.6,107,102,136,79,94,88,5.3,142,63,150,211,0.89,95,1.1,33.3,13.9,4,12187,7.7,13,30,0,13.1,10,F,si,ligero
PAC010476,68,99.7,198,25.4,135,111,152,79,85,128,8.7,248,37,143,271,0.96,87,4.6,38.2,14.0,0,3897,7.8,15,12,2,6.3,10,F,si,sedentario
PAC010477,22,75.2,160,29.4,87,95,115,68,66,82,5.6,170,74,94,65,0.99,128,1.5,29.7,17.1,11,8707,7.5,5,0,8,4.9,4,M,no,sedentario
PAC010478,70,110.6,202,27.1,111,119,119,88,77,166,6.5,256,48,128,311,1.01,78,6.9,33.5,16.0,0,791,9.3,1,12,5,9.4,7,F,no,sedentario
PAC010479,39,66.0,160,25.8,67,113,120,59,63,79,5.4,227,67,92,134,1.12,97,1.7,28.0,14.1,9,16314,7.6,4,0,6,3.5,3,F,si,ligero
PAC010480,31,58.5,153,25.0,78,75,116,82,96,96,5.4,181,60,134,143,1.11,90,1.1,25.2,13.3,5,13168,11.0,19,26,1,12.4,4,F,no,activo
PAC010481,18,83.2,158,33.3,78,97,110,77,100,105,5.6,155,55,123,96,1.16,110,3.1,22.7,13.6,8,5025,8.6,9,26,3,8.7,10,F,si,ligero
PAC010482,29,61.4,164,22.8,83,105,120,68,78,72,4.7,128,63,44,109,1.13,111,1.2,41.0,13.7,13,13547,8.0,7,0,5,4.2,2,M,si,ligero
PAC010483,18,48.7,164,18.1,79,88,115,86,61,72,5.5,110,58,100,146,0.98,113,2.4,38.4,15.3,9,14125,8.6,6,12,4,6.6,2,M,no,ligero
PAC010484,74,73.8,155,30.7,97,87,153,104,96,106,5.6,230,56,132,172,0.4,96,2.9,42.2,17.1,7,7998,6.5,7,0,3,14.9,1,F,si,sedentario
PAC010485,18,81.1,142,40.2,89,99,99,80,75,102,5.6,202,82,130,154,1.06,93,4.4,14.7,12.3,5,6927,9.1,24,34,0,10.7,8,M,no,sedentario
PAC010486,18,66.8,158,26.8,65,91,112,74,63,88,5.3,172,71,171,78,1.32,92,0.1,22.5,16.1,6,16649,9.9,0,0,6,2.1,5,M,si,ligero
PAC010487,23,61.8,166,22.4,80,94,123,79,52,109,5.5,157,80,78,67,1.01,118,1.4,41.9,14.9,7,5890,8.2,0,0,5,8.0,4,M,si,activo
PAC010488,75,80.4,200,20.1,112,88,127,84,90,150,7.3,228,25,180,271,1.05,96,7.4,40.5,13.1,0,6411,8.9,6,11,4,9.0,6,F,no,sedentario
PAC010489,83,70.9,154,29.9,127,89,176,101,79,65,5.3,251,45,123,220,0.68,83,1.3,32.2,14.0,0,3184,4.9,13,10,2,7.6,5,F,no,sedentario
PAC010490,90,84.8,157,34.4,80,87,139,98,59,96,6.6,243,52,130,260,0.54,86,0.1,70.0,15.8,3,2986,5.3,0,0,2,13.7,9,F,si,sedentario
PAC010491,81,91.9,154,38.8,107,80,177,96,76,92,6.8,219,55,165,148,0.46,75,1.9,30.1,18.5,2,3303,5.2,20,4,0,12.9,6,F,no,sedentario
PAC010492,57,88.4,168,31.3,105,113,144,99,65,79,6.0,237,51,154,112,0.4,46,1.0,19.2,13.8,2,1178,8.6,9,8,0,12.2,8,M,si,sedentario
PAC010493,18,80.4,159,31.8,73,119,107,72,81,77,4.2,229,53,154,91,0.95,87,3.6,36.0,13.3,8,9205,9.2,13,0,6,9.9,2,M,no,sedentario
PAC010494,68,60.5,151,26.5,117,95,160,106,89,73,5.8,242,40,113,155,0.4,84,3.4,31.1,17.9,1,500,8.0,22,14,3,15.2,6,F,si,activo
PAC010495,53,83.4,147,38.6,100,110,163,79,70,125,5.6,205,28,99,160,0.42,72,4.8,31.0,15.5,1,3908,6.5,17,7,0,15.0,4,F,no,sedentario
PAC010496,67,111.6,182,33.7,109,88,140,89,66,137,6.3,242,41,134,232,1.09,63,6.4,46.0,14.8,0,4629,9.6,23,13,2,13.5,8,F,no,ligero
PAC010497,63,75.9,154,32.0,127,99,158,113,80,109,5.9,226,73,137,257,0.4,53,7.6,29.1,16.8,2,6142,5.5,16,3,3,12.0,10,F,si,ligero
PAC010498,60,83.1,205,19.8,122,96,120,86,84,130,6.7,176,45,189,230,1.5,89,9.4,21.6,15.2,0,1057,8.4,5,8,2,8.5,9,M,si,sedentario
PAC010499,27,76.0,172,25.7,76,85,119,73,88,67,4.7,133,69,103,153,0.73,98,2.6,24.8,9.5,4,5978,6.4,12,21,2,8.1,3,M,no,sedentario
PAC010500,42,91.1,205,21.7,121,104,150,74,70,117,6.3,249,47,169,269,0.83,75,9.1,26.1,15.8,0,3281,8.5,3,0,3,11.0,7,F,no,sedentario
PAC010501,39,45.7,156,18.8,86,93,104,68,80,105,5.7,190,39,129,115,1.11,95,1.8,16.8,12.9,5,6661,6.6,18,18,1,3.7,10,M,si,ligero
PAC010502,35,87.9,156,36.1,97,98,136,87,74,73,5.7,187,62,129,40,0.78,113,3.4,35.7,12.4,8,5678,7.8,16,26,3,10.4,2,F,si,sedentario
PAC010503,85,101.1,172,34.2,107,106,153,96,96,83,5.9,162,48,94,171,0.4,76,3.1,28.4,16.3,0,2650,6.8,16,4,4,13.9,3,M,si,sedentario
PAC010504,41,80.3,165,29.5,93,95,111,56,74,65,4.7,206,54,74,40,1.08,89,0.1,12.8,8.1,6,3487,5.9,13,25,1,9.0,5,M,si,ligero
PAC010505,71,86.6,148,39.5,111,103,151,100,70,99,6.7,270,58,174,105,0.76,53,4.2,34.5,16.0,1,8497,5.0,21,3,3,10.6,8,M,no,ligero
PAC010506,90,88.1,156,36.2,102,95,178,104,72,90,5.9,262,39,134,199,0.4,85,6.4,27.1,15.8,0,1862,7.2,6,3,2,8.8,6,M,no,ligero
PAC010507,51,88.3,140,45.1,116,110,181,87,84,112,5.9,253,60,160,170,0.4,106,8.8,31.7,16.1,2,6665,5.0,9,19,3,11.5,7,F,no,sedentario
PAC010508,73,95.4,191,26.2,108,113,138,89,62,128,7.0,258,37,164,276,1.2,83,9.7,42.3,14.1,0,500,10.4,1,11,3,10.4,10,F,si,sedentario
PAC010509,42,57.4,183,17.1,77,93,103,72,72,82,5.0,200,72,144,40,1.17,130,5.9,18.3,15.3,7,10997,8.6,0,1,5,2.0,7,F,no,activo
PAC010510,20,50.6,165,18.6,77,98,126,76,45,65,5.4,165,65,109,107,0.93,109,4.5,31.5,13.5,7,13683,9.6,14,2,4,4.2,2,M,no,ligero
PAC010511,90,77.2,160,30.2,113,97,149,88,76,83,5.9,215,41,121,170,0.48,69,6.7,34.6,17.5,5,8611,4.7,9,0,3,13.9,8,M,no,sedentario
PAC010512,72,75.5,158,30.2,93,103,152,105,74,92,5.1,245,42,166,235,0.4,66,4.9,28.0,16.5,0,4369,6.3,18,0,2,8.9,5,F,si,sedentario
PAC010513,76,58.4,155,24.3,107,79,145,89,78,96,5.5,186,43,148,87,0.78,79,7.3,40.6,15.6,2,3921,7.0,0,2,3,12.2,5,M,no,sedentario
PAC010514,69,71.2,140,36.3,93,93,150,105,68,93,6.2,192,49,164,286,0.42,79,5.6,30.8,15.9,0,10147,5.7,15,0,4,10.8,8,F,si,sedentario
PAC010515,29,63.9,168,22.6,98,88,98,79,90,120,5.2,122,56,84,103,0.89,129,4.2,35.3,10.3,7,7244,6.2,8,28,2,5.8,10,M,no,sedentario
PAC010516,77,83.9,190,23.2,126,112,150,86,93,136,7.4,227,44,136,256,1.1,54,3.6,34.0,16.1,3,5657,9.3,9,0,0,9.9,6,F,no,ligero
PAC010517,18,57.9,177,18.5,82,91,141,69,80,100,4.6,145,63,108,145,0.66,98,0.8,21.4,12.2,5,8472,6.8,19,25,2,12.9,10,F,no,activo
PAC010518,34,63.8,154,26.9,90,100,115,70,78,90,5.3,194,47,111,96,0.97,91,4.2,16.4,12.0,8,8636,7.7,18,31,1,12.2,10,F,no,ligero
PAC010519,18,84.3,188,23.9,113,99,104,74,68,97,4.8,110,53,85,106,0.98,116,4.1,40.0,14.8,11,15394,7.8,14,8,6,4.1,3,M,no,ligero
PAC010520,18,74.0,159,29.3,63,93,90,96,89,85,5.6,163,49,98,87,0.93,125,0.5,12.3,12.9,7,4594,9.1,18,29,1,12.3,7,F,no,activo
PAC010521,56,61.6,143,30.1,128,107,157,90,85,90,5.2,233,61,120,234,0.51,58,6.6,42.9,15.3,1,5131,7.0,5,0,1,13.5,6,M,no,ligero
PAC010522,58,120.7,196,31.4,122,90,135,82,74,132,7.4,203,36,135,215,0.95,56,6.8,33.8,15.1,0,4590,6.9,15,11,1,15.8,8,M,no,sedentario
PAC010523,53,76.7,140,39.1,113,98,153,96,83,111,4.8,199,75,153,160,0.4,90,6.9,16.8,16.2,1,5628,4.9,0,4,1,10.1,6,F,si,ligero
PAC010524,87,106.6,197,27.5,96,94,141,90,78,84,8.7,283,44,172,226,1.3,80,8.4,30.0,15.8,1,4375,7.5,10,9,1,9.9,10,F,no,sedentario
PAC010525,21,68.8,163,25.9,115,97,133,96,45,77,5.8,186,67,159,92,1.11,113,1.3,42.5,16.6,4,10322,6.6,0,0,5,8.3,2,F,si,sedentario
PAC010526,90,70.8,142,35.1,98,101,144,112,71,94,6.0,223,40,120,240,0.6,52,0.6,33.4,17.8,4,5358,7.1,9,4,2,14.7,5,M,no,sedentario
PAC010527,18,89.4,153,38.2,92,133,124,82,52,109,5.5,152,77,87,40,0.95,104,0.1,36.9,14.1,7,8341,8.1,0,0,3,7.2,3,M,no,sedentario
PAC010528,27,47.0,179,14.7,77,115,114,73,61,75,5.0,148,68,93,82,1.18,94,1.1,33.0,13.8,5,17819,10.1,5,0,4,4.2,2,F,no,ligero
PAC010529,71,64.0,154,27.0,100,101,149,98,64,80,5.7,264,56,143,142,0.48,86,2.3,27.0,16.1,0,4635,4.4,6,1,0,10.4,1,M,no,sedentario
PAC010530,41,83.4,163,31.4,104,104,153,99,97,109,5.5,241,47,183,206,0.58,77,5.5,51.5,19.0,0,504,4.4,7,0,5,16.5,6,F,si,sedentario
PAC010531,64,93.9,201,23.2,101,101,148,100,85,126,7.7,255,44,210,221,1.12,29,5.2,23.1,15.4,0,5344,8.9,5,5,3,10.3,6,F,si,ligero
PAC010532,82,84.8,182,25.6,116,101,134,80,73,150,7.2,273,32,173,201,1.14,63,3.1,51.7,16.0,0,1219,9.6,0,5,3,10.8,3,M,no,sedentario
PAC010533,62,87.0,191,23.8,139,92,124,77,69,128,8.2,212,25,129,202,0.84,76,5.8,32.9,13.0,0,1293,9.8,7,0,0,9.7,9,F,si,sedentario
PAC010534,18,85.9,144,41.4,79,75,128,76,85,106,5.4,160,41,126,63,0.81,117,0.1,25.7,11.0,5,11168,8.0,27,13,0,4.8,4,F,si,ligero
PAC010535,25,59.2,157,24.0,82,75,141,61,63,108,6.3,140,71,134,40,0.87,95,2.0,7.2,11.1,11,10650,8.0,25,11,0,4.9,8,M,no,ligero
PAC010536,29,98.7,142,48.9,90,109,106,80,70,114,5.3,144,61,104,164,0.94,84,0.6,13.9,13.4,3,10764,7.9,13,35,2,15.5,5,M,no,ligero
PAC010537,22,68.3,175,22.3,89,96,100,86,75,65,4.6,180,67,124,48,1.31,77,0.1,29.1,13.3,5,11814,7.4,0,0,4,6.2,3,F,no,sedentario
PAC010538,34,60.8,164,22.6,78,102,91,73,65,79,5.2,149,43,104,82,1.41,122,0.2,33.7,13.9,6,13757,8.8,0,9,5,3.7,3,F,si,ligero
PAC010539,22,40.0,177,12.8,103,102,111,68,66,62,4.8,202,82,74,40,1.12,94,0.1,35.7,15.6,12,15141,9.2,5,0,6,6.5,0,F,no,ligero
PAC010540,18,91.6,169,32.1,100,98,117,79,70,90,4.7,166,69,112,94,0.99,107,4.9,32.7,11.9,7,11167,6.8,14,15,4,12.5,10,F,no,ligero
PAC010541,81,86.9,201,21.5,103,98,127,98,80,137,8.1,224,44,144,298,1.11,71,3.7,22.8,10.3,0,5608,9.2,5,8,0,8.3,4,F,si,sedentario
PAC010542,68,105.3,202,25.8,92,97,142,73,87,126,7.4,241,52,147,265,1.28,61,4.9,41.8,15.0,1,4678,7.2,9,12,1,12.8,7,M,si,ligero
PAC010543,90,72.2,149,32.5,123,75,163,98,75,94,6.8,216,45,164,155,0.45,92,3.6,23.3,16.2,1,3364,5.6,12,8,3,14.3,5,M,si,ligero
PAC010544,54,86.6,172,29.3,122,105,160,93,87,119,6.2,211,30,155,179,1.16,88,3.3,39.3,14.4,0,5948,10.1,16,0,2,8.8,9,F,si,ligero
PAC010545,28,47.4,168,16.8,92,92,94,72,69,93,5.9,178,60,50,111,1.13,93,0.1,19.8,15.2,7,17373,8.6,4,0,6,6.8,2,M,no,activo
PAC010546,82,92.2,192,25.0,109,96,138,79,96,123,7.3,272,32,132,256,1.24,67,8.3,48.9,13.9,0,1594,7.6,4,3,2,11.8,7,F,si,sedentario
PAC010547,61,101.6,140,51.8,91,86,158,105,89,93,6.6,192,48,106,138,0.57,68,8.6,23.4,14.1,4,4284,5.1,19,13,1,9.9,6,M,si,ligero
PAC010548,32,50.3,158,20.1,61,107,119,84,58,87,5.0,177,70,57,116,0.96,108,8.5,44.4,14.5,8,8282,7.6,3,0,7,2.9,5,M,no,ligero
PAC010549,52,85.1,153,36.4,109,109,142,93,82,95,5.1,241,54,172,155,0.51,79,8.3,19.4,16.9,0,1988,7.2,20,7,4,6.5,3,M,no,sedentario
PAC010550,18,72.4,153,30.9,76,76,141,83,81,91,5.8,202,68,196,121,0.81,79,4.0,27.0,10.6,6,15361,6.5,28,6,0,11.6,5,M,si,activo
PAC010551,70,78.1,140,39.8,124,104,142,104,81,97,6.9,222,42,78,225,0.5,42,3.4,38.4,17.3,0,4129,7.5,6,0,2,13.5,4,M,si,sedentario
PAC010552,76,103.7,140,52.9,101,102,143,97,85,137,5.0,239,46,188,214,0.64,79,7.3,29.3,16.2,3,2443,5.9,0,0,0,11.1,5,F,si,sedentario
PAC010553,40,55.0,154,23.2,103,75,103,74,65,60,5.1,172,74,127,160,1.15,81,1.9,22.7,14.5,8,8161,7.7,4,0,5,11.8,5,F,si,sedentario
PAC010554,73,83.0,205,19.8,140,93,146,91,74,116,7.2,200,36,148,271,0.89,87,4.1,16.5,16.0,0,4311,6.7,14,2,3,15.2,8,F,no,ligero
PAC010555,34,94.0,149,42.3,89,93,147,71,87,87,4.2,153,59,152,171,1.06,102,2.7,26.3,13.9,3,5093,8.3,26,30,1,7.4,8,M,si,sedentario
PAC010556,42,58.9,159,23.3,83,109,108,54,75,68,5.6,174,65,98,121,1.01,115,2.0,21.9,11.9,4,9909,7.8,20,26,0,9.2,9,F,si,ligero
PAC010557,36,76.1,151,33.4,100,107,115,50,59,102,5.8,151,82,77,164,1.19,124,1.3,46.2,14.4,11,12370,8.8,11,0,6,3.2,1,F,no,ligero
PAC010558,18,67.9,165,24.9,66,98,112,74,89,82,4.3,184,53,115,62,1.13,130,5.0,10.5,10.1,9,9384,8.5,30,40,1,4.7,8,F,no,ligero
PAC010559,27,48.8,179,15.2,78,89,133,66,57,75,4.9,228,71,89,155,0.82,98,0.1,45.1,12.9,7,15575,8.6,0,0,3,5.7,3,F,no,sedentario
PAC010560,18,61.7,158,24.7,92,103,137,58,75,60,5.6,160,60,104,116,1.16,93,0.1,52.8,14.8,16,12008,6.8,8,2,6,4.8,0,F,no,sedentario
PAC010561,32,77.0,170,26.6,87,96,121,63,78,95,5.5,215,61,137,118,1.16,121,4.2,16.8,11.5,4,5533,8.2,28,18,3,12.7,10,M,no,ligero
PAC010562,88,72.0,140,36.7,110,97,150,94,75,96,5.1,211,43,128,116,0.41,70,2.8,34.5,12.8,3,500,7.7,18,8,5,12.5,9,F,no,sedentario
PAC010563,90,85.4,156,35.1,108,108,148,95,79,103,5.9,228,48,113,297,0.53,61,5.3,34.1,15.2,1,6150,5.5,5,0,2,15.1,7,M,no,sedentario
PAC010564,77,76.8,141,38.6,79,77,167,92,80,105,5.5,248,51,112,72,0.59,90,6.2,27.3,16.5,2,3350,6.0,11,8,2,13.8,5,F,no,sedentario
PAC010565,30,58.1,158,23.3,86,101,100,64,56,85,5.5,166,67,76,173,0.97,105,0.1,28.2,15.1,12,14911,9.8,0,0,7,4.3,4,M,no,ligero
PAC010566,18,53.9,176,17.4,78,107,102,74,71,96,6.3,182,68,143,76,1.18,119,0.1,26.2,12.8,6,8773,6.8,2,7,5,8.4,2,F,no,activo
PAC010567,28,68.1,158,27.3,84,99,117,86,69,98,6.0,244,57,127,155,1.1,111,4.8,41.0,10.2,0,9246,7.1,18,17,1,10.7,6,F,no,sedentario
PAC010568,45,66.7,181,20.4,92,93,90,76,68,68,5.8,144,77,120,114,0.97,118,3.7,18.9,17.0,7,9183,8.2,9,0,5,7.6,3,F,no,activo
PAC010569,44,101.3,191,27.8,129,108,138,99,70,132,6.4,244,41,199,305,1.11,59,7.2,38.5,14.9,0,1197,8.2,12,6,5,5.8,10,M,si,ligero
PAC010570,90,89.3,140,45.6,107,93,161,90,84,78,5.8,205,43,134,99,0.4,98,7.8,28.0,14.9,4,5040,6.6,12,4,1,13.1,8,F,si,ligero
PAC010571,90,91.5,146,42.9,107,121,149,96,57,139,4.1,178,39,148,260,0.53,92,3.4,28.1,13.9,1,3888,6.0,9,0,3,12.6,4,F,si,sedentario
PAC010572,19,66.8,168,23.7,82,96,119,88,71,109,5.5,186,65,83,74,1.06,95,0.2,30.5,15.8,12,10105,7.7,0,0,4,4.1,1,F,no,activo
PAC010573,43,84.6,200,21.2,104,92,125,87,70,113,5.7,202,25,173,303,0.99,78,8.2,51.3,15.7,0,4550,8.0,0,11,4,6.2,8,F,no,sedentario
PAC010574,62,75.8,147,35.1,104,112,155,110,69,157,6.2,218,41,72,199,0.44,75,4.3,23.4,14.1,3,3560,5.2,22,3,4,13.3,7,F,no,sedentario
PAC010575,62,97.0,189,27.2,120,102,146,88,68,139,7.4,221,31,159,204,1.39,70,6.5,38.7,14.2,0,7998,9.7,13,7,1,6.4,6,M,si,ligero
PAC010576,20,59.4,176,19.2,86,103,108,73,82,91,5.2,128,69,122,76,1.19,112,2.0,23.4,14.7,4,12730,8.4,0,10,9,2.0,0,F,si,ligero
PAC010577,23,64.4,157,26.1,79,100,117,83,84,93,6.0,214,49,80,40,0.97,98,2.8,24.5,10.9,1,10868,6.9,13,23,0,7.6,10,M,no,ligero
PAC010578,90,88.2,140,45.0,96,105,156,90,83,98,5.0,169,57,164,161,0.51,74,7.4,11.7,16.3,2,500,7.6,25,3,2,8.0,7,M,no,ligero
PAC010579,55,64.8,163,24.4,76,94,143,65,68,87,5.0,153,73,122,71,1.32,102,0.1,31.8,15.8,3,5548,7.5,5,0,4,4.7,6,M,no,activo
PAC010580,52,114.6,189,32.1,108,100,147,90,79,152,7.4,184,27,119,259,1.05,51,8.7,39.3,14.0,0,4542,9.2,11,0,1,13.2,10,F,no,ligero
PAC010581,50,67.3,156,27.7,84,96,104,72,66,79,5.2,180,59,115,40,0.79,69,6.8,10.7,10.3,9,8792,8.7,32,28,0,11.4,6,M,si,sedentario
PAC010582,18,72.7,161,28.0,73,117,138,70,77,75,5.7,199,59,86,52,0.98,107,3.7,19.1,10.9,0,10706,8.5,22,20,0,3.9,7,M,no,ligero
PAC010583,47,55.2,159,21.8,96,107,124,71,86,110,6.0,181,64,119,160,1.2,94,1.2,36.6,11.6,4,12596,5.2,18,26,0,15.3,10,F,si,ligero
PAC010584,35,61.2,164,22.8,69,88,120,84,49,94,5.1,151,74,69,97,0.94,98,0.1,32.2,14.0,4,12747,8.9,0,0,2,5.3,4,M,no,ligero
PAC010585,32,99.6,170,34.5,103,78,132,71,81,89,4.0,177,55,82,180,0.69,107,4.9,27.0,8.5,5,9785,9.6,10,14,2,8.0,8,M,no,sedentario
PAC010586,36,52.5,159,20.8,91,75,127,75,79,67,7.0,131,42,102,147,0.69,102,3.3,35.5,13.7,8,8628,8.5,24,24,1,4.7,8,F,si,ligero
PAC010587,34,71.1,140,36.3,73,96,115,78,81,80,4.9,182,50,95,115,1.14,112,2.2,28.5,12.7,1,6043,7.5,24,19,2,11.9,8,M,si,sedentario
PAC010588,72,79.0,145,37.6,119,78,137,97,80,90,6.0,265,61,115,87,0.5,71,3.4,30.7,17.2,3,1219,7.1,15,0,1,11.8,8,M,si,ligero
PAC010589,80,67.5,205,16.1,131,94,135,104,80,139,7.2,212,29,109,289,0.9,63,11.8,26.0,13.5,0,500,8.2,11,0,1,7.4,4,M,no,sedentario
PAC010590,53,61.5,157,25.0,89,98,112,68,63,82,4.9,195,60,67,40,1.2,111,0.1,33.8,14.4,7,16607,8.3,0,0,5,9.5,3,F,si,ligero
PAC010591,22,72.7,165,26.7,86,104,108,67,53,86,4.0,159,76,98,75,1.2,101,0.1,37.0,14.7,6,10542,7.3,0,0,7,3.9,1,M,no,sedentario
PAC010592,57,69.2,192,18.8,135,101,149,91,87,133,7.2,222,47,175,283,0.81,80,6.4,50.5,15.9,0,4529,8.9,10,10,1,13.3,10,F,si,sedentario
PAC010593,90,66.5,151,29.2,108,105,155,97,76,129,5.3,222,43,118,201,0.57,84,6.2,30.7,16.0,0,7202,7.8,16,1,1,10.8,7,F,no,sedentario
PAC010594,34,58.2,163,21.9,87,93,114,57,58,81,4.0,132,43,74,87,1.2,107,1.7,20.1,15.7,12,10410,7.7,0,5,3,4.8,3,F,no,ligero
PAC010595,18,55.7,184,16.5,91,88,110,74,60,116,5.6,191,74,146,117,1.14,88,0.1,38.9,16.3,12,13150,8.8,0,0,5,8.6,1,F,no,ligero
PAC010596,33,51.2,179,16.0,82,114,94,58,58,70,5.5,197,79,98,197,1.21,85,1.4,30.5,14.4,6,12222,9.2,0,8,5,7.5,3,M,no,activo
PAC010597,48,118.4,198,30.2,98,114,124,78,86,134,7.3,288,39,191,263,1.34,85,7.5,63.2,14.8,0,5684,9.2,18,7,2,9.5,6,F,no,ligero
PAC010598,62,73.8,153,31.5,94,76,145,110,83,104,5.4,214,43,132,160,0.59,61,5.0,31.8,16.2,0,6046,4.5,2,0,4,12.4,7,F,si,sedentario
PAC010599,40,95.4,173,31.9,79,106,129,78,61,60,4.5,157,57,108,41,1.08,128,0.1,18.3,14.6,5,16746,10.9,8,1,4,5.1,2,M,no,activo
PAC010600,65,107.1,193,28.8,128,110,125,92,81,140,8.3,268,34,187,205,0.97,82,6.3,14.6,16.0,0,500,8.7,1,14,0,10.2,10,M,no,sedentario
PAC010601,36,70.6,158,28.3,89,78,115,50,74,77,4.3,216,48,80,87,0.89,104,1.8,31.8,12.4,10,6821,8.2,20,18,2,8.2,5,M,si,ligero
PAC010602,50,58.7,156,24.1,110,95,126,92,88,71,6.8,215,71,94,41,1.07,65,4.9,29.1,11.9,4,9673,8.7,19,39,2,5.8,5,M,no,sedentario
PAC010603,53,90.5,198,23.1,103,78,154,83,72,120,6.5,210,42,136,278,1.14,82,1.8,31.8,13.7,0,4844,9.6,13,15,1,13.2,9,M,si,sedentario
PAC010604,76,89.7,159,35.5,85,109,167,97,70,108,6.5,205,76,136,289,0.56,97,1.0,15.1,15.5,0,866,5.7,4,7,2,13.7,8,F,no,ligero
PAC010605,20,68.0,162,25.9,88,75,125,75,85,92,5.5,206,60,118,110,0.92,111,9.4,29.1,10.7,3,10466,8.0,46,14,4,10.7,7,M,si,ligero
PAC010606,34,80.0,151,35.1,68,92,125,61,83,93,4.1,221,60,117,40,0.84,101,1.7,29.5,15.7,9,12742,6.2,0,0,5,8.5,0,F,si,sedentario
PAC010607,18,82.3,156,33.8,70,102,118,71,61,117,5.8,146,63,87,133,0.81,110,2.8,40.3,14.5,8,9303,7.9,9,11,6,5.5,0,M,no,ligero
PAC010608,64,114.1,181,34.8,116,108,134,83,83,114,7.3,187,25,106,255,1.05,65,7.1,42.8,14.2,0,1643,7.5,10,5,2,6.8,6,M,si,sedentario
PAC010609,31,77.6,175,25.3,72,108,134,85,57,79,4.0,183,54,89,116,1.45,130,6.5,31.1,14.4,9,7743,8.4,0,0,7,3.3,1,F,no,ligero
PAC010610,18,76.2,175,24.9,65,103,113,62,50,60,5.4,193,90,134,40,0.83,108,4.5,37.5,14.3,12,12836,8.3,12,12,5,8.2,6,F,no,sedentario
PAC010611,72,89.8,192,24.4,98,112,147,85,80,133,5.8,237,46,191,232,1.15,85,9.7,13.7,13.5,0,4808,8.7,3,10,0,8.5,6,M,no,sedentario
PAC010612,41,54.0,154,22.8,91,110,106,72,59,71,4.3,191,78,102,120,1.08,122,4.1,19.4,14.8,8,16334,8.5,0,0,8,8.7,1,M,no,ligero
PAC010613,85,69.4,142,34.4,74,110,170,101,72,108,5.6,201,52,134,98,0.66,122,6.2,19.1,17.2,0,4278,7.7,5,6,2,9.3,4,F,si,sedentario
PAC010614,22,48.7,177,15.5,60,87,120,78,57,85,5.4,139,68,161,137,1.38,125,0.1,31.6,15.1,7,9835,9.9,4,0,9,4.5,3,F,no,ligero
PAC010615,87,82.2,161,31.7,104,106,158,103,65,90,5.9,192,79,153,196,0.73,60,5.3,30.8,16.3,0,8357,4.1,3,10,2,14.5,4,M,si,ligero
PAC010616,30,75.4,165,27.7,74,95,124,55,64,91,4.9,131,76,76,163,1.02,88,3.4,21.8,16.6,11,14861,9.6,0,0,5,5.0,2,F,no,sedentario
PAC010617,56,94.8,183,28.3,112,114,98,84,90,134,7.0,237,53,85,300,1.36,76,5.6,47.5,14.6,0,500,10.5,5,0,1,14.3,8,M,no,ligero
PAC010618,67,94.4,147,43.7,117,98,151,113,78,118,5.7,230,36,169,137,0.4,47,7.7,36.9,15.0,0,500,7.4,13,12,0,12.5,7,M,si,sedentario
PAC010619,18,69.7,161,26.9,71,94,119,69,59,103,4.4,209,70,88,40,0.73,86,1.8,33.9,15.1,2,10413,7.8,2,2,6,11.3,0,F,si,ligero
PAC010620,23,81.6,140,41.6,87,91,112,73,85,88,6.4,217,54,106,119,0.77,111,0.7,33.3,16.0,5,13538,7.2,32,30,1,9.9,5,F,no,sedentario
PAC010621,56,84.6,151,37.1,103,75,181,102,77,124,5.2,240,52,152,170,0.45,46,1.3,21.4,16.7,2,6033,4.5,8,25,1,16.2,6,M,no,activo
PAC010622,90,47.6,149,21.4,83,95,147,104,78,111,7.3,283,60,149,137,0.8,83,2.7,29.2,16.7,3,6234,7.9,11,12,2,9.0,2,M,no,ligero
PAC010623,32,51.7,153,22.1,87,110,100,81,69,74,6.0,162,80,94,78,1.06,117,1.5,34.4,13.5,9,14338,9.4,0,6,6,7.1,0,F,si,ligero
PAC010624,65,103.3,201,25.6,114,93,120,76,58,112,6.5,257,53,212,201,0.93,82,7.3,56.3,15.4,0,2551,8.3,0,16,2,8.3,10,M,si,sedentario
PAC010625,76,88.0,140,44.9,80,114,166,97,82,108,6.3,213,52,173,157,0.55,101,5.2,35.8,14.6,2,7271,4.3,11,6,4,12.5,6,F,no,sedentario
PAC010626,18,59.3,165,21.8,100,112,117,78,70,79,5.0,193,46,102,105,1.17,124,0.1,29.1,15.3,12,11453,10.8,5,0,5,6.1,0,F,no,sedentario
PAC010627,26,83.0,178,26.2,75,90,150,61,85,106,4.9,195,56,142,127,0.71,98,0.1,20.5,12.1,3,9540,7.5,12,32,3,6.7,6,M,no,sedentario
PAC010628,55,101.0,186,29.2,108,99,156,93,87,124,7.0,250,45,166,212,1.23,55,8.6,31.8,15.4,4,500,8.9,21,11,0,11.8,7,M,no,activo
PAC010629,48,98.4,143,48.1,105,96,156,98,67,85,7.6,246,58,152,155,0.74,84,5.1,29.5,16.2,0,10570,5.9,3,0,6,15.4,9,M,no,ligero
PAC010630,69,97.6,193,26.2,147,83,157,94,89,125,6.1,246,33,109,320,1.07,72,5.6,46.0,14.8,0,2075,10.1,24,0,3,8.4,8,F,no,sedentario
PAC010631,18,63.3,150,28.1,72,92,142,73,83,76,4.5,188,69,154,40,0.94,112,0.1,18.6,12.0,1,9011,10.4,26,20,2,9.9,8,F,si,ligero
PAC010632,55,72.3,154,30.5,106,83,170,92,83,80,4.5,189,51,83,118,0.4,76,4.2,34.9,14.1,3,8432,5.8,12,0,3,12.3,9,F,si,sedentario
PAC010633,90,82.9,140,42.3,113,90,149,99,81,93,5.7,243,38,140,270,0.43,81,7.6,39.6,18.1,4,7942,6.5,9,4,2,12.9,8,M,no,sedentario
PAC010634,21,68.4,160,26.7,73,91,92,72,58,77,4.9,155,100,122,105,1.21,121,1.6,29.8,13.4,11,10138,9.6,0,0,6,6.8,0,F,no,ligero
PAC010635,76,86.9,146,40.8,112,117,163,91,83,84,5.1,198,40,102,283,0.63,95,3.9,23.0,15.9,0,5416,7.2,12,9,1,15.3,5,M,si,sedentario
PAC010636,22,79.0,150,35.1,78,84,130,60,85,104,5.6,236,52,103,40,1.11,101,4.1,25.5,11.0,3,7828,7.6,8,10,3,10.1,4,F,no,ligero
PAC010637,28,76.6,156,31.5,73,103,115,80,88,62,5.8,239,55,119,129,0.79,107,1.5,5.0,10.9,3,11719,8.6,25,18,3,9.6,4,F,si,activo
PAC010638,23,66.0,157,26.8,86,98,115,66,91,100,5.6,166,70,120,185,0.98,87,0.1,13.5,13.7,8,4640,8.4,30,16,1,4.8,6,F,si,activo
PAC010639,58,97.5,197,25.1,117,112,117,80,79,154,7.7,193,32,137,146,0.86,82,9.5,30.0,12.8,4,2999,9.3,14,5,2,12.9,8,M,si,activo
PAC010640,31,67.3,169,23.6,62,105,123,65,60,79,4.8,164,71,96,93,1.01,90,6.1,40.2,15.1,7,12466,7.8,8,6,4,9.2,0,M,no,ligero
PAC010641,29,56.1,161,21.6,77,91,125,56,70,73,5.0,176,64,40,61,1.17,108,1.9,43.4,15.7,3,11636,8.8,16,0,8,5.5,9,F,no,sedentario
PAC010642,56,79.1,199,20.0,102,89,134,89,79,104,6.7,263,34,171,233,0.86,103,5.6,37.8,14.9,0,3773,9.5,15,0,1,8.0,10,M,si,ligero
PAC010643,90,82.1,145,39.0,92,106,161,98,75,121,5.3,211,61,110,252,0.42,72,4.9,35.3,16.3,2,6075,4.8,8,8,2,8.9,4,M,si,sedentario
PAC010644,20,77.0,164,28.6,92,117,108,75,62,61,5.4,138,45,178,40,1.26,70,0.1,28.5,15.9,10,8621,7.4,15,12,5,4.9,1,M,si,ligero
PAC010645,31,53.9,160,21.1,64,96,90,80,73,60,4.6,147,68,116,40,1.16,87,1.5,51.0,16.1,5,12686,10.7,7,0,6,5.0,1,M,no,sedentario
PAC010646,18,76.2,153,32.6,89,99,136,59,71,91,5.4,190,75,119,204,0.79,113,0.5,28.7,13.3,9,5212,6.5,18,36,0,8.6,6,M,no,activo
PAC010647,18,70.1,156,28.8,83,98,90,81,74,109,5.6,183,25,69,153,1.17,106,2.3,25.4,10.7,6,9640,8.1,24,26,3,10.8,9,F,no,ligero
PAC010648,20,76.3,161,29.4,61,94,138,62,76,93,4.0,210,62,79,73,1.14,104,1.6,39.5,13.8,5,11741,9.3,0,13,7,7.2,9,M,no,activo
PAC010649,63,86.8,195,22.8,98,118,148,84,74,119,7.9,254,40,193,169,1.25,54,8.7,45.0,17.6,0,2639,10.5,27,15,0,10.2,5,F,si,sedentario
PAC010650,46,77.0,146,36.1,89,103,158,91,74,89,6.0,260,41,141,125,0.81,72,5.2,32.9,15.6,3,7261,4.3,16,19,2,13.3,4,F,si,ligero
PAC010651,75,87.8,145,41.8,111,95,157,101,54,99,6.5,262,50,149,154,0.4,101,5.5,42.3,15.9,1,4032,5.1,16,0,5,10.3,6,M,si,sedentario
PAC010652,18,97.9,142,48.6,98,102,105,77,79,75,5.7,178,77,109,197,0.8,68,3.6,19.5,13.5,6,8298,6.5,9,14,1,9.4,8,F,no,activo
PAC010653,43,78.6,171,26.9,87,85,118,72,89,107,5.6,170,66,118,112,1.05,98,2.8,26.1,11.0,4,12582,9.1,17,25,3,5.4,8,F,si,ligero
PAC010654,36,46.2,166,16.8,80,104,103,72,59,64,5.5,142,54,103,40,1.1,99,3.1,31.2,15.4,14,15186,9.4,4,10,6,6.3,5,M,no,activo
PAC010655,59,67.4,140,34.4,102,98,163,92,77,105,5.0,251,45,132,40,0.4,76,4.9,15.8,13.9,4,5782,6.1,15,14,1,11.9,7,F,no,sedentario
PAC010656,69,96.4,144,46.5,112,94,149,102,87,101,4.8,269,65,129,175,0.63,75,3.5,24.5,16.6,0,6357,8.0,0,0,3,11.5,10,M,si,sedentario
PAC010657,38,108.0,195,28.4,125,102,149,75,89,137,7.9,223,25,161,201,1.06,66,4.4,57.5,16.5,0,500,9.0,9,3,0,8.3,10,F,no,sedentario
PAC010658,45,67.8,152,29.3,81,94,101,78,68,97,4.0,223,71,113,142,1.02,92,0.1,34.2,16.2,5,12921,10.8,14,0,4,6.4,2,M,no,activo
PAC010659,67,91.3,191,25.0,130,92,124,99,77,143,7.8,223,29,172,319,1.12,81,10.2,36.6,13.9,0,2092,9.6,13,15,1,6.1,4,F,no,sedentario
PAC010660,18,43.6,159,17.2,60,113,122,68,59,78,4.4,160,63,121,156,0.96,101,0.1,44.9,17.1,10,14945,8.3,5,4,6,7.9,6,M,no,activo
PAC010661,54,82.3,145,39.1,105,98,154,94,64,86,5.3,158,52,157,230,0.45,71,4.9,41.4,13.1,5,3048,5.3,15,6,1,13.1,9,F,no,activo
PAC010662,59,95.1,194,25.3,124,103,149,83,98,137,6.8,226,34,141,158,1.4,60,9.9,39.8,14.3,0,500,8.5,15,11,1,10.3,10,F,no,sedentario
PAC010663,80,109.1,194,29.0,106,89,117,102,74,123,6.7,305,39,133,338,1.11,66,6.4,28.0,15.1,1,4033,8.9,21,10,4,13.3,9,F,si,sedentario
PAC010664,45,86.1,146,40.4,105,92,160,94,77,118,6.7,231,62,117,309,0.4,98,6.7,36.1,16.6,0,4291,4.4,16,14,1,12.7,6,M,si,ligero
PAC010665,78,92.9,187,26.6,124,106,140,84,81,152,7.0,242,45,65,304,1.11,61,6.0,46.2,15.7,0,6216,8.9,1,0,1,12.6,5,M,si,sedentario
PAC010666,82,103.1,182,31.1,129,107,137,89,74,107,7.3,267,25,195,280,1.26,83,6.0,34.8,13.8,0,5280,8.4,11,17,0,11.8,8,F,no,activo
PAC010667,65,66.6,143,32.6,91,89,149,100,65,102,5.6,215,46,145,128,0.67,64,7.1,19.3,17.9,1,5754,3.0,9,2,1,12.4,8,F,no,ligero
PAC010668,18,84.0,160,32.8,83,102,113,90,97,61,4.5,218,66,96,106,1.33,109,5.4,8.3,10.6,7,7442,7.6,21,40,2,6.0,7,M,no,ligero
PAC010669,71,108.7,205,25.9,137,117,150,96,74,139,6.9,182,38,152,384,1.16,120,9.1,32.0,15.6,0,1858,10.3,13,15,1,16.2,6,F,no,sedentario
PAC010670,56,48.8,149,22.0,78,98,120,74,78,89,5.6,194,63,114,110,0.92,120,2.4,37.7,13.2,0,6024,7.6,21,20,1,6.9,8,M,no,ligero
PAC010671,26,67.8,160,26.5,101,89,115,100,85,99,5.0,206,56,118,151,1.25,108,5.4,18.6,11.3,2,5260,7.1,15,21,1,11.3,6,M,si,sedentario
PAC010672,19,46.3,172,15.7,103,98,131,77,74,99,4.8,191,72,143,95,1.13,130,4.7,19.3,13.5,0,9039,7.7,12,22,2,7.8,6,F,si,activo
PAC010673,64,76.3,205,18.2,123,89,129,80,81,137,7.3,217,44,89,317,0.88,77,8.1,39.3,15.7,4,1134,6.4,15,10,0,12.1,6,F,no,sedentario
PAC010674,70,93.7,159,37.1,110,89,152,100,76,83,6.5,236,27,143,198,0.44,76,3.4,36.2,14.4,1,1251,3.1,0,3,0,9.0,10,F,no,sedentario
PAC010675,86,80.2,149,36.1,103,106,165,101,81,112,5.5,246,48,152,206,0.79,70,6.5,22.6,13.8,3,2907,4.9,7,0,0,11.6,9,F,si,sedentario
PAC010676,31,63.4,151,27.8,117,94,121,73,101,95,4.7,145,34,133,187,0.9,101,2.3,26.7,9.6,7,7199,5.5,25,21,0,7.8,9,M,si,sedentario
PAC010677,35,60.9,175,19.9,75,90,123,76,82,79,4.9,148,33,102,165,0.4,97,4.5,5.0,13.2,1,7614,7.9,13,22,0,7.5,5,M,si,sedentario
PAC010678,43,80.1,160,31.3,81,91,96,81,60,94,4.5,139,60,41,66,1.03,105,1.1,38.9,13.8,7,13500,9.4,14,1,6,9.6,3,M,no,ligero
PAC010679,74,82.3,140,42.0,115,99,160,102,89,69,7.0,242,63,164,162,0.64,71,5.7,29.7,14.3,1,7286,6.1,8,20,2,15.7,8,F,si,ligero
PAC010680,42,43.1,177,13.8,63,85,127,78,48,72,4.3,182,67,81,40,0.83,109,3.9,48.9,13.5,11,11633,9.1,11,5,4,7.9,1,M,si,activo
PAC010681,52,72.6,155,30.2,72,99,134,67,64,69,4.7,143,60,122,167,0.93,130,2.2,41.8,13.8,13,14508,7.9,3,0,5,7.8,2,M,si,ligero
PAC010682,29,42.8,164,15.9,79,101,113,74,57,70,5.6,150,71,114,126,1.0,90,2.7,37.4,14.7,9,8202,6.8,0,7,7,5.4,1,F,no,activo
PAC010683,42,87.7,154,37.0,80,109,126,61,75,108,5.6,196,45,160,40,0.99,95,2.2,22.7,11.2,2,8992,8.7,26,27,2,7.4,6,F,no,ligero
PAC010684,82,95.1,184,28.1,111,96,125,78,76,127,8.2,190,57,120,290,1.23,87,4.7,21.7,14.1,0,1864,9.0,10,7,3,5.6,8,F,si,sedentario
PAC010685,51,81.4,156,33.4,116,106,151,102,72,112,6.8,203,49,155,184,0.61,85,0.1,28.8,15.9,2,5123,7.6,5,5,6,11.3,5,F,si,ligero
PAC010686,77,110.1,158,44.1,103,99,174,93,74,130,6.0,233,39,117,225,0.52,75,4.4,10.2,14.5,0,2697,6.3,23,0,2,14.7,10,M,si,ligero
PAC010687,73,91.7,204,22.0,119,110,152,83,90,146,6.7,234,42,154,384,1.12,64,8.8,31.8,14.3,2,7026,6.3,11,0,1,12.6,5,M,si,sedentario
PAC010688,90,94.5,151,41.4,107,99,145,87,62,84,6.4,191,44,165,195,0.41,71,0.9,30.2,14.6,0,4660,7.0,16,9,3,11.3,8,F,no,sedentario
PAC010689,29,76.6,168,27.1,75,89,121,75,72,86,5.1,216,60,85,75,1.06,102,0.1,40.9,15.9,9,11949,7.6,10,0,5,5.4,4,M,no,activo
PAC010690,28,64.0,163,24.1,95,85,114,77,84,85,5.2,206,49,116,114,1.13,78,6.7,9.7,11.4,7,4303,7.9,22,28,2,8.9,10,M,si,sedentario
PAC010691,60,74.3,196,19.3,124,84,135,101,75,162,7.1,302,40,172,291,1.09,78,5.6,57.2,15.4,0,2178,9.2,15,12,2,9.9,10,F,no,activo
PAC010692,68,71.9,140,36.7,104,94,137,88,83,97,5.7,181,39,141,294,0.68,68,2.8,32.8,17.1,7,3515,5.3,10,3,0,11.3,8,M,no,sedentario
PAC010693,80,111.1,187,31.8,106,103,109,86,72,137,8.1,238,45,135,352,1.1,70,9.1,33.1,15.7,0,631,8.7,13,10,0,9.6,8,M,no,sedentario
PAC010694,80,81.5,140,41.6,103,93,154,109,78,90,6.7,199,57,121,155,0.4,106,4.3,25.6,15.8,0,6317,6.8,13,14,0,12.6,8,M,no,ligero
PAC010695,48,113.4,202,27.8,136,98,144,76,91,148,6.7,316,33,211,120,1.14,82,4.6,42.7,19.0,0,2739,9.6,14,0,1,11.8,10,F,si,sedentario
PAC010696,37,67.1,163,25.3,86,111,98,64,61,87,5.4,203,84,98,87,1.17,114,0.1,42.2,12.4,14,13045,9.7,3,17,7,4.4,6,F,no,activo
PAC010697,30,67.9,167,24.3,91,79,103,71,70,77,6.0,186,40,120,169,0.81,87,0.7,24.5,10.5,8,2503,8.5,4,40,0,14.3,7,F,si,sedentario
PAC010698,81,66.6,148,30.4,86,116,161,103,86,103,5.2,259,54,118,163,0.4,91,5.6,52.1,16.1,0,3308,6.4,7,5,3,16.0,1,M,si,ligero
PAC010699,72,102.1,187,29.2,114,108,143,81,80,105,6.9,200,32,170,311,1.15,48,3.7,35.5,15.7,0,500,7.7,13,3,1,11.4,5,M,si,sedentario
PAC010700,76,103.5,195,27.2,136,121,142,88,72,131,6.3,207,25,139,227,1.27,92,5.6,40.8,15.0,2,1349,8.4,5,8,0,10.9,8,F,si,sedentario
PAC010701,83,98.6,142,48.9,93,125,133,99,75,95,5.4,192,67,150,186,0.77,52,5.7,34.8,15.5,1,6080,6.6,0,3,0,12.3,5,M,si,sedentario
PAC010702,18,79.3,172,26.8,88,98,113,73,56,90,4.6,174,74,74,142,1.06,114,0.1,25.4,14.4,7,12340,9.3,0,1,6,6.4,4,M,no,activo
PAC010703,36,81.7,149,36.8,67,101,130,74,86,90,4.9,187,65,150,40,0.68,96,7.0,23.1,10.0,1,11075,8.2,31,27,3,7.9,9,M,no,sedentario
PAC010704,90,120.1,197,30.9,97,106,154,101,86,146,6.4,198,41,166,392,1.55,65,9.0,43.5,12.9,0,4034,9.1,2,0,3,13.3,7,F,si,sedentario
PAC010705,40,91.8,191,25.2,116,99,142,74,66,133,6.7,249,35,147,255,1.17,69,8.4,40.6,14.3,0,7121,7.9,12,9,0,13.4,7,F,si,sedentario
PAC010706,42,87.8,205,20.9,124,103,170,85,72,148,7.6,181,43,108,254,1.29,96,8.4,21.3,14.9,0,2530,9.5,21,0,0,15.3,8,M,si,ligero
PAC010707,20,65.2,159,25.8,77,110,131,74,87,66,7.4,203,70,126,40,1.06,117,3.6,20.1,11.5,6,14110,8.6,20,28,0,9.6,5,F,no,ligero
PAC010708,76,91.2,155,38.0,107,93,163,97,77,90,4.9,267,39,121,163,0.59,65,5.0,35.8,17.6,7,5173,6.8,3,10,2,14.8,9,M,no,sedentario
PAC010709,72,92.3,141,46.4,95,101,151,102,66,122,6.8,266,37,158,107,0.4,77,4.3,36.6,15.7,2,3545,6.8,8,17,3,13.8,9,F,si,activo
PAC010710,28,65.7,150,29.2,107,85,126,67,75,103,4.5,177,71,107,62,1.02,66,3.6,20.4,11.5,7,12104,8.3,23,19,1,5.8,5,M,no,sedentario
PAC010711,45,75.6,171,25.9,73,96,114,71,56,108,4.9,186,86,97,54,1.29,120,5.6,47.9,14.4,8,11668,6.9,1,15,5,2.1,5,F,no,activo
PAC010712,41,68.7,162,26.2,74,95,113,74,79,92,5.9,208,90,131,110,0.59,86,3.7,19.6,9.0,0,10847,8.9,22,19,0,15.0,9,F,no,sedentario
PAC010713,81,57.1,151,25.0,91,107,175,104,85,107,6.0,217,57,132,134,0.62,56,2.8,28.0,18.2,1,500,5.2,9,8,2,17.4,9,F,no,sedentario
PAC010714,18,52.6,177,16.8,72,105,113,79,57,90,5.3,181,67,81,103,1.0,108,0.1,46.1,13.9,7,13704,9.1,9,8,5,7.4,7,F,no,activo
PAC010715,53,70.0,167,25.1,74,97,90,81,66,60,4.3,187,51,96,45,1.27,123,0.1,35.6,14.4,10,11926,8.0,9,11,2,5.6,3,F,si,activo
PAC010716,27,71.5,162,27.2,67,87,129,62,85,99,4.9,170,69,90,182,1.09,107,3.1,24.8,12.2,4,12047,8.1,21,22,5,9.0,8,M,no,activo
PAC010717,39,94.5,159,37.4,81,107,103,64,51,82,5.2,204,58,100,59,0.87,67,0.1,42.8,12.9,9,11019,11.0,0,5,6,6.5,6,M,no,sedentario
PAC010718,18,62.0,165,22.8,60,83,127,74,97,66,4.5,173,55,91,79,0.96,122,4.4,8.0,10.5,7,8808,7.0,18,32,3,7.6,8,F,no,ligero
PAC010719,90,77.8,140,39.7,109,102,158,89,74,91,5.7,241,64,156,189,0.47,86,3.8,33.6,16.9,3,1037,7.6,6,2,3,14.0,3,F,si,sedentario
PAC010720,18,77.6,170,26.9,107,113,112,69,71,81,4.7,162,58,103,152,0.98,92,2.6,14.4,9.4,3,7354,9.3,16,32,2,11.1,8,F,no,ligero
PAC010721,70,96.9,140,49.4,117,106,138,98,61,105,6.2,226,48,136,220,0.75,89,2.5,33.1,18.6,0,2991,5.9,11,4,0,16.0,10,M,si,ligero
PAC010722,85,86.0,187,24.6,108,81,158,78,81,124,9.3,233,59,166,171,1.18,76,8.7,16.9,15.2,1,3490,8.8,7,15,2,9.8,7,F,si,ligero
PAC010723,22,69.5,154,29.3,74,93,121,83,67,96,4.0,195,57,130,113,0.96,102,0.1,29.9,11.0,6,5113,7.2,28,23,1,8.6,6,M,no,ligero
PAC010724,39,96.1,197,24.8,98,103,141,86,87,134,7.3,244,38,188,234,1.27,107,6.8,32.6,15.4,0,3332,8.0,2,4,2,11.0,5,F,si,ligero
PAC010725,19,65.1,188,18.4,72,98,131,85,76,66,4.7,207,56,85,91,1.39,60,0.1,43.2,13.6,12,15484,7.7,13,1,8,8.6,2,M,si,sedentario
PAC010726,32,66.4,166,24.1,81,89,110,60,86,85,5.0,216,64,93,81,1.17,94,7.6,22.6,12.6,4,10238,9.3,32,36,3,9.3,7,M,si,ligero
PAC010727,58,108.2,198,27.6,121,108,139,87,68,136,7.3,191,31,167,230,1.07,75,2.4,37.2,15.3,0,500,9.7,13,9,1,12.6,7,M,si,sedentario
PAC010728,22,70.2,167,25.2,81,89,108,80,98,119,4.2,182,68,147,115,0.74,95,3.8,5.1,12.4,6,11137,8.3,20,16,0,9.5,6,F,si,activo
PAC010729,56,91.9,197,23.7,110,108,161,86,73,116,7.2,222,48,221,288,1.32,82,11.4,26.9,14.8,0,2276,7.9,16,0,1,11.3,10,F,si,ligero
PAC010730,19,65.9,158,26.4,73,102,119,71,69,94,5.1,126,86,142,191,1.09,117,0.1,36.8,15.7,11,10576,9.6,0,0,8,8.6,1,M,no,activo
PAC010731,47,47.7,149,21.5,88,96,136,67,79,97,4.9,179,64,118,98,0.8,85,0.1,20.1,12.3,3,8212,7.2,5,28,0,11.3,8,M,no,sedentario
PAC010732,60,86.3,148,39.4,117,97,138,80,67,93,5.3,167,31,125,254,0.66,73,5.4,32.3,18.2,1,5587,6.5,11,16,1,13.7,4,M,no,sedentario
PAC010733,44,93.9,154,39.6,100,90,183,95,75,91,6.5,206,33,172,61,0.4,104,4.4,28.6,14.5,2,4666,5.5,9,5,0,9.7,6,F,no,sedentario
PAC010734,77,98.9,187,28.3,115,97,149,84,84,143,6.6,258,44,163,278,1.09,88,6.6,26.0,17.4,2,5044,8.6,17,11,1,6.5,8,M,no,ligero
PAC010735,63,104.4,197,26.9,104,107,139,72,90,133,6.0,218,25,152,293,1.02,78,7.8,42.2,16.1,0,1161,9.5,4,4,0,7.0,7,M,si,ligero
PAC010736,23,80.5,182,24.3,102,110,125,66,73,75,4.0,173,52,91,162,1.45,125,0.3,32.2,13.6,9,8833,7.2,9,6,6,6.9,6,F,no,ligero
PAC010737,23,58.1,152,25.1,85,104,130,78,53,71,6.1,149,67,78,183,1.11,107,4.1,29.1,14.8,11,11757,8.9,0,0,4,4.0,1,F,si,sedentario
PAC010738,22,64.0,172,21.6,70,91,126,76,71,97,5.7,174,59,143,188,0.88,64,3.1,23.4,12.2,7,11985,9.4,21,20,0,8.8,7,M,no,activo
PAC010739,40,76.5,165,28.1,96,84,116,90,90,65,5.0,241,62,122,82,0.97,89,5.8,21.4,12.7,9,8346,8.6,20,20,2,9.6,4,M,no,sedentario
PAC010740,66,86.7,194,23.0,149,95,165,86,71,152,6.3,233,40,173,224,1.17,69,3.0,26.4,15.9,0,5637,9.3,9,15,2,14.6,9,F,si,ligero
PAC010741,61,77.5,186,22.4,124,95,136,73,68,165,7.1,251,47,162,252,1.26,79,3.7,26.9,15.2,1,1524,8.7,11,0,1,8.9,7,M,no,activo
PAC010742,18,78.7,175,25.7,84,112,135,69,55,80,4.0,188,86,108,148,1.02,95,0.8,26.7,14.4,6,12575,6.9,8,2,4,4.6,3,F,no,activo
PAC010743,60,60.2,194,16.0,113,103,121,107,76,144,6.2,212,25,138,307,1.39,95,12.3,29.9,16.5,3,1019,8.7,3,8,2,11.9,6,M,no,sedentario
PAC010744,25,66.5,174,22.0,90,116,135,57,65,101,4.2,210,54,128,161,1.19,102,1.4,49.6,14.7,8,13744,8.4,0,0,7,8.8,1,M,no,sedentario
PAC010745,26,68.8,145,32.7,96,82,113,83,82,88,4.8,207,61,100,150,0.96,91,1.6,27.3,11.5,5,16217,9.5,5,28,4,5.5,7,F,si,sedentario
PAC010746,32,63.0,156,25.9,82,99,128,83,67,85,5.3,181,57,66,51,0.71,127,4.6,24.5,13.1,0,10697,8.3,20,29,3,11.5,8,M,no,activo
PAC010747,18,55.7,159,22.0,60,94,120,65,79,125,5.4,177,55,97,73,1.13,96,2.2,31.9,16.0,12,14964,10.3,3,0,6,4.1,8,M,no,ligero
PAC010748,72,100.1,200,25.0,109,103,111,85,83,122,7.4,229,52,148,279,1.38,70,3.4,43.9,14.2,0,5728,9.2,7,11,1,9.5,7,F,no,sedentario
PAC010749,27,81.6,152,35.3,85,93,147,83,92,102,5.1,144,76,121,276,0.72,102,3.6,35.9,14.1,8,9962,8.2,21,37,1,9.5,10,F,si,ligero
PAC010750,71,88.2,199,22.3,129,97,134,97,67,150,7.0,250,54,128,236,1.41,81,4.7,35.9,15.2,0,609,7.0,2,0,0,12.4,10,M,si,sedentario
PAC010751,86,81.1,140,41.4,106,97,168,90,86,93,6.3,175,25,169,262,0.4,90,2.0,45.5,13.7,3,6041,3.9,11,5,5,12.8,9,M,si,sedentario
PAC010752,36,54.3,160,21.2,94,82,109,89,91,85,6.2,201,54,166,86,0.89,89,5.6,40.1,13.1,2,3500,6.6,13,36,2,2.1,8,F,si,ligero
PAC010753,70,97.2,205,23.1,135,123,164,90,67,158,7.9,210,25,170,235,1.38,63,6.9,34.7,13.9,0,2543,9.5,8,0,3,10.8,9,M,si,sedentario
PAC010754,64,117.5,199,29.7,99,95,152,92,97,147,7.6,252,55,110,214,0.87,56,5.9,44.8,15.4,9,2745,7.4,13,7,1,12.4,7,F,si,sedentario
PAC010755,18,58.1,160,22.7,78,75,119,70,73,90,5.0,173,54,122,67,1.05,110,2.0,36.6,12.6,3,5661,9.1,7,20,0,7.4,10,M,no,activo
PAC010756,41,80.7,170,27.9,66,92,151,74,89,78,4.6,171,39,106,40,0.74,96,0.1,17.2,11.2,5,7718,8.5,21,22,3,10.5,5,F,no,sedentario
PAC010757,23,70.1,178,22.1,73,110,110,65,53,91,6.2,184,54,101,189,1.01,84,5.0,42.6,14.2,7,9705,6.7,11,0,4,8.2,0,M,no,activo
PAC010758,71,95.5,151,41.9,123,82,150,111,89,88,6.9,293,62,93,181,0.93,75,4.6,40.5,16.6,1,8922,7.1,25,19,0,13.2,8,M,si,ligero
PAC010759,27,67.6,166,24.5,77,98,118,56,74,60,5.7,159,68,40,132,1.04,97,0.1,42.4,15.9,5,11263,7.8,5,0,4,2.0,4,F,si,sedentario
PAC010760,31,76.4,157,31.0,90,87,135,71,47,71,5.3,193,90,133,59,0.97,93,2.1,16.0,16.1,8,8303,7.2,5,0,2,5.7,0,M,no,ligero
PAC010761,67,93.3,145,44.4,101,90,142,90,72,96,5.8,171,59,132,116,0.4,60,3.0,33.4,13.5,0,6037,7.3,18,0,4,9.2,8,M,no,activo
PAC010762,40,61.5,164,22.9,86,88,122,74,69,96,4.9,188,64,111,143,0.94,90,0.1,38.9,16.4,5,13360,9.2,0,11,4,6.7,2,F,no,sedentario
PAC010763,25,72.3,157,29.3,64,84,142,57,61,87,4.8,204,72,120,154,1.06,109,0.1,43.4,13.4,11,10984,8.8,10,0,8,3.6,0,F,si,ligero
PAC010764,62,84.5,158,33.8,103,99,162,112,79,128,5.1,224,58,149,127,0.47,77,9.2,31.0,16.4,1,5995,3.1,6,0,0,17.9,5,M,si,sedentario
PAC010765,18,73.4,198,18.7,83,113,128,64,62,100,5.0,209,65,132,108,1.15,105,1.9,28.4,15.1,8,10925,6.8,0,5,6,4.3,1,F,no,activo
PAC010766,18,68.9,170,23.8,82,100,123,65,66,66,5.6,173,80,44,57,1.18,101,0.7,33.9,14.9,7,16053,7.2,0,4,4,9.4,2,F,no,ligero
PAC010767,67,99.2,205,23.6,111,95,156,84,75,158,7.4,246,37,192,266,1.2,46,6.7,27.6,15.8,1,500,6.8,12,0,3,19.2,8,M,si,sedentario
PAC010768,78,118.8,187,34.0,105,102,160,91,83,122,6.5,227,42,172,330,1.25,80,8.7,35.5,13.7,0,5843,10.6,20,1,4,8.6,10,F,si,sedentario
PAC010769,77,99.3,198,25.3,111,102,117,83,83,124,6.2,231,43,219,351,1.52,72,9.7,38.8,13.6,0,1262,8.7,0,8,2,12.6,5,F,no,ligero
PAC010770,59,83.2,180,25.7,65,101,91,74,67,82,5.2,193,60,104,188,1.26,95,2.2,40.1,11.9,7,7854,8.3,25,34,0,13.9,9,F,no,sedentario
PAC010771,53,89.0,184,26.3,92,109,149,85,74,111,7.1,218,51,133,239,1.4,81,7.4,26.0,15.0,0,500,9.5,15,15,2,12.4,6,M,si,sedentario
PAC010772,20,79.5,158,31.8,94,79,126,82,65,68,5.2,158,61,93,66,0.95,87,2.7,23.7,10.8,4,12039,8.2,14,16,0,5.7,7,M,si,sedentario
PAC010773,30,73.6,152,31.9,78,107,129,78,78,67,4.7,183,62,155,98,1.18,119,0.1,55.9,14.6,10,11731,8.8,9,0,5,3.0,3,M,no,sedentario
PAC010774,18,48.9,153,20.9,80,87,120,61,92,98,5.4,195,38,93,123,0.77,76,2.9,15.8,13.0,6,9125,9.2,16,31,2,5.9,8,F,no,sedentario
PAC010775,36,69.9,173,23.4,73,107,113,50,54,79,5.4,130,73,89,59,1.26,110,0.1,28.2,13.9,6,17102,6.8,11,0,7,4.1,3,M,no,activo
PAC010776,58,100.9,205,24.0,112,91,124,84,67,119,6.6,260,27,147,201,1.13,92,6.4,27.0,14.0,0,5605,8.3,5,7,0,9.5,7,F,no,sedentario
PAC010777,21,45.4,166,16.5,89,128,110,68,55,100,5.1,164,86,123,40,1.23,112,4.0,43.2,16.0,9,14268,7.6,0,0,5,6.1,4,M,no,ligero
PAC010778,22,67.3,145,32.0,112,93,142,90,92,133,4.8,199,49,125,188,0.4,52,6.7,15.6,14.1,1,6299,5.4,13,7,3,11.9,10,F,no,sedentario
PAC010779,31,59.3,158,23.8,77,89,131,75,94,74,5.4,210,67,110,91,0.58,123,6.1,41.4,11.0,4,8060,7.1,16,28,2,10.1,10,M,no,sedentario
PAC010780,71,74.6,161,28.8,87,130,157,105,78,118,5.5,273,61,185,200,0.57,81,6.7,39.6,16.6,0,3178,4.8,4,4,4,13.0,5,F,si,sedentario
PAC010781,68,99.8,194,26.5,116,109,120,91,92,143,7.3,218,31,156,284,1.03,100,5.3,29.1,16.0,0,2971,6.6,22,4,3,14.0,9,F,no,ligero
PAC010782,51,89.6,148,40.9,119,92,179,99,89,71,6.2,197,61,151,268,0.44,62,3.2,39.7,16.7,1,5287,4.6,11,0,2,11.9,4,M,no,sedentario
PAC010783,29,54.6,161,21.1,75,91,121,76,46,87,5.7,145,74,95,109,0.9,80,4.5,33.6,15.3,15,9819,8.2,0,0,6,3.4,3,F,no,ligero
PAC010784,18,65.9,162,25.1,95,117,136,76,71,91,5.0,140,64,67,128,1.22,103,3.6,32.9,14.8,3,12290,7.8,10,0,4,3.6,0,M,si,activo
PAC010785,82,89.6,140,45.7,119,117,161,94,58,84,6.3,262,55,129,146,0.56,95,4.4,42.8,15.7,3,8289,4.2,3,17,2,13.4,10,M,si,ligero
PAC010786,18,82.9,173,27.7,68,109,96,81,55,60,4.6,178,86,123,40,1.08,76,2.4,34.5,14.6,11,9416,9.8,3,0,5,3.9,3,M,si,activo
PAC010787,63,76.0,192,20.6,101,105,151,94,75,127,7.2,226,25,188,362,1.09,69,6.3,52.6,15.2,0,1995,8.5,6,1,2,11.7,10,M,no,ligero
PAC010788,59,99.9,204,24.0,125,104,144,71,83,77,7.9,223,58,138,249,1.27,69,7.4,40.3,14.5,0,500,7.5,10,5,1,11.3,7,M,no,sedentario
PAC010789,47,88.5,192,24.0,108,103,167,74,72,109,7.8,271,28,153,289,1.23,52,6.5,32.4,14.5,0,8203,9.1,2,15,3,11.6,10,F,si,ligero
PAC010790,42,67.0,168,23.7,74,98,128,70,63,92,5.0,216,65,70,79,1.2,118,2.9,33.7,12.3,16,8078,8.8,0,5,6,7.1,0,F,no,activo
PAC010791,23,59.6,154,25.1,91,91,106,62,60,95,4.7,167,62,106,127,1.05,69,6.6,27.4,15.6,8,14133,9.4,3,0,6,12.0,1,M,no,activo
PAC010792,46,68.9,170,23.8,84,103,114,65,64,79,5.4,195,80,89,152,0.92,102,2.5,34.5,15.8,12,14999,8.0,2,0,3,11.8,0,M,si,ligero
PAC010793,48,90.8,187,26.0,84,98,121,63,80,82,5.2,166,74,75,257,0.81,74,3.5,27.8,12.8,8,7926,6.4,21,26,2,9.5,10,F,no,sedentario
PAC010794,18,59.2,184,17.5,74,116,121,72,69,93,5.7,182,58,72,134,1.1,102,1.9,37.9,13.4,10,11137,9.3,13,7,7,3.7,1,M,si,activo
PAC010795,70,89.4,144,43.1,79,86,143,97,67,109,5.4,265,44,150,163,0.42,55,4.9,44.3,16.7,4,2958,7.0,12,0,0,12.0,8,F,no,sedentario
PAC010796,87,105.2,147,48.7,97,107,145,106,86,100,6.8,250,61,172,268,0.4,71,2.2,38.1,18.0,0,3214,5.3,15,5,4,9.7,7,F,no,ligero
PAC010797,83,94.4,194,25.1,118,108,136,78,76,143,8.3,242,49,181,212,1.02,116,7.3,18.6,15.8,0,2980,8.6,6,5,0,14.6,10,M,si,ligero
PAC010798,29,72.2,163,27.2,75,95,98,89,52,112,4.6,136,79,64,241,0.63,77,1.3,43.9,14.0,10,14359,7.0,11,0,8,7.9,0,F,no,ligero
PAC010799,39,71.4,183,21.3,89,105,105,56,69,60,4.6,189,75,124,80,0.69,82,0.1,32.5,16.1,11,6631,7.1,8,0,5,5.1,5,F,no,ligero
PAC010800,41,109.8,187,31.4,122,125,149,97,87,146,6.9,180,25,201,268,1.46,64,9.5,43.1,14.5,0,500,9.4,9,10,1,8.5,9,F,no,sedentario
PAC010801,73,102.5,202,25.1,140,96,137,85,65,152,7.0,228,25,145,295,1.23,79,8.2,44.4,14.4,0,6339,9.2,4,0,0,7.6,7,M,si,activo
PAC010802,18,40.2,152,17.4,80,96,91,59,50,60,5.5,182,33,48,45,1.05,91,0.1,34.0,15.4,6,12783,9.6,3,0,6,6.9,6,F,no,activo
PAC010803,79,81.8,194,21.7,114,114,168,69,88,118,6.9,233,35,178,340,1.46,84,5.6,58.6,16.0,0,1598,10.0,14,10,2,13.0,7,F,si,ligero
PAC010804,47,66.9,155,27.8,133,101,155,101,77,128,5.3,207,25,184,149,0.73,94,8.8,30.5,15.7,3,6076,6.0,6,7,4,13.5,10,F,si,sedentario
PAC010805,22,67.1,163,25.3,84,106,112,84,69,98,6.2,219,60,129,79,0.99,118,4.5,20.4,11.5,2,5913,9.5,0,27,5,12.4,7,F,no,sedentario
PAC010806,21,67.9,169,23.8,83,106,90,73,62,95,4.7,165,50,109,40,0.84,111,1.7,45.7,13.7,11,13706,7.9,6,4,6,4.7,0,M,no,ligero
PAC010807,69,90.9,205,21.6,117,102,143,83,78,116,7.9,244,39,138,198,1.29,83,10.6,41.3,13.4,1,500,9.7,10,4,0,10.3,2,F,si,sedentario
PAC010808,64,81.7,143,40.0,109,99,158,119,72,97,6.2,206,71,155,235,0.73,121,5.0,38.1,16.8,1,7373,5.9,10,0,1,14.3,7,M,no,sedentario
PAC010809,30,47.7,173,15.9,60,110,109,84,69,109,6.1,196,59,125,84,1.49,87,2.3,32.3,12.8,6,11930,6.3,15,0,8,3.1,3,M,si,activo
PAC010810,72,64.4,142,31.9,92,95,169,101,87,82,4.7,212,75,136,194,0.58,38,7.4,36.9,19.0,2,500,5.8,8,5,1,12.3,9,M,no,sedentario
PAC010811,22,58.8,158,23.6,77,98,119,53,73,80,4.6,140,78,63,101,0.95,91,2.0,45.8,13.8,9,11953,8.1,0,0,6,9.8,2,M,si,activo
PAC010812,83,84.8,140,43.3,117,92,150,105,77,65,6.8,261,47,105,135,0.94,50,1.8,30.4,13.2,0,6127,5.1,12,10,1,15.1,5,M,no,ligero
PAC010813,82,89.9,189,25.2,115,105,135,99,87,152,7.2,268,36,194,226,1.37,67,4.7,37.7,15.5,0,500,9.7,1,2,1,18.0,6,M,no,activo
PAC010814,20,63.6,162,24.2,60,99,109,86,73,60,5.6,141,71,90,95,0.92,92,1.9,30.7,15.9,4,11701,9.1,0,0,4,3.3,2,F,no,activo
PAC010815,21,45.5,153,19.4,94,86,119,88,69,71,6.1,240,62,114,136,1.18,76,2.7,19.4,13.0,5,9836,6.2,17,22,0,10.6,6,F,si,sedentario
PAC010816,32,49.0,161,18.9,78,85,122,71,70,71,4.1,179,43,108,141,0.83,57,3.6,5.0,10.5,0,9403,8.0,29,22,1,8.5,6,F,si,sedentario
PAC010817,80,90.4,189,25.3,124,103,145,68,89,129,6.2,271,40,153,315,1.26,62,7.4,34.2,14.9,0,500,9.1,20,5,4,10.8,5,M,si,activo
PAC010818,18,75.6,151,33.2,93,99,125,62,97,91,4.5,173,31,116,122,1.12,99,5.1,35.0,8.5,3,7983,8.0,15,23,2,9.4,6,M,no,ligero
PAC010819,59,94.5,142,46.9,75,107,171,99,80,95,6.4,194,45,156,171,0.52,78,0.1,36.6,15.6,3,1664,5.1,3,0,5,12.3,4,F,no,ligero
PAC010820,32,51.7,163,19.5,95,97,115,82,50,110,5.3,136,67,66,97,0.81,116,0.1,55.2,12.1,4,12452,7.7,5,0,4,9.6,1,M,no,activo
PAC010821,81,71.7,201,17.7,126,96,149,79,81,155,6.7,199,40,157,83,1.22,92,9.5,36.9,13.2,5,2460,8.4,0,0,2,14.4,10,M,no,sedentario
PAC010822,55,109.3,196,28.5,113,112,115,88,83,133,5.8,230,26,154,279,1.15,94,6.1,32.0,15.3,0,2285,7.8,16,0,0,8.2,8,M,no,sedentario
PAC010823,42,43.4,170,15.0,82,100,115,82,54,92,4.9,164,75,59,160,1.05,92,2.1,37.7,13.6,11,15396,7.9,0,8,4,4.6,4,F,no,activo
PAC010824,22,83.1,152,36.0,98,97,137,77,98,96,4.7,146,78,67,132,0.99,130,2.4,14.0,12.9,2,5769,7.4,13,18,3,9.6,8,M,no,sedentario
PAC010825,75,100.9,188,28.5,109,118,123,78,72,142,7.2,219,36,106,191,1.19,97,9.1,52.0,15.2,0,1267,6.2,23,1,0,14.2,4,F,si,activo
PAC010826,20,67.0,177,21.4,77,82,112,74,45,79,4.7,164,55,81,187,1.03,130,4.5,42.6,13.5,4,11005,6.9,0,0,4,10.0,4,M,si,sedentario
PAC010827,33,64.4,155,26.8,81,93,101,70,57,64,5.9,225,41,83,82,1.39,101,1.6,43.0,15.6,6,8287,8.3,3,0,6,8.6,0,F,no,ligero
PAC010828,84,91.8,195,24.1,127,127,152,77,76,123,8.7,239,48,137,287,1.03,88,12.4,13.7,14.9,0,594,8.3,14,8,1,11.9,8,M,si,sedentario
PAC010829,27,58.2,177,18.6,93,98,100,69,84,95,5.5,158,65,133,163,0.88,83,7.2,26.2,12.2,3,11556,8.4,28,24,0,5.3,9,M,no,sedentario
PAC010830,37,66.0,159,26.1,63,108,97,75,75,86,5.0,142,64,78,110,1.12,109,0.6,50.7,17.5,7,12703,9.7,5,1,6,7.6,1,F,no,ligero
PAC010831,27,79.1,163,29.8,97,95,130,71,62,85,4.7,177,49,82,43,0.89,104,0.1,28.9,16.6,8,14320,6.7,2,0,5,3.9,3,F,no,ligero
PAC010832,18,47.0,178,14.8,103,131,109,87,68,81,6.0,192,76,60,101,1.21,119,0.3,26.9,14.9,7,13262,8.6,0,0,6,4.4,1,M,no,ligero
PAC010833,25,86.8,162,33.1,61,102,125,87,72,92,4.4,123,75,115,40,1.24,68,0.1,24.1,15.8,14,15569,8.1,1,0,5,7.5,0,F,no,activo
PAC010834,18,72.7,181,22.2,80,85,101,75,62,91,6.5,190,83,51,123,1.03,47,2.5,31.1,14.0,10,15370,8.8,0,13,6,3.7,2,F,no,ligero
PAC010835,22,58.8,159,23.3,71,98,110,85,88,87,4.4,182,53,136,181,1.16,112,1.8,36.5,11.9,3,8355,8.7,12,35,2,11.2,7,M,si,ligero
PAC010836,30,40.0,168,14.2,86,85,122,63,70,67,4.5,161,62,98,41,0.8,101,0.1,33.7,12.8,12,11020,7.3,6,12,4,2.6,0,M,no,ligero
PAC010837,72,101.0,152,43.7,113,112,172,104,59,118,4.9,255,28,118,179,0.4,78,6.2,28.8,17.9,0,4508,5.8,15,7,4,11.7,6,M,si,sedentario
PAC010838,77,74.9,170,25.9,115,83,161,107,73,112,6.4,221,57,116,157,0.42,39,2.7,30.7,16.2,0,5403,6.2,9,3,2,13.6,5,F,si,sedentario
PAC010839,63,76.6,140,39.1,92,80,142,92,81,133,5.9,252,46,153,208,0.82,95,6.5,32.0,15.4,0,3031,6.2,9,7,4,9.2,9,F,si,sedentario
PAC010840,28,55.9,167,20.0,86,106,153,67,77,75,5.4,205,49,139,199,0.59,116,2.3,22.6,9.4,4,2802,6.4,16,31,1,6.3,10,M,no,ligero
PAC010841,49,104.4,148,47.7,99,112,164,92,86,86,5.6,145,38,161,213,0.4,69,6.6,10.9,13.3,0,4977,6.7,11,0,2,12.7,5,F,no,sedentario
PAC010842,52,48.0,170,16.6,89,97,116,74,62,78,4.7,156,50,96,73,0.95,72,0.1,37.4,15.3,8,10480,6.2,6,14,6,2.8,3,M,no,activo
PAC010843,45,65.1,164,24.2,94,91,122,63,81,100,4.5,171,69,52,40,0.98,111,2.5,49.8,10.9,8,19547,6.9,4,3,5,8.2,6,F,si,ligero
PAC010844,58,87.6,147,40.5,83,100,107,62,88,116,6.2,132,43,87,203,0.99,88,2.3,5.0,9.5,5,6616,7.6,19,21,3,13.8,9,F,no,ligero
PAC010845,18,98.3,157,39.9,94,91,117,80,92,122,5.1,175,61,100,129,1.12,102,0.1,8.0,13.7,1,11900,7.5,31,16,0,10.4,8,F,si,activo
PAC010846,33,61.3,157,24.9,92,112,118,69,66,117,5.2,176,75,108,98,0.61,87,4.4,23.8,13.0,8,9260,8.3,31,22,4,5.4,5,M,no,ligero
PAC010847,46,84.0,167,30.1,60,104,112,77,64,62,4.0,187,63,81,111,1.29,116,5.1,45.5,14.8,9,12656,9.3,2,3,4,7.3,0,F,no,ligero
PAC010848,88,92.8,156,38.1,110,101,157,99,71,128,6.4,230,51,145,179,0.4,79,6.9,29.2,13.7,0,5895,6.2,19,0,4,17.7,6,M,si,sedentario
PAC010849,75,111.1,195,29.2,108,95,135,97,73,114,7.1,270,45,153,214,1.37,47,9.6,24.8,12.9,0,4113,9.6,13,12,0,9.1,8,F,si,sedentario
PAC010850,75,103.1,140,52.6,93,113,150,105,66,88,4.8,284,52,129,86,0.73,74,5.5,12.4,17.7,0,4796,6.5,19,8,2,10.6,6,M,si,ligero
PAC010851,25,75.4,169,26.4,75,104,119,87,73,72,5.2,199,66,148,90,1.27,130,2.1,36.9,16.9,10,8665,9.4,0,0,7,6.6,2,F,si,ligero
PAC010852,53,62.2,180,19.2,87,98,109,71,56,76,5.8,181,83,83,80,1.21,81,2.2,37.4,15.5,8,13056,10.7,3,4,6,6.4,5,F,no,ligero
PAC010853,78,53.1,140,27.1,104,93,155,110,68,135,5.3,276,40,154,130,0.54,54,3.8,40.8,15.9,1,2558,3.0,2,0,2,9.1,5,M,no,ligero
PAC010854,46,44.3,172,15.0,62,80,129,66,54,80,5.4,170,87,66,142,0.48,77,1.3,22.3,12.5,10,16751,8.4,0,3,9,7.6,4,M,no,ligero
PAC010855,70,86.6,189,24.2,126,98,155,81,85,159,7.9,233,39,185,284,1.22,60,5.2,35.0,13.9,0,5645,8.3,11,7,1,5.1,9,M,no,ligero
PAC010856,40,110.8,196,28.8,110,111,124,75,78,127,6.5,283,34,126,298,1.17,63,6.9,31.1,15.2,0,7560,8.5,1,3,1,9.5,3,M,si,sedentario
PAC010857,70,91.5,194,24.3,94,89,136,98,82,100,7.5,255,32,190,345,0.83,88,2.7,17.1,15.9,0,1840,9.9,7,12,2,10.4,6,F,no,sedentario
PAC010858,47,74.4,205,17.7,103,108,108,89,83,146,7.8,227,47,140,223,1.01,72,8.9,27.7,14.4,0,9091,10.9,8,10,0,10.8,10,M,si,activo
PAC010859,71,86.6,140,44.2,109,104,154,93,92,127,7.0,204,32,120,295,0.56,63,3.6,13.1,16.8,1,8922,5.9,7,2,4,14.6,6,F,si,sedentario
PAC010860,63,97.2,142,48.2,100,87,170,116,71,115,6.7,257,36,191,136,0.72,87,7.8,26.5,17.3,4,1991,5.5,13,10,2,7.9,7,F,no,sedentario
PAC010861,23,60.7,175,19.8,75,100,137,85,85,93,4.9,187,70,109,40,1.11,100,0.1,41.7,13.2,11,11388,8.9,6,1,4,6.1,3,F,no,activo
PAC010862,71,84.2,146,39.5,100,92,154,86,90,125,6.2,251,32,136,311,0.69,49,7.1,22.0,14.2,1,3183,5.4,7,6,4,11.4,6,M,si,sedentario
PAC010863,90,83.2,185,24.3,121,103,130,92,67,106,8.5,212,43,167,105,1.26,64,5.3,56.3,15.9,4,7287,9.3,0,12,3,8.7,9,M,no,ligero
PAC010864,83,68.1,176,22.0,113,83,147,90,72,108,7.7,266,37,133,292,1.05,89,9.7,36.0,14.1,4,500,8.0,8,13,3,11.3,10,M,si,activo
PAC010865,79,75.0,145,35.7,128,89,155,84,70,110,6.0,215,67,111,140,0.4,70,4.8,29.9,16.4,1,7720,6.1,8,9,4,12.3,5,F,si,sedentario
PAC010866,26,74.7,180,23.1,74,96,131,90,52,63,5.7,174,69,106,142,1.31,94,0.1,34.3,14.8,13,15471,7.6,0,1,5,2.0,5,F,no,ligero
PAC010867,85,83.7,152,36.2,109,96,156,109,105,103,6.1,245,45,158,187,0.6,62,8.6,41.3,13.5,1,4454,7.7,16,11,0,11.7,3,F,si,sedentario
PAC010868,24,81.5,159,32.2,72,108,157,83,53,102,4.4,180,47,42,143,1.1,107,1.8,30.8,15.1,11,12361,8.3,0,0,7,4.2,6,F,no,activo
PAC010869,90,61.4,140,31.3,109,105,189,113,66,82,5.4,224,25,140,141,0.47,49,5.9,22.0,17.3,2,7566,4.8,9,11,6,12.1,8,F,si,ligero
PAC010870,32,75.6,160,29.5,87,102,119,76,48,85,4.7,140,57,76,128,1.07,118,0.1,31.9,15.7,7,11905,7.3,3,0,3,4.3,4,M,si,activo
PAC010871,18,61.1,162,23.3,63,110,133,80,59,105,4.4,179,73,74,180,1.36,108,0.1,23.1,16.1,11,9584,7.2,2,0,5,6.3,3,M,no,sedentario
PAC010872,18,88.2,162,33.6,95,84,122,79,86,115,5.3,149,93,64,40,0.81,124,4.9,15.3,13.0,7,7964,9.0,13,23,2,12.7,10,M,si,ligero
PAC010873,90,91.4,146,42.9,96,110,169,94,73,68,6.1,191,77,138,217,0.4,58,3.7,39.1,15.0,3,9660,4.2,11,9,1,12.2,8,M,no,ligero
PAC010874,80,88.5,143,43.3,107,102,153,97,75,135,6.6,236,42,174,243,0.67,89,7.0,27.7,16.5,2,5018,6.0,9,0,4,12.2,5,M,si,sedentario
PAC010875,90,78.4,140,40.0,103,80,163,99,85,79,5.2,249,53,100,176,0.65,66,5.2,44.3,17.2,3,4313,8.1,13,13,3,12.6,7,M,no,activo
PAC010876,90,60.5,162,23.1,90,104,162,105,71,108,4.0,242,47,133,208,0.52,73,4.3,28.5,15.6,0,1177,4.3,16,2,1,13.7,7,M,si,sedentario
PAC010877,64,45.6,169,16.0,87,98,100,91,69,67,4.8,174,75,59,128,1.05,130,2.0,54.1,13.9,4,15989,9.4,7,0,6,3.6,4,F,si,ligero
PAC010878,64,91.9,178,29.0,127,98,136,92,78,125,8.1,257,27,150,230,0.84,41,4.7,44.8,13.5,0,4022,8.3,8,3,3,9.5,10,M,si,sedentario
PAC010879,64,72.1,199,18.2,115,110,118,71,81,122,7.0,265,35,97,188,1.11,98,6.6,22.1,11.5,1,5263,8.2,8,6,0,10.8,6,F,si,activo
PAC010880,41,67.5,147,31.2,99,105,139,81,76,84,4.6,200,45,47,185,1.02,98,2.2,25.8,12.6,7,8438,9.3,10,27,1,9.7,8,F,si,sedentario
PAC010881,38,81.2,172,27.4,72,100,105,78,90,74,4.4,179,60,86,100,0.6,119,3.8,12.2,11.9,8,6056,9.0,23,13,3,7.9,7,M,no,ligero
PAC010882,22,94.0,165,34.5,80,81,117,67,95,105,6.5,191,46,115,152,0.83,123,3.7,39.2,12.1,7,11811,7.6,18,13,1,13.0,8,F,no,ligero
PAC010883,35,54.7,188,15.5,86,104,147,65,56,97,5.0,151,62,154,57,0.91,86,0.1,42.6,14.5,8,14754,8.3,8,9,5,8.0,5,M,no,ligero
PAC010884,89,71.0,154,29.9,123,97,144,94,67,69,5.5,228,39,156,253,0.66,61,4.6,22.8,15.1,6,3711,5.8,20,1,1,10.2,4,M,no,sedentario
PAC010885,77,103.6,176,33.4,140,96,118,87,82,126,5.2,256,57,172,171,0.98,54,11.1,31.6,13.3,3,4663,9.4,5,8,0,13.4,9,M,si,ligero
PAC010886,18,54.0,168,19.1,86,107,115,77,47,96,5.9,149,69,91,57,1.03,128,3.9,21.1,17.2,9,8850,9.2,0,0,6,3.8,3,F,si,ligero
PAC010887,60,66.3,150,29.5,99,84,162,98,81,113,6.4,255,46,136,181,0.56,56,7.3,30.7,17.8,0,8584,3.9,6,11,5,16.3,5,F,no,sedentario
PAC010888,34,55.2,167,19.8,60,104,122,66,74,79,5.5,230,65,98,40,1.07,59,1.7,22.1,15.8,8,14493,8.9,14,1,6,6.8,4,M,si,activo
PAC010889,18,65.5,153,28.0,71,100,112,72,74,78,6.5,181,51,89,111,0.95,120,0.9,30.9,15.3,6,2038,7.4,24,27,4,8.1,9,M,no,sedentario
PAC010890,59,104.9,203,25.5,109,107,149,98,66,102,6.5,200,47,160,294,1.19,88,7.3,40.9,13.2,3,1353,10.4,10,11,2,6.5,8,F,no,sedentario
PAC010891,27,83.1,179,25.9,82,105,114,66,85,60,5.0,235,52,100,82,1.18,105,0.5,20.4,11.9,9,9647,5.1,27,19,2,11.1,8,F,no,ligero
PAC010892,25,63.5,162,24.2,69,90,129,79,87,80,5.1,211,51,115,118,0.96,70,2.4,13.9,11.9,5,5336,7.9,23,14,1,11.5,4,M,no,ligero
PAC010893,24,75.2,156,30.9,89,86,137,75,86,107,5.8,186,65,133,116,0.66,86,6.9,37.0,13.4,4,3153,9.0,5,29,2,9.4,8,F,si,ligero
PAC010894,52,101.8,185,29.7,127,111,151,94,61,134,6.7,215,31,181,279,1.06,61,8.3,23.7,15.9,0,500,9.7,15,0,1,12.3,8,M,no,sedentario
PAC010895,69,73.7,147,34.1,119,97,163,104,86,89,5.6,201,50,176,196,0.4,81,8.5,53.4,18.3,0,2028,7.3,9,9,0,12.5,5,M,no,ligero
PAC010896,18,84.8,158,34.0,103,84,114,81,79,99,5.9,172,48,107,190,0.81,112,4.5,18.0,11.7,6,10095,9.0,18,17,5,9.7,8,M,no,sedentario
PAC010897,54,85.9,205,20.4,119,114,148,84,82,149,6.8,215,55,133,236,1.29,74,7.5,37.6,17.1,0,5690,8.2,25,12,3,9.2,6,F,si,sedentario
PAC010898,71,86.3,182,26.1,92,75,167,84,88,149,8.1,271,26,176,360,1.25,78,10.7,17.6,14.1,0,5489,6.9,3,9,1,11.0,9,F,si,ligero
PAC010899,90,107.5,147,49.7,115,96,151,112,84,95,6.1,183,54,161,180,1.12,73,6.1,28.5,17.8,0,6226,5.9,16,11,0,11.2,6,M,no,sedentario
PAC010900,71,98.9,199,25.0,127,87,149,80,84,105,6.4,237,35,161,267,0.97,86,3.8,39.7,15.0,0,3791,9.3,13,12,3,8.0,7,F,si,sedentario
PAC010901,26,46.2,153,19.7,60,100,90,73,45,84,5.1,213,43,118,113,1.11,84,0.1,25.9,13.3,3,10129,9.0,0,0,4,5.9,4,F,no,activo
PAC010902,39,66.7,158,26.7,71,98,119,70,52,60,5.3,190,74,49,40,0.96,97,0.2,33.2,16.2,10,9992,10.0,12,0,3,3.9,2,F,no,activo
PAC010903,18,67.5,166,24.5,83,106,108,80,90,85,5.9,155,49,102,220,0.82,96,2.1,31.2,14.7,4,5909,7.6,29,35,4,11.9,5,F,no,sedentario
PAC010904,66,105.5,140,53.8,114,83,158,101,89,85,5.7,269,60,126,200,0.57,56,4.7,19.9,14.6,1,2988,5.5,14,7,3,11.5,4,F,si,activo
PAC010905,63,73.8,148,33.7,103,97,165,97,79,103,6.1,243,50,112,145,0.4,80,2.4,25.1,15.6,1,3547,5.1,10,6,4,12.8,5,F,si,ligero
PAC010906,66,103.4,198,26.4,97,106,148,94,82,121,5.8,254,43,181,297,0.99,82,4.8,43.8,16.8,0,500,9.5,3,0,0,11.0,9,F,si,sedentario
PAC010907,37,48.2,174,15.9,75,87,128,58,69,78,7.2,193,79,140,116,1.0,101,1.0,23.4,18.1,7,15613,8.9,11,0,5,5.2,3,M,si,sedentario
PAC010908,20,76.0,151,33.3,87,102,103,58,70,71,5.6,204,77,143,206,1.34,78,1.9,25.1,12.2,8,7922,9.7,15,32,3,5.9,3,F,no,activo
PAC010909,31,61.1,159,24.2,89,105,121,77,63,60,4.9,191,69,71,137,0.9,103,0.1,30.7,14.7,11,11230,7.6,8,0,9,5.0,0,F,si,sedentario
PAC010910,38,77.0,155,32.0,95,84,132,85,87,105,4.3,153,72,144,84,0.78,85,1.9,20.8,11.5,4,7066,9.4,28,17,1,13.2,10,F,no,sedentario
PAC010911,90,81.5,179,25.4,94,105,140,80,75,137,7.6,219,55,180,292,1.07,93,6.7,39.2,14.8,0,6600,8.1,8,0,0,12.0,6,F,si,sedentario
PAC010912,18,74.9,193,20.1,63,111,109,78,66,99,4.9,210,41,88,40,1.08,130,0.1,29.9,15.6,6,5878,7.9,10,0,6,5.3,5,F,si,sedentario
PAC010913,90,59.2,165,21.7,114,86,170,80,69,104,6.3,166,39,154,227,0.52,73,5.6,12.7,16.4,0,2628,6.4,12,6,0,11.9,5,F,no,sedentario
PAC010914,45,57.7,181,17.6,98,95,138,68,45,83,4.0,265,51,65,153,0.7,112,1.4,25.8,16.2,10,13453,8.6,6,0,6,2.0,1,M,no,ligero
PAC010915,54,83.9,188,23.7,126,104,146,96,77,166,8.3,284,41,191,288,0.94,72,5.3,51.0,15.6,0,7182,11.0,8,2,0,8.8,10,F,no,activo
PAC010916,40,70.5,173,23.6,92,101,124,82,81,88,5.5,192,48,65,91,1.18,128,0.1,41.4,16.0,9,15718,7.1,10,5,6,10.4,0,F,si,ligero
PAC010917,69,94.9,157,38.5,125,104,160,94,74,111,5.8,283,41,152,207,0.4,55,2.7,31.4,18.4,0,4881,5.6,16,11,2,12.9,2,M,no,activo
PAC010918,51,63.2,172,21.4,67,86,120,69,63,100,4.1,123,71,64,112,1.18,93,0.1,37.4,15.4,11,9390,7.6,0,13,7,4.6,5,M,no,activo
PAC010919,39,93.6,152,40.5,77,100,96,63,89,116,5.1,200,45,131,40,0.72,97,0.9,32.8,11.5,4,8913,9.0,13,34,0,9.9,10,F,no,ligero
PAC010920,59,65.6,152,28.4,112,101,165,87,81,95,6.3,210,61,106,247,0.48,102,0.1,36.9,16.1,3,5355,4.6,7,2,1,9.3,9,F,si,sedentario
PAC010921,28,68.5,174,22.6,96,87,147,67,58,102,4.9,172,67,125,40,0.84,92,3.7,39.2,14.5,5,14356,7.6,9,11,4,5.4,1,F,no,activo
PAC010922,53,75.8,191,20.8,116,102,132,83,81,131,7.3,244,36,183,291,1.2,80,8.3,32.0,15.7,0,802,8.1,2,14,1,7.4,8,F,no,sedentario
PAC010923,48,96.8,185,28.3,119,86,124,83,88,121,7.4,219,25,153,301,1.13,90,6.4,26.1,15.8,0,5631,8.3,9,7,3,8.0,5,F,no,sedentario
PAC010924,18,86.8,161,33.5,93,98,133,78,93,69,6.7,116,50,107,40,0.96,84,5.4,38.2,13.1,4,10001,7.6,6,25,1,16.5,6,M,no,ligero
PAC010925,70,93.3,190,25.8,109,105,114,97,62,133,7.3,189,44,193,182,0.89,74,7.7,37.7,15.2,1,500,9.9,14,1,1,12.1,6,M,no,sedentario
PAC010926,24,62.7,182,18.9,84,114,107,81,54,77,5.6,209,65,71,40,1.06,104,0.1,13.5,13.6,11,12750,8.9,0,0,7,4.3,6,F,no,sedentario
PAC010927,52,61.8,162,23.5,92,88,117,91,45,76,4.9,182,60,131,40,0.95,97,0.1,28.4,16.0,6,9703,9.1,2,4,6,8.1,0,F,no,sedentario
PAC010928,42,70.5,152,30.5,86,92,126,72,73,95,4.4,200,36,82,40,0.9,107,6.0,25.5,11.7,3,5268,8.7,16,17,3,12.2,9,F,no,sedentario
PAC010929,33,70.6,153,30.2,86,98,118,83,68,118,5.2,111,46,131,49,0.71,90,2.9,21.0,15.3,5,10587,9.3,9,0,6,4.6,0,F,no,sedentario
PAC010930,18,91.1,155,37.9,67,94,120,67,89,76,6.2,206,62,121,61,0.97,113,1.5,15.2,12.4,3,8389,7.4,30,12,2,11.1,7,F,si,activo
PAC010931,46,82.7,183,24.7,121,94,160,107,86,148,5.8,191,39,160,185,1.2,78,6.2,22.1,16.7,0,1359,8.5,0,0,2,12.2,5,F,si,sedentario
PAC010932,84,79.4,197,20.5,107,121,127,96,72,119,6.9,158,47,130,256,0.97,81,11.5,34.2,11.3,0,5236,9.2,13,10,0,8.4,6,M,no,sedentario
PAC010933,28,61.6,162,23.5,61,108,114,70,64,112,5.9,250,63,167,195,0.67,84,1.8,15.5,12.2,7,10245,6.7,17,33,2,8.7,10,F,no,sedentario
PAC010934,90,91.6,163,34.5,79,122,174,88,84,97,5.8,185,37,158,180,0.41,74,8.1,26.1,16.2,0,1270,7.0,6,6,2,14.1,8,M,si,sedentario
PAC010935,65,95.0,145,45.2,92,91,182,101,86,99,7.1,253,26,139,204,0.49,68,1.5,39.3,15.1,2,910,7.1,8,0,3,14.5,7,F,si,sedentario
PAC010936,69,82.2,149,37.0,119,95,153,94,73,113,6.7,232,25,161,159,0.4,50,8.8,28.4,18.4,4,8115,6.0,12,0,1,6.6,5,F,si,sedentario
PAC010937,70,128.9,187,36.9,96,98,161,83,83,140,7.7,283,38,168,272,1.18,72,6.8,44.4,15.6,1,2875,8.7,8,4,2,11.8,5,F,no,sedentario
PAC010938,34,91.5,168,32.4,68,103,125,96,59,112,4.4,151,77,95,120,0.85,126,0.1,38.7,16.9,7,14567,9.3,0,0,2,4.1,1,M,no,sedentario
PAC010939,32,71.1,161,27.4,74,118,126,81,84,64,5.5,191,61,108,198,1.02,93,0.8,29.1,14.9,7,12607,8.6,0,11,5,4.1,5,F,no,ligero
PAC010940,81,81.4,145,38.7,101,96,130,101,87,71,5.9,271,50,111,201,0.86,62,1.8,39.4,18.5,2,2624,5.9,0,17,2,14.5,9,M,no,activo
PAC010941,39,77.5,167,27.8,97,109,138,80,81,86,4.8,196,59,118,89,0.97,122,5.5,35.2,13.0,3,6830,8.7,17,26,2,12.0,10,M,no,sedentario
PAC010942,62,74.4,156,30.6,70,89,131,89,68,66,6.3,142,58,135,166,1.27,110,0.1,40.7,13.3,9,8003,9.0,0,3,6,9.3,3,M,no,activo
PAC010943,90,83.1,154,35.0,111,93,145,95,67,88,5.3,195,53,144,184,0.68,77,6.2,30.4,15.8,5,2093,5.9,6,11,4,12.2,2,F,no,sedentario
PAC010944,79,112.5,192,30.5,124,97,162,79,67,125,6.7,295,47,147,285,0.94,82,8.6,24.7,12.8,0,7226,7.5,19,4,0,10.6,10,M,si,sedentario
PAC010945,57,84.5,193,22.7,127,129,126,102,75,121,7.7,254,45,150,248,1.31,68,12.0,38.3,15.9,0,2961,9.6,4,15,2,11.4,10,M,si,activo
PAC010946,64,104.2,183,31.1,117,89,141,72,81,125,7.4,224,39,135,214,1.29,80,7.9,30.2,17.0,0,4913,8.0,19,5,1,6.9,7,F,no,sedentario
PAC010947,68,71.7,153,30.6,98,90,164,84,77,104,6.5,209,45,170,103,0.5,59,3.0,36.9,18.0,1,3464,3.5,2,2,0,10.4,8,M,si,ligero
PAC010948,69,84.1,150,37.4,100,94,138,90,84,105,5.1,254,28,148,82,0.44,65,4.9,27.0,14.0,2,4752,6.9,6,4,1,17.8,8,M,no,ligero
PAC010949,26,60.1,166,21.8,84,92,102,70,89,93,6.1,189,50,43,189,0.97,92,0.1,18.1,12.4,3,10851,6.9,25,20,4,14.5,10,M,no,sedentario
PAC010950,82,88.4,140,45.1,105,86,147,102,86,75,7.1,236,46,128,259,0.41,105,2.8,28.3,15.9,5,5737,6.5,0,6,4,12.2,10,F,no,sedentario
PAC010951,90,83.6,166,30.3,95,106,151,118,77,85,6.3,165,49,167,153,0.42,53,6.5,19.7,12.5,1,5585,4.9,3,2,3,15.3,10,M,no,sedentario
PAC010952,71,90.3,153,38.6,96,98,176,110,82,93,5.4,244,50,115,184,0.4,78,4.0,36.0,17.0,4,6498,6.4,15,18,0,13.7,9,M,no,sedentario
PAC010953,59,85.3,202,20.9,110,104,149,104,63,148,7.7,292,29,166,304,0.96,68,5.5,30.0,14.9,2,500,8.8,10,2,2,10.7,5,M,no,sedentario
PAC010954,19,43.5,162,16.6,61,117,106,87,70,61,4.6,154,60,43,40,1.35,130,3.5,21.1,14.3,12,12097,9.5,0,0,6,3.7,5,M,no,ligero
PAC010955,90,83.7,149,37.7,114,110,167,105,69,96,6.5,213,40,117,196,0.49,81,0.6,19.8,18.7,3,8471,7.3,6,0,3,10.5,6,F,no,ligero
PAC010956,27,58.5,162,22.3,83,100,131,72,53,98,5.8,197,84,118,77,0.91,130,0.4,32.4,15.1,6,16553,7.5,2,0,7,3.0,1,M,no,activo
PAC010957,67,79.3,157,32.2,113,96,151,107,85,83,6.3,179,63,166,258,0.4,81,3.9,35.8,17.5,2,4104,7.9,6,0,3,10.6,9,M,no,ligero
PAC010958,40,83.9,156,34.5,90,99,107,82,80,132,4.7,227,34,73,103,0.84,99,3.1,18.6,13.4,3,8249,8.0,16,28,2,12.1,8,F,si,sedentario
PAC010959,42,76.2,182,23.0,77,95,113,84,48,95,5.5,190,59,66,49,0.89,105,5.5,26.4,15.5,7,12176,7.1,0,0,3,7.7,0,M,no,activo
PAC010960,23,69.2,165,25.4,76,112,122,80,76,86,4.3,168,64,120,122,1.01,95,0.1,24.5,15.5,6,17583,7.8,3,0,8,5.8,2,M,no,ligero
PAC010961,19,77.3,157,31.4,94,89,106,75,92,84,5.2,234,78,114,170,1.13,130,0.1,21.0,13.2,4,9561,7.6,16,37,0,8.4,10,M,no,ligero
PAC010962,70,76.0,140,38.8,100,83,174,105,90,105,5.2,248,54,107,221,0.58,101,3.5,22.5,14.8,0,500,6.9,15,0,1,11.8,7,F,si,sedentario
PAC010963,43,58.6,167,21.0,74,102,109,75,70,92,4.7,142,42,141,125,1.08,130,2.2,16.7,10.0,2,5796,6.8,18,7,3,7.3,10,M,no,ligero
PAC010964,44,64.9,168,23.0,75,89,139,59,61,93,5.8,124,67,70,47,0.72,92,0.1,36.4,17.1,11,13275,6.9,6,0,5,5.4,4,M,no,ligero
PAC010965,35,82.2,171,28.1,90,97,126,66,60,81,6.6,150,76,145,116,1.11,84,4.9,35.1,13.5,8,15919,9.6,10,12,5,6.4,3,M,si,ligero
PAC010966,89,91.6,205,21.8,118,97,143,104,76,151,6.6,241,33,217,241,1.1,50,9.9,39.7,13.4,0,2044,8.7,15,13,1,10.2,7,M,si,sedentario
PAC010967,49,57.3,162,21.8,85,86,121,86,85,81,5.6,190,49,98,150,0.98,88,5.7,17.2,12.9,6,6491,6.8,25,26,3,10.1,10,F,no,ligero
PAC010968,90,67.2,158,26.9,113,95,163,103,84,106,6.4,193,44,159,219,0.44,88,8.0,29.0,16.4,0,500,5.9,3,5,2,16.9,1,M,si,ligero
PAC010969,67,76.2,143,37.3,111,101,165,113,80,89,6.4,242,43,136,45,0.4,67,5.1,30.6,19.0,3,500,5.8,0,6,1,13.8,6,F,no,ligero
PAC010970,88,66.3,143,32.4,84,103,149,107,75,88,5.8,161,41,151,210,0.4,67,3.7,22.8,14.9,0,5930,5.8,12,0,4,13.5,9,M,si,ligero
PAC010971,47,83.8,196,21.8,119,92,145,97,77,132,5.8,224,38,158,363,0.86,70,7.3,45.1,14.8,0,4776,9.7,20,9,1,7.3,7,F,si,sedentario
PAC010972,32,77.1,165,28.3,86,88,113,78,80,86,4.0,191,77,101,166,0.75,95,5.4,20.8,10.4,6,4085,7.8,28,21,2,7.5,7,F,no,ligero
PAC010973,72,86.0,179,26.8,127,102,119,81,69,103,7.6,219,25,178,267,1.4,91,6.1,36.8,13.7,1,6385,7.7,0,7,3,9.5,10,F,si,sedentario
PAC010974,60,94.9,160,37.1,107,95,149,97,89,61,5.4,262,52,145,105,0.51,62,4.3,31.2,14.3,0,7310,4.1,10,1,0,13.4,4,F,no,sedentario
PAC010975,27,45.1,149,20.3,78,98,110,72,67,82,5.0,191,55,99,180,0.98,90,1.7,40.0,15.6,9,13827,8.5,14,0,4,2.0,2,F,no,ligero
PAC010976,86,68.0,146,31.9,93,103,162,86,70,87,4.6,189,46,111,186,0.5,36,3.6,38.0,15.9,1,8949,5.0,8,11,3,15.0,9,F,si,sedentario
PAC010977,40,66.7,163,25.1,63,106,91,60,59,85,6.2,242,87,134,190,1.49,102,0.1,48.5,15.3,6,10677,7.8,8,0,8,8.9,3,M,si,sedentario
PAC010978,31,56.0,179,17.5,69,114,110,80,58,62,5.1,164,76,84,134,0.84,100,2.3,37.6,15.5,12,10660,7.5,11,10,7,5.8,1,F,no,ligero
PAC010979,18,59.2,170,20.5,71,118,119,89,90,75,5.5,134,64,117,49,0.95,130,8.3,30.6,11.7,3,3107,7.2,18,19,0,6.7,10,F,si,sedentario
PAC010980,60,103.3,148,47.2,111,113,180,94,80,89,5.0,215,54,106,200,0.67,47,5.0,43.1,15.7,1,7682,5.5,20,16,2,11.3,7,M,si,sedentario
PAC010981,61,103.5,193,27.8,122,93,152,73,83,135,7.6,211,38,170,291,1.04,86,8.5,25.2,15.4,0,795,8.7,21,2,0,12.4,10,M,si,sedentario
PAC010982,29,62.8,183,18.8,70,105,129,78,71,82,5.1,188,53,114,98,0.95,87,0.7,48.3,13.2,10,9793,7.6,0,2,5,4.5,2,F,no,activo
PAC010983,31,90.7,178,28.6,100,81,104,84,55,102,4.9,287,75,96,104,1.19,110,0.1,33.5,16.2,9,12768,6.8,8,2,8,10.0,2,M,si,sedentario
PAC010984,18,86.7,166,31.5,93,103,105,63,66,95,5.5,209,50,86,40,0.92,60,2.4,47.6,12.6,2,13116,9.1,24,23,5,4.1,9,F,si,activo
PAC010985,21,93.2,154,39.3,76,95,120,82,69,72,4.3,204,65,86,176,0.92,116,3.2,19.2,12.4,7,5949,7.1,16,32,0,14.1,9,F,no,ligero
PAC010986,37,71.1,166,25.8,60,88,106,75,65,77,5.6,207,60,136,62,1.34,96,2.1,41.1,15.8,6,12092,8.2,0,1,7,7.7,5,F,no,ligero
PAC010987,19,83.5,152,36.1,68,95,104,70,53,82,4.0,152,49,78,84,1.02,122,0.1,31.0,12.5,9,14627,11.0,11,3,4,8.5,3,F,no,activo
PAC010988,56,73.1,153,31.2,87,90,148,86,86,93,6.4,190,54,209,167,0.47,42,8.0,38.3,17.4,2,6573,6.6,21,0,3,16.1,6,M,si,sedentario
PAC010989,31,58.5,160,22.9,78,80,125,76,59,112,5.6,124,53,138,95,1.13,115,0.5,10.4,15.6,9,7757,4.9,0,4,5,6.3,2,M,si,activo
PAC010990,45,57.0,171,19.5,85,95,122,72,78,91,5.1,197,61,157,50,1.09,93,3.6,33.0,15.4,5,13382,7.5,13,0,6,9.5,3,M,no,ligero
PAC010991,55,88.4,149,39.8,100,99,160,105,88,111,5.8,238,27,148,289,0.44,62,2.0,19.1,19.0,0,4631,6.4,19,9,0,11.0,3,M,no,sedentario
PAC010992,19,52.6,169,18.4,90,98,127,69,87,87,5.4,206,58,117,132,1.0,101,2.3,34.6,11.6,6,12149,7.9,24,6,2,9.7,8,F,si,ligero
PAC010993,71,85.0,188,24.0,112,96,130,86,80,120,7.1,254,25,197,292,0.93,61,9.3,47.3,13.4,1,871,8.7,12,4,3,12.1,7,F,si,sedentario
PAC010994,22,70.1,173,23.4,91,105,97,75,53,68,5.3,165,51,84,90,1.37,84,2.0,38.6,15.2,1,13120,9.8,7,1,7,6.2,4,M,si,sedentario
PAC010995,30,84.7,174,28.0,65,97,109,70,62,82,5.8,141,73,66,183,0.73,114,0.4,33.4,14.5,9,9001,7.9,9,2,8,7.7,2,F,no,ligero
PAC010996,85,86.3,148,39.4,98,109,157,104,85,111,5.2,235,37,175,181,1.0,60,2.8,28.0,15.6,0,4814,6.9,14,8,2,14.4,3,M,si,activo
PAC010997,20,71.3,162,27.2,86,104,106,60,66,82,4.9,149,80,142,144,1.03,107,2.4,29.4,14.7,10,14787,6.6,12,18,4,3.5,1,F,no,ligero
PAC010998,18,55.0,140,28.1,79,90,137,93,68,79,4.3,180,78,149,82,1.08,111,0.1,24.2,16.0,8,14245,8.3,8,6,5,8.4,2,F,no,sedentario
PAC010999,32,65.8,157,26.7,86,78,113,64,81,87,5.3,176,75,126,132,1.05,68,0.1,17.3,8.2,4,11707,8.0,19,19,1,7.5,9,M,no,sedentario
PAC011000,31,74.2,156,30.5,96,86,113,77,76,100,5.4,226,62,108,163,0.75,101,4.0,5.0,11.2,7,7766,8.9,23,22,3,9.0,6,F,no,activo
PAC011001,90,91.2,157,37.0,104,87,145,114,69,83,5.7,251,60,143,161,0.44,37,5.3,32.0,15.3,1,6117,4.8,10,9,2,12.4,6,M,si,sedentario
PAC011002,31,83.1,176,26.8,80,99,119,74,92,75,5.8,202,80,135,111,0.92,113,8.1,8.7,9.9,8,4933,7.9,22,20,0,5.5,6,M,si,ligero
PAC011003,83,95.8,150,42.6,106,108,154,88,67,116,6.5,224,68,162,111,0.4,71,2.2,33.2,13.6,3,5739,5.8,20,3,3,10.8,3,M,no,sedentario
PAC011004,51,99.5,188,28.2,99,97,138,83,69,125,6.9,247,27,206,309,1.32,74,6.0,39.2,13.0,0,1850,11.0,6,3,2,11.3,9,F,si,sedentario
PAC011005,48,100.9,202,24.7,113,106,163,86,81,117,6.2,253,27,146,262,1.21,77,6.9,46.9,13.9,1,6784,9.4,20,0,1,10.5,10,M,no,sedentario
PAC011006,30,70.5,157,28.6,77,80,127,69,66,89,6.6,218,47,75,136,1.46,106,0.7,40.9,12.9,8,16265,7.8,0,0,6,5.6,1,M,no,activo
PAC011007,64,80.8,189,22.6,122,100,156,91,83,147,7.8,202,36,115,241,1.12,75,8.5,33.8,15.1,0,7666,8.2,7,2,0,14.8,5,M,no,ligero
PAC011008,34,50.8,172,17.2,62,105,109,75,57,60,5.2,158,67,148,122,0.71,90,0.1,37.8,14.8,6,9107,9.1,0,4,6,5.2,3,F,no,sedentario
PAC011009,24,58.3,169,20.4,88,107,110,82,56,93,4.0,200,82,91,40,0.88,101,1.7,23.1,14.6,6,12792,9.9,11,0,6,7.3,3,F,no,sedentario
PAC011010,18,43.1,163,16.2,86,98,136,68,87,75,5.2,214,68,119,40,1.14,113,4.4,20.4,12.1,7,6765,8.7,17,32,2,8.2,10,M,no,ligero
PAC011011,30,79.3,189,22.2,69,94,118,60,55,99,4.4,110,47,117,40,1.38,119,0.1,27.1,12.7,10,9536,8.6,9,4,3,4.2,7,F,no,sedentario
PAC011012,90,81.3,205,19.3,118,121,150,77,81,161,6.0,301,37,227,335,1.48,82,3.2,40.4,13.5,0,4835,11.0,5,12,1,13.6,9,M,si,ligero
PAC011013,59,102.4,153,43.7,108,87,166,115,72,113,5.6,184,39,165,122,0.49,63,3.7,41.5,13.7,0,500,8.8,16,5,1,12.0,8,F,si,sedentario
PAC011014,36,69.3,168,24.6,80,102,125,76,75,81,5.4,201,35,111,84,1.14,130,4.8,20.4,8.9,7,9163,8.4,27,25,6,11.4,10,M,no,activo
PAC011015,20,61.6,144,29.7,86,104,133,73,56,88,5.9,201,63,116,147,1.06,113,1.5,27.7,15.6,10,10521,9.5,9,0,5,2.0,1,M,si,activo
PAC011016,63,91.8,140,46.8,104,85,156,101,76,89,5.9,213,47,105,110,0.48,85,7.6,47.7,16.2,3,6966,6.8,14,10,3,13.0,7,F,si,ligero
PAC011017,83,84.2,150,37.4,88,90,167,95,65,89,6.1,256,53,129,305,0.57,87,3.8,23.2,15.1,2,5247,5.4,7,0,5,9.4,7,F,no,sedentario
PAC011018,71,100.2,185,29.3,126,112,151,99,70,119,6.9,303,31,210,297,1.16,60,8.5,39.6,13.7,0,8397,8.5,16,0,2,12.1,7,M,si,sedentario
PAC011019,63,99.9,200,25.0,130,112,102,89,77,131,7.7,263,43,165,284,0.84,73,9.9,38.1,14.0,1,2414,7.6,7,6,0,8.9,8,M,no,sedentario
PAC011020,60,73.9,192,20.0,126,93,116,96,78,131,7.5,254,44,180,243,1.03,60,8.6,34.4,14.0,1,680,10.2,4,10,4,11.1,4,F,si,sedentario
PAC011021,67,75.8,148,34.6,93,81,141,106,83,94,6.5,227,50,167,258,0.7,64,3.5,31.8,15.0,1,3186,4.9,7,0,1,11.2,7,F,si,ligero
PAC011022,18,67.7,175,22.1,79,102,111,67,64,87,4.0,150,75,127,103,1.17,112,0.1,38.1,12.9,5,9868,10.2,4,4,5,8.3,2,M,no,ligero
PAC011023,64,104.2,148,47.6,113,104,154,117,74,112,5.7,242,39,125,173,0.51,77,0.1,29.3,17.1,5,1967,8.0,5,1,2,13.2,8,F,no,ligero
PAC011024,56,71.7,148,32.7,87,102,172,103,81,107,5.4,214,33,131,113,0.5,53,6.9,27.9,16.8,3,3132,6.8,0,0,3,9.7,10,F,si,sedentario
PAC011025,21,60.4,166,21.9,99,97,116,83,66,71,4.2,224,59,104,40,0.95,96,6.3,39.7,14.6,9,10553,8.9,0,0,5,2.6,3,F,no,ligero
PAC011026,35,45.9,154,19.4,90,105,90,86,72,93,5.3,232,49,105,155,1.03,118,0.7,42.7,15.4,10,13307,9.2,0,0,6,3.2,2,M,no,activo
PAC011027,39,78.8,149,35.5,97,101,109,81,80,82,4.3,158,55,132,117,0.94,110,4.1,5.0,12.7,2,7896,7.4,22,22,4,9.8,10,M,si,ligero
PAC011028,44,75.3,164,28.0,78,94,100,84,74,105,4.7,193,55,134,119,1.06,88,1.7,28.3,13.7,7,10485,7.5,26,12,2,12.6,8,F,si,ligero
PAC011029,51,115.6,193,31.0,133,107,132,84,73,137,6.4,241,36,154,211,1.29,44,10.3,30.6,12.8,7,1629,9.2,13,10,1,11.6,10,F,si,ligero
PAC011030,18,51.1,164,19.0,94,99,108,74,84,82,5.8,166,74,108,107,0.78,77,3.2,18.1,9.9,9,10693,6.4,18,20,1,9.7,4,F,si,sedentario
PAC011031,42,61.1,178,19.3,60,99,116,73,65,100,4.0,160,63,67,68,0.88,112,0.1,33.8,14.5,6,12227,9.6,4,0,6,6.7,3,M,no,sedentario
PAC011032,67,87.3,197,22.5,125,109,126,84,84,129,6.5,242,25,171,327,1.04,92,4.3,45.5,14.6,2,4433,9.6,9,0,3,9.1,9,F,no,activo
PAC011033,61,92.6,191,25.4,110,90,143,93,68,144,6.2,222,44,201,346,1.14,88,10.7,34.7,14.9,0,1881,9.5,4,8,2,14.7,7,F,si,activo
PAC011034,35,45.5,158,18.2,73,107,125,68,68,94,5.1,212,77,74,40,0.99,93,3.8,46.6,16.2,10,12845,7.6,0,4,3,2.0,0,F,si,sedentario
PAC011035,37,55.9,154,23.6,98,103,141,61,52,75,5.3,188,59,109,77,1.21,104,3.2,15.7,16.9,6,13147,7.7,11,0,6,2.6,0,M,no,sedentario
PAC011036,19,51.5,152,22.3,95,79,133,79,73,81,5.2,169,55,82,174,0.93,126,0.3,16.4,12.2,8,11241,9.4,31,26,0,8.2,3,M,no,sedentario
PAC011037,90,59.6,205,14.2,104,107,133,86,65,120,6.3,258,43,165,245,1.34,66,7.0,23.0,13.1,0,4209,8.4,26,2,3,13.1,10,F,si,sedentario
PAC011038,90,66.4,140,33.9,115,114,162,88,88,79,5.2,189,38,115,324,0.4,72,5.4,36.9,13.9,3,6169,5.4,14,0,2,12.9,6,M,si,ligero
PAC011039,77,82.5,166,29.9,81,81,164,97,78,124,5.4,243,53,152,151,0.99,69,7.9,34.7,16.1,0,5187,7.2,23,0,2,13.7,5,M,si,sedentario
PAC011040,33,81.3,158,32.6,78,104,99,76,59,89,4.0,207,51,138,40,1.33,103,0.3,38.7,13.6,11,15333,6.9,4,0,6,10.0,3,M,no,activo
PAC011041,90,64.6,140,33.0,96,88,165,93,86,78,5.6,240,74,165,186,0.79,89,3.1,33.9,13.0,0,5264,3.7,4,15,6,11.2,10,F,si,sedentario
PAC011042,51,71.6,143,35.0,109,95,190,96,94,123,4.6,230,29,100,194,0.4,93,0.7,41.5,15.0,0,4869,6.2,13,0,5,16.4,8,M,si,sedentario
PAC011043,22,62.7,162,23.9,61,92,106,71,53,62,6.5,221,60,141,118,1.1,78,2.6,46.9,14.6,11,10417,9.0,0,6,7,2.2,7,M,no,ligero
PAC011044,76,78.0,196,20.3,143,91,132,74,77,143,7.4,212,36,152,126,1.11,67,8.7,37.8,14.9,0,6640,8.6,13,0,3,10.3,10,F,si,ligero
PAC011045,48,104.6,204,25.1,112,93,143,84,59,117,6.9,233,25,185,338,1.06,77,6.6,27.6,13.9,0,2367,10.8,14,10,0,16.9,10,M,si,sedentario
PAC011046,18,65.1,154,27.4,89,107,120,71,62,60,4.1,199,58,98,81,1.11,101,4.2,44.9,14.8,9,12729,6.7,9,6,3,6.0,4,F,no,ligero
PAC011047,64,98.0,186,28.3,105,107,136,81,92,101,8.4,292,29,151,268,1.29,88,5.6,39.3,16.3,0,2000,9.4,9,8,1,8.4,6,M,si,sedentario
PAC011048,79,67.5,142,33.5,104,105,156,91,72,105,6.3,189,64,154,197,0.98,81,4.4,21.6,16.1,3,1989,6.5,14,4,1,11.3,8,F,si,sedentario
PAC011049,36,82.1,158,32.9,70,92,125,75,78,84,6.5,143,80,133,208,0.69,107,2.0,11.2,11.5,0,6753,6.0,13,11,2,10.5,4,M,si,activo
PAC011050,73,85.1,156,35.0,93,101,164,105,89,106,6.6,223,60,102,164,0.59,85,4.7,35.6,15.8,1,11519,7.3,6,2,4,11.0,9,F,no,sedentario
PAC011051,18,66.9,180,20.6,86,100,144,80,80,106,4.8,160,72,105,123,1.41,127,3.1,18.3,16.4,6,13062,7.6,14,0,6,5.3,0,F,no,sedentario
PAC011052,29,56.4,156,23.2,67,112,116,72,65,109,4.9,136,64,97,40,1.11,108,2.4,25.6,17.0,7,13086,9.3,10,0,4,7.4,1,F,no,ligero
PAC011053,64,98.6,147,45.6,111,114,146,96,68,127,5.5,182,71,133,155,0.67,71,6.6,41.2,15.5,0,7960,6.8,11,4,3,15.4,5,M,si,sedentario
PAC011054,18,68.3,170,23.6,78,98,111,69,82,76,5.4,206,47,119,68,0.68,123,2.6,19.4,11.2,7,11376,8.2,23,21,2,8.9,3,F,no,sedentario
PAC011055,27,56.6,149,25.5,93,109,147,81,88,69,5.4,163,54,88,77,0.67,96,0.4,31.1,11.2,6,12441,5.8,15,24,2,10.0,6,M,no,ligero
PAC011056,28,59.0,162,22.5,96,93,105,66,79,86,5.5,142,83,101,93,0.67,89,4.3,15.9,11.4,3,8760,7.3,35,20,2,9.0,6,F,si,activo
PAC011057,74,86.3,199,21.8,122,122,150,71,70,118,8.6,262,25,184,285,1.17,66,8.2,30.5,15.1,0,500,7.4,3,9,3,16.2,10,M,si,sedentario
PAC011058,90,106.6,199,26.9,106,85,153,83,79,144,6.6,270,46,106,326,1.22,105,4.5,25.3,13.7,0,2205,8.5,2,11,0,10.2,6,M,si,sedentario
PAC011059,30,66.2,156,27.2,89,103,97,60,69,94,5.3,195,76,95,169,1.05,88,2.5,36.9,12.9,5,13053,7.5,6,0,4,6.8,3,F,no,sedentario
PAC011060,18,67.3,147,31.1,75,107,113,76,66,72,4.5,116,45,101,54,1.0,90,0.8,43.3,14.4,8,14171,8.9,0,8,3,12.6,5,M,no,sedentario
PAC011061,18,91.9,158,36.8,65,98,90,65,59,88,4.7,171,38,97,40,1.04,112,0.1,30.7,14.5,10,17981,8.4,2,1,4,6.6,0,M,no,ligero
PAC011062,27,61.3,151,26.9,89,112,96,80,67,60,4.3,144,64,43,40,1.11,126,0.2,30.4,16.6,6,11126,9.1,0,0,7,4.5,4,F,no,ligero
PAC011063,57,78.4,205,18.7,123,105,125,89,80,160,7.4,273,31,175,296,1.31,74,7.7,25.6,14.2,0,6347,8.9,11,0,3,12.3,10,M,no,sedentario
PAC011064,18,71.1,174,23.5,83,99,106,69,71,92,4.6,259,64,98,138,1.04,79,0.1,29.6,10.6,3,10326,5.8,20,38,1,8.8,7,M,si,ligero
PAC011065,63,73.3,147,33.9,94,88,166,104,74,91,5.2,230,46,161,261,0.58,56,5.3,50.4,18.9,0,1962,5.0,7,0,2,11.1,7,F,si,ligero
PAC011066,22,69.6,157,28.2,90,96,120,74,76,80,4.5,252,66,87,129,0.97,100,5.8,44.1,12.6,7,6402,7.8,20,27,1,10.7,7,M,si,sedentario
PAC011067,86,84.2,142,41.8,95,112,136,100,91,114,5.8,222,55,118,149,0.69,66,1.4,57.0,15.4,0,6965,5.2,7,0,1,14.4,5,M,no,sedentario
PAC011068,24,71.6,152,31.0,80,101,115,81,70,92,4.5,182,73,118,173,1.49,109,3.9,54.9,16.2,8,10109,9.6,0,11,5,3.0,4,F,si,sedentario
PAC011069,43,65.7,169,23.0,77,96,130,62,71,104,5.0,195,56,88,177,0.98,101,3.2,27.5,16.2,7,9658,8.8,11,0,8,2.8,5,F,si,sedentario
PAC011070,78,83.1,205,19.8,118,116,139,86,75,126,7.1,271,46,128,264,1.34,78,6.9,43.9,16.6,0,500,8.6,11,11,2,11.1,10,F,no,sedentario
PAC011071,90,55.4,140,28.3,98,92,155,96,72,92,6.1,247,49,81,132,0.58,92,2.0,26.1,13.1,1,988,5.9,12,0,4,15.2,10,F,si,sedentario
PAC011072,69,71.4,140,36.4,100,88,172,109,81,100,5.2,257,48,152,182,0.81,92,3.6,36.6,17.5,4,6604,5.1,1,8,4,12.3,1,M,si,sedentario
PAC011073,34,40.0,171,13.7,81,75,124,70,56,108,5.2,207,61,125,158,1.18,108,0.5,29.8,13.7,6,11631,9.3,0,6,7,7.6,2,M,no,sedentario
PAC011074,31,54.8,170,19.0,78,87,118,78,67,95,4.0,167,50,57,40,0.91,111,4.2,18.0,18.1,9,11250,11.0,3,2,7,9.2,1,F,no,ligero
PAC011075,36,62.6,153,26.7,80,81,123,76,74,93,4.5,187,65,107,196,0.98,101,5.3,10.8,10.2,3,8918,7.7,21,31,0,10.2,10,M,si,sedentario
PAC011076,90,73.0,156,30.0,90,94,183,103,54,121,5.3,256,54,83,166,0.8,72,5.9,35.2,13.3,1,3855,8.1,14,0,3,9.7,6,M,si,sedentario
PAC011077,36,69.6,162,26.5,85,90,96,85,70,78,4.3,154,54,103,154,1.1,104,3.4,22.6,11.6,0,12635,5.8,29,31,4,11.7,7,M,si,sedentario
PAC011078,67,89.1,194,23.7,127,100,115,87,87,105,6.2,212,25,139,251,0.96,83,8.5,50.6,10.5,1,4417,8.5,0,0,4,14.8,8,M,si,ligero
PAC011079,60,90.4,150,40.2,116,87,163,100,76,86,5.8,225,53,143,143,0.71,99,8.3,48.4,13.1,2,8003,6.0,3,9,4,15.6,8,F,si,ligero
PAC011080,74,85.5,194,22.7,124,110,148,99,75,150,7.0,181,25,193,241,1.29,56,7.2,33.5,14.1,0,5210,8.7,15,9,3,10.3,8,F,no,activo
PAC011081,76,71.5,151,31.4,128,101,177,100,78,70,7.1,281,51,127,175,0.51,86,5.7,28.2,15.5,4,1354,6.7,5,4,0,12.4,5,M,si,sedentario
PAC011082,37,81.1,179,25.3,89,88,90,65,49,102,4.1,174,82,136,156,1.02,92,0.4,45.9,14.1,8,10950,9.4,4,5,4,6.5,3,F,no,ligero
PAC011083,88,74.5,156,30.6,106,113,158,93,63,91,6.8,199,35,152,176,0.4,70,1.7,32.6,15.7,2,6254,6.6,5,0,1,12.0,6,F,no,ligero
PAC011084,44,80.7,192,21.9,117,106,147,80,74,121,7.3,177,25,162,211,0.99,73,9.7,50.9,15.2,0,777,9.3,13,7,3,7.1,8,F,si,activo
PAC011085,68,89.9,185,26.3,139,76,142,84,87,128,8.3,246,43,158,318,1.22,84,5.9,54.0,15.8,0,1041,11.0,9,4,1,13.1,9,F,no,ligero
PAC011086,60,97.4,205,23.2,100,109,128,88,101,130,6.7,216,31,103,314,1.23,82,8.9,27.5,12.8,0,500,9.5,2,6,0,13.9,7,M,no,sedentario
PAC011087,19,60.8,176,19.6,71,106,110,83,49,77,4.8,157,100,119,140,1.1,96,2.5,51.1,14.3,11,12511,8.7,9,0,5,6.1,0,M,no,sedentario
PAC011088,47,52.2,171,17.9,74,99,98,78,61,81,4.7,189,63,120,83,1.28,100,0.1,53.4,15.4,6,14582,8.2,7,0,5,6.6,1,F,no,activo
PAC011089,60,99.0,195,26.0,111,109,124,89,100,151,6.6,245,25,116,201,0.88,57,4.4,24.5,15.3,0,500,8.2,6,8,4,9.6,7,F,no,sedentario
PAC011090,28,50.0,182,15.1,91,112,125,71,80,97,5.9,194,61,135,40,1.06,121,0.1,35.8,16.7,6,13266,8.6,0,3,6,3.7,1,M,no,sedentario
PAC011091,48,112.0,204,26.9,123,115,131,96,75,131,7.4,230,30,163,362,1.0,74,2.7,29.0,13.3,0,596,8.7,12,13,0,13.0,4,M,si,sedentario
PAC011092,66,92.1,189,25.8,97,86,131,75,79,119,7.4,219,25,165,306,0.99,80,4.1,31.3,15.4,0,5024,9.1,7,0,2,11.6,8,M,no,activo
PAC011093,18,82.7,164,30.7,81,84,127,75,71,70,4.0,157,80,104,58,1.19,100,2.0,20.6,15.3,11,11871,7.7,9,8,6,7.3,3,M,no,sedentario
PAC011094,68,63.0,173,21.0,60,107,114,74,54,108,6.2,123,78,70,144,1.18,97,3.2,33.7,12.9,10,15986,9.8,0,2,6,2.2,2,F,si,ligero
PAC011095,52,97.5,192,26.4,103,101,144,90,60,134,7.5,201,27,208,293,1.13,48,8.4,21.0,14.1,3,10720,9.1,14,0,0,6.1,9,F,si,sedentario
PAC011096,39,53.5,170,18.5,70,93,114,64,52,71,4.2,183,62,110,85,0.91,93,0.1,24.2,12.8,4,15726,9.6,0,2,6,3.7,5,M,si,sedentario
PAC011097,59,94.9,148,43.3,126,99,180,103,78,93,5.5,243,61,96,282,0.61,52,3.4,38.0,17.1,2,6443,6.6,0,0,4,14.4,4,F,no,sedentario
PAC011098,25,69.7,159,27.6,82,102,126,69,51,102,5.5,189,61,84,63,1.0,116,0.1,28.6,16.2,8,10504,8.5,5,0,6,5.7,5,F,no,ligero
PAC011099,77,99.4,147,46.0,104,106,158,90,107,112,6.3,240,35,116,137,0.6,61,1.3,31.7,15.8,5,6749,5.2,13,0,3,13.0,2,M,si,sedentario
PAC011100,72,73.4,152,31.8,66,97,161,90,93,84,4.9,270,69,172,194,0.63,70,5.8,24.7,14.2,7,500,4.9,9,2,1,13.4,6,M,si,sedentario
PAC011101,54,64.1,182,19.4,71,93,102,64,73,123,5.7,199,53,97,40,1.0,110,0.1,32.5,16.9,10,7339,9.1,11,1,5,9.6,0,F,no,ligero
PAC011102,75,96.1,201,23.8,118,104,153,85,62,131,7.0,277,32,156,246,0.95,77,1.1,39.3,16.1,3,500,9.5,9,4,0,12.9,7,M,si,ligero
PAC011103,62,67.3,152,29.1,115,86,154,109,72,100,6.4,195,60,170,94,0.4,57,2.0,52.8,16.7,0,500,6.5,3,7,3,10.5,6,F,si,ligero
PAC011104,18,94.7,161,36.5,90,105,112,67,66,98,5.9,210,90,91,77,1.16,102,2.1,38.1,17.1,10,12056,8.3,6,0,4,6.6,3,F,no,activo
PAC011105,46,81.4,174,26.9,77,102,96,93,53,97,5.7,139,74,129,101,0.9,87,0.1,44.8,18.3,7,12100,8.9,0,4,5,7.4,1,M,no,activo
PAC011106,46,57.2,151,25.1,86,90,130,76,81,99,5.3,210,57,93,125,0.9,70,2.7,39.0,11.3,1,9605,8.8,21,27,2,12.2,6,M,si,sedentario
PAC011107,62,124.3,205,29.6,113,116,141,87,94,137,7.0,256,25,143,240,1.16,78,9.8,26.7,14.3,0,7773,9.4,8,7,1,10.5,8,M,no,sedentario
PAC011108,81,107.1,204,25.7,111,108,144,91,74,145,6.1,237,30,196,238,1.16,51,6.7,38.5,13.4,0,500,9.2,5,10,2,15.0,2,M,no,sedentario
PAC011109,72,108.0,140,55.1,122,114,175,91,79,99,5.1,231,57,104,176,0.58,42,4.6,28.1,15.8,0,527,6.1,0,0,2,12.7,7,M,no,sedentario
PAC011110,73,87.7,156,36.0,115,100,162,95,67,82,6.1,145,48,122,192,0.6,52,4.5,44.8,17.5,1,7569,7.0,12,10,1,14.9,7,M,si,ligero
PAC011111,18,71.1,172,24.0,79,90,111,80,68,101,5.1,177,55,77,57,1.06,108,0.3,12.9,15.1,7,8141,9.5,6,2,4,4.2,1,F,si,activo
PAC011112,43,90.4,198,23.1,102,98,157,70,82,129,7.0,224,47,160,297,1.09,79,4.9,33.9,13.7,1,5595,8.9,14,5,1,11.6,6,M,no,sedentario
PAC011113,47,98.4,140,50.2,93,102,167,88,71,78,5.1,225,30,88,125,0.49,71,8.8,30.6,13.8,3,7493,6.6,9,4,0,14.6,7,M,no,sedentario
PAC011114,31,66.3,178,20.9,73,106,126,88,84,106,6.4,141,71,118,187,0.81,120,4.8,20.8,11.7,6,5138,9.0,12,18,3,6.8,9,M,no,ligero
PAC011115,18,40.0,169,14.0,82,110,93,59,63,94,4.5,185,57,131,155,1.13,100,0.1,31.8,15.0,12,13947,9.2,22,3,5,2.9,0,F,no,ligero
PAC011116,72,88.1,203,21.4,110,105,171,85,78,128,7.0,229,36,142,230,1.27,72,4.8,34.8,17.5,0,2302,9.6,10,0,3,11.8,8,M,si,ligero
PAC011117,87,73.6,149,33.2,113,101,154,98,78,62,6.1,215,30,146,187,0.86,75,5.1,40.2,15.4,0,6064,6.1,0,0,1,10.8,6,F,si,sedentario
PAC011118,90,77.5,162,29.5,130,92,179,88,75,99,7.1,279,33,148,40,0.4,76,4.6,27.0,17.9,4,6030,6.6,2,0,2,10.0,5,F,no,sedentario
PAC011119,18,66.3,170,22.9,74,98,136,74,51,67,5.2,180,75,97,40,0.94,98,0.4,27.4,11.9,7,9000,7.6,4,16,5,3.7,0,F,si,activo
PAC011120,31,66.3,170,22.9,83,105,113,87,61,97,5.3,159,83,104,48,1.04,92,0.1,29.9,14.7,6,9282,9.2,8,2,6,9.6,4,M,no,ligero
PAC011121,18,62.9,176,20.3,97,87,119,78,60,60,5.3,189,34,126,127,1.24,78,0.1,47.8,13.2,4,11612,8.9,2,12,6,2.0,1,M,no,activo
PAC011122,30,70.0,165,25.7,92,96,119,66,69,98,4.9,110,37,98,73,0.66,91,5.0,19.9,11.4,9,10382,6.9,16,21,0,9.0,10,F,si,ligero
PAC011123,37,77.4,154,32.6,80,91,116,67,67,108,5.3,182,43,126,84,1.02,98,2.7,35.2,17.9,8,18341,8.8,21,0,6,4.7,6,F,no,ligero
PAC011124,74,97.7,140,49.8,95,105,151,89,60,106,6.0,212,50,192,171,0.51,103,7.8,41.2,16.6,1,9503,6.0,9,14,3,13.1,5,F,no,sedentario
PAC011125,63,88.9,185,26.0,120,96,153,88,83,148,7.2,247,32,186,305,1.17,74,8.5,32.8,11.5,1,2244,10.0,18,3,1,17.9,7,F,si,sedentario
PAC011126,37,55.7,168,19.7,61,82,126,90,67,68,4.4,135,85,139,126,0.81,130,2.3,42.2,13.7,6,10381,9.3,10,0,7,6.1,0,F,no,activo
PAC011127,33,66.7,171,22.8,89,104,106,66,54,80,4.0,189,87,132,124,0.76,66,0.1,22.7,12.7,10,11437,9.4,11,10,7,8.5,4,M,no,activo
PAC011128,85,93.2,140,47.6,107,106,160,93,75,90,5.1,177,59,151,132,0.63,60,3.9,25.7,17.9,6,6755,7.1,19,0,2,9.3,8,F,no,sedentario
PAC011129,81,86.8,192,23.5,119,117,100,95,73,123,6.4,217,41,187,174,1.39,99,7.2,34.8,16.2,0,2488,7.1,24,0,1,7.6,6,F,no,sedentario
PAC011130,40,53.3,181,16.3,79,108,107,87,80,96,4.8,166,72,84,171,1.03,78,1.9,37.9,15.3,10,15218,8.0,0,5,7,4.1,3,F,no,ligero
PAC011131,54,69.3,204,16.7,112,83,143,87,73,146,8.3,269,39,163,296,1.08,63,8.0,43.9,15.4,7,966,6.8,7,0,3,12.5,9,M,si,ligero
PAC011132,51,94.8,200,23.7,110,90,124,99,96,111,7.9,265,37,164,217,1.4,111,5.3,29.2,15.1,3,8946,9.3,11,8,4,8.9,9,M,no,sedentario
PAC011133,25,78.5,183,23.4,62,121,114,62,61,99,4.4,142,88,67,117,1.13,99,1.5,55.8,14.4,11,11421,6.7,1,0,5,9.4,1,F,no,sedentario
PAC011134,39,51.8,162,19.7,88,96,95,70,63,78,4.4,188,62,120,43,1.3,80,0.1,47.8,17.1,6,19041,6.8,0,0,6,8.2,2,M,no,sedentario
PAC011135,72,67.3,189,18.8,139,121,146,89,104,130,5.8,259,25,100,322,1.05,89,2.6,29.8,14.6,3,5912,7.5,20,9,0,9.1,10,F,si,ligero
PAC011136,36,65.9,151,28.9,68,88,113,79,98,91,5.1,168,51,136,205,0.94,109,1.7,16.9,11.6,8,8449,7.4,23,25,2,6.6,6,F,no,ligero
PAC011137,38,55.8,205,13.3,144,93,145,91,66,136,8.0,276,27,136,175,1.28,98,1.9,24.2,15.7,0,500,9.3,7,16,1,14.5,9,F,si,ligero
PAC011138,80,82.7,199,20.9,105,118,134,84,79,162,6.6,249,38,153,190,1.09,66,6.0,60.8,16.7,0,4873,8.3,22,7,3,9.4,5,F,no,ligero
PAC011139,18,72.6,152,31.4,85,91,109,71,67,75,5.8,156,83,184,82,0.95,70,0.1,35.8,10.7,6,7681,7.7,8,25,1,13.8,10,F,no,activo
PAC011140,66,91.8,201,22.7,129,106,143,94,87,130,7.1,217,31,151,315,0.83,68,7.9,41.6,14.0,0,4742,9.0,0,7,2,9.2,5,F,no,sedentario
PAC011141,64,97.5,205,23.2,121,101,163,85,68,124,7.6,257,27,216,283,1.41,104,6.4,24.8,16.2,0,1261,9.6,13,7,1,12.0,5,M,si,sedentario
PAC011142,67,72.6,188,20.5,99,86,147,100,91,126,7.2,201,29,184,240,1.18,67,8.4,29.9,17.3,3,500,8.1,3,0,0,12.6,7,F,no,sedentario
PAC011143,55,109.8,205,26.1,135,94,136,89,87,118,6.5,245,43,203,246,1.47,57,5.1,38.7,15.2,0,500,8.1,11,9,0,7.8,7,F,no,activo
PAC011144,63,85.5,191,23.4,126,116,170,103,69,140,7.5,259,57,177,194,1.18,80,6.8,19.4,14.8,3,10222,9.1,22,9,0,11.9,10,F,si,sedentario
PAC011145,18,57.7,169,20.2,79,106,98,76,65,107,5.9,167,76,92,88,0.92,123,1.1,42.5,17.0,9,12686,8.4,11,0,4,4.8,4,M,si,activo
PAC011146,26,78.6,175,25.7,64,94,117,81,60,67,4.7,187,63,94,129,1.14,90,3.7,49.6,14.4,15,10116,8.1,0,3,6,4.4,3,F,si,ligero
PAC011147,27,82.2,165,30.2,63,82,115,71,92,77,5.4,211,26,86,101,0.91,97,1.3,17.1,13.1,7,8991,8.7,10,11,0,12.5,5,M,no,sedentario
PAC011148,78,73.1,204,17.6,117,107,154,90,91,129,7.9,237,72,175,204,1.24,82,5.5,42.8,12.9,0,3979,8.8,4,7,2,12.2,10,M,no,ligero
PAC011149,77,121.5,205,28.9,113,101,147,83,73,146,7.8,227,33,170,337,1.33,91,9.0,22.0,14.1,0,500,8.1,19,17,1,9.1,9,F,si,ligero
PAC011150,54,112.2,201,27.8,134,91,128,79,89,120,7.1,233,26,175,371,1.71,99,9.8,49.1,14.5,0,1686,9.9,11,3,2,10.6,10,F,si,sedentario
PAC011151,62,84.2,146,39.5,107,91,160,111,70,118,5.5,199,34,101,170,0.45,82,3.6,26.3,15.3,0,10037,7.2,17,0,0,16.4,9,F,no,ligero
PAC011152,81,89.8,149,40.4,100,98,188,100,79,70,5.8,240,39,83,120,0.62,71,2.0,43.5,17.9,0,3309,5.9,11,8,1,15.6,6,M,no,ligero
PAC011153,26,40.0,170,13.8,104,111,114,87,69,98,5.4,165,56,109,84,1.03,108,0.1,41.8,15.2,9,15237,7.4,4,3,6,6.7,4,M,no,ligero
PAC011154,37,93.6,164,34.8,81,78,125,82,77,82,4.7,144,69,151,56,1.06,99,1.5,12.4,14.1,4,7671,7.9,19,22,4,11.3,5,F,si,sedentario
PAC011155,34,77.3,171,26.4,88,86,127,79,78,108,4.9,207,31,136,172,1.14,117,0.1,27.9,10.4,5,10393,6.8,22,17,0,11.0,6,M,no,ligero
PAC011156,49,66.2,153,28.3,100,90,113,63,106,107,5.3,151,49,74,143,1.03,88,1.3,32.6,13.5,2,7319,8.1,14,27,2,7.2,9,M,no,sedentario
PAC011157,48,93.1,158,37.3,72,93,98,64,79,75,4.0,131,57,40,40,0.62,84,4.8,15.7,9.4,8,9328,8.1,24,7,4,6.5,4,M,si,ligero
PAC011158,66,84.1,148,38.4,109,88,143,116,63,105,5.4,247,60,84,164,0.4,93,4.8,36.9,18.8,1,4796,5.3,15,1,0,11.7,7,M,no,sedentario
PAC011159,41,84.9,147,39.3,122,128,132,92,71,103,6.6,254,41,191,168,0.4,69,2.0,36.1,17.2,6,9971,6.8,9,9,3,11.7,7,F,si,sedentario
PAC011160,49,95.6,151,41.9,102,110,161,85,54,130,6.2,221,59,127,184,0.89,57,4.7,31.3,17.2,0,5653,7.1,12,9,0,12.7,8,F,no,ligero
PAC011161,48,68.3,170,23.6,105,97,102,66,57,89,4.7,185,76,104,40,1.23,106,1.0,42.6,14.3,9,12483,5.3,8,20,7,8.1,4,M,no,activo
PAC011162,18,69.3,158,27.8,61,86,112,88,83,101,5.1,172,75,121,139,0.72,90,3.7,16.6,12.6,4,14199,8.2,14,24,0,11.3,9,F,no,ligero
PAC011163,31,70.1,162,26.7,78,83,123,71,92,104,5.5,192,73,103,40,0.89,83,3.5,15.4,13.0,5,8726,6.8,28,11,0,10.7,9,F,no,ligero
PAC011164,38,47.5,169,16.6,60,118,138,63,53,69,5.1,142,81,106,135,1.13,130,2.3,42.3,14.8,13,12495,7.6,0,0,4,7.7,2,M,no,activo
PAC011165,28,50.6,161,19.5,82,105,138,68,75,77,4.0,193,68,94,138,0.8,124,0.4,24.0,12.5,0,11569,8.5,0,26,1,12.8,10,F,no,ligero
PAC011166,90,67.6,144,32.6,80,93,170,97,79,77,5.6,242,40,159,125,0.7,76,6.5,30.1,15.6,0,8581,6.4,15,12,3,10.8,8,M,no,sedentario
PAC011167,56,92.1,199,23.3,114,111,109,86,86,119,7.9,259,43,232,322,1.52,64,9.8,35.7,14.5,0,2066,8.4,5,14,2,9.9,6,M,si,sedentario
PAC011168,84,105.5,140,53.8,106,92,151,89,72,143,5.1,242,63,149,92,0.74,80,3.3,23.9,15.5,1,2323,6.0,6,6,0,10.2,3,F,no,sedentario
PAC011169,75,84.4,161,32.6,104,104,157,110,76,82,5.8,221,50,148,177,0.53,76,4.3,46.0,16.6,3,4761,5.9,12,8,0,8.2,7,M,no,sedentario
PAC011170,61,90.6,199,22.9,125,109,116,101,75,126,8.4,262,38,160,243,1.15,52,4.3,38.7,15.0,0,2484,9.6,16,6,0,7.3,8,F,si,sedentario
PAC011171,63,107.9,143,52.8,118,79,168,99,91,96,5.8,199,49,137,243,0.4,57,6.6,38.3,17.2,4,2839,6.6,13,8,2,15.8,9,F,si,sedentario
PAC011172,20,56.1,167,20.1,74,87,123,83,71,100,4.8,203,53,121,40,0.89,93,3.5,30.7,12.9,5,6319,6.6,13,22,1,12.2,10,F,no,sedentario
PAC011173,44,92.2,186,26.7,129,106,153,103,75,128,6.8,222,39,143,266,1.08,72,9.2,40.0,15.4,0,1983,10.0,17,3,2,5.1,10,M,si,ligero
PAC011174,18,79.0,149,35.6,88,75,115,81,78,87,4.9,164,55,117,65,1.15,99,4.6,31.0,10.2,7,3676,8.3,14,36,2,6.3,8,F,si,ligero
PAC011175,29,62.2,144,30.0,85,91,107,79,81,77,4.6,188,54,128,127,0.96,103,4.3,33.5,10.9,3,7717,7.0,27,23,2,9.9,8,M,si,ligero
PAC011176,18,59.6,146,28.0,91,96,116,75,71,94,4.1,177,64,76,52,1.06,108,0.1,44.4,14.5,8,12099,10.9,14,0,4,12.5,0,M,no,activo
PAC011177,81,86.4,143,42.3,109,95,150,94,86,83,6.4,212,50,186,203,0.52,46,3.9,14.2,16.1,2,2756,6.4,15,3,3,11.3,6,F,no,sedentario
PAC011178,18,57.0,176,18.4,93,112,148,69,70,90,4.8,185,53,73,63,1.1,120,2.5,31.3,14.5,4,11578,8.0,0,0,4,7.7,5,F,no,ligero
PAC011179,36,79.6,167,28.5,87,104,126,78,71,87,4.4,148,61,82,40,0.87,112,0.1,32.4,14.7,8,10362,8.2,0,4,5,7.2,2,M,si,ligero
PAC011180,37,75.5,166,27.4,82,87,92,78,73,92,4.5,179,70,144,143,0.95,98,1.1,27.0,10.0,3,6040,9.6,22,29,0,6.6,6,M,no,ligero
PAC011181,57,110.8,196,28.8,131,116,138,91,90,147,7.7,203,34,90,313,1.37,77,9.4,21.1,13.3,0,5421,7.1,0,0,0,9.7,6,M,si,sedentario
PAC011182,83,108.2,195,28.5,112,112,151,92,73,137,5.9,209,34,149,220,1.3,76,5.5,34.0,14.1,0,2457,9.7,7,4,1,14.5,9,F,no,sedentario
PAC011183,25,60.0,170,20.8,70,96,113,68,68,71,5.3,235,44,81,117,1.07,114,0.1,38.2,13.7,13,14469,8.4,13,8,6,6.1,4,M,no,ligero
PAC011184,69,79.9,189,22.4,95,109,137,95,91,140,8.0,228,46,179,313,1.25,72,7.0,39.4,14.8,8,500,8.2,14,2,1,11.8,7,F,si,ligero
PAC011185,25,55.6,172,18.8,73,104,125,67,45,93,5.0,110,54,82,57,1.08,94,1.8,21.7,18.3,9,13752,7.2,6,2,6,4.1,5,M,no,sedentario
PAC011186,61,88.3,142,43.8,94,104,148,77,77,103,5.7,255,65,149,139,0.83,89,0.1,38.9,15.7,2,4875,4.1,11,6,4,15.3,8,M,no,sedentario
PAC011187,77,88.6,190,24.5,112,114,140,68,61,162,6.2,214,45,167,180,1.19,71,3.4,43.9,13.6,0,500,10.1,19,1,2,7.8,9,F,si,sedentario
PAC011188,30,84.3,161,32.5,96,104,120,79,71,60,4.0,174,87,132,104,1.23,107,5.9,23.7,14.7,6,15544,8.1,4,0,4,8.1,2,F,si,activo
PAC011189,42,100.7,200,25.2,127,107,127,80,72,126,8.7,253,65,144,293,1.35,57,7.7,40.9,14.5,0,3867,10.2,20,18,0,10.2,6,M,no,sedentario
PAC011190,67,92.3,152,39.9,117,75,154,98,83,80,6.0,203,29,165,168,0.88,54,7.8,34.2,16.6,0,5566,6.0,12,2,3,13.6,6,M,no,sedentario
PAC011191,59,77.1,150,34.3,111,97,168,104,66,97,5.9,231,41,128,279,0.65,67,3.5,34.6,14.2,0,1088,7.2,7,2,2,14.7,10,M,no,sedentario
PAC011192,27,63.6,157,25.8,84,106,108,93,63,84,5.7,176,56,40,98,1.25,118,1.5,47.7,14.8,13,15586,9.0,4,0,7,2.0,2,F,no,ligero
PAC011193,66,86.3,148,39.4,113,95,120,102,63,107,5.6,240,44,95,192,0.58,66,0.1,51.6,17.0,0,1922,6.5,3,0,3,9.9,6,M,si,sedentario
PAC011194,18,70.0,148,32.0,92,99,120,84,83,110,5.2,198,25,130,144,0.79,99,4.9,33.8,10.3,3,9179,8.0,19,20,3,7.4,10,M,no,ligero
PAC011195,77,88.4,162,33.7,128,109,140,98,74,96,6.6,255,49,87,312,0.77,79,7.2,15.1,15.5,3,7342,4.8,9,0,4,10.9,8,F,no,ligero
PAC011196,50,76.8,153,32.8,91,96,143,91,67,112,6.6,204,38,114,122,0.6,78,5.8,34.8,14.5,0,4205,6.9,14,12,2,7.9,7,F,no,sedentario
PAC011197,79,103.1,152,44.6,104,100,184,98,81,76,4.8,245,54,114,177,0.48,68,6.3,26.8,15.3,1,7287,5.9,10,0,1,14.4,8,F,no,sedentario
PAC011198,18,54.2,159,21.4,74,108,115,72,58,60,4.2,149,68,149,87,0.94,114,0.1,40.4,15.0,5,12198,10.5,0,19,4,9.7,3,M,no,sedentario
PAC011199,42,83.2,167,29.8,86,89,105,82,95,109,4.0,192,67,138,85,0.77,81,1.5,18.9,12.9,5,10837,6.3,12,26,2,8.0,8,F,si,sedentario
PAC011200,20,62.4,156,25.6,71,90,90,72,64,72,5.2,144,61,42,112,0.92,98,0.1,32.5,14.2,7,16565,7.5,0,6,5,2.0,3,F,si,ligero
PAC011201,57,83.9,187,24.0,129,90,148,93,76,162,8.0,204,56,186,255,1.13,95,9.3,32.8,14.7,0,500,10.8,19,19,1,12.5,6,M,si,activo
PAC011202,40,51.3,167,18.4,94,99,123,73,45,69,5.6,125,63,130,95,1.18,99,0.1,48.5,13.6,9,10162,10.0,0,0,8,6.0,3,M,si,activo
PAC011203,32,56.3,169,19.7,81,98,107,50,76,91,4.7,122,73,66,40,1.15,95,2.2,18.5,14.1,11,10255,9.0,23,7,3,7.6,5,F,si,activo
PAC011204,70,68.8,140,35.1,116,107,146,105,77,106,6.2,235,41,138,77,0.59,45,2.0,33.5,17.2,3,9281,6.0,15,0,3,10.1,5,M,si,ligero
PAC011205,18,78.6,162,29.9,79,96,120,88,81,86,4.3,189,66,104,211,1.09,112,3.4,16.3,11.2,3,10323,5.6,16,18,1,9.7,8,F,no,sedentario
PAC011206,18,61.2,152,26.5,75,91,105,71,72,96,5.0,175,38,63,112,0.78,81,1.0,37.4,12.3,6,8193,8.5,20,29,4,5.2,8,F,no,sedentario
PAC011207,70,89.4,196,23.3,115,86,141,91,87,123,7.0,242,54,203,240,0.95,85,4.0,42.5,14.1,0,3070,10.0,0,8,1,10.1,7,F,si,ligero
PAC011208,59,75.2,146,35.3,105,92,189,91,81,88,5.7,236,51,153,181,0.52,60,8.4,38.0,16.9,0,734,6.3,1,6,2,12.1,10,M,si,ligero
PAC011209,55,65.3,162,24.9,77,97,93,70,67,62,4.2,207,71,115,67,0.93,130,0.1,28.3,15.8,11,11133,9.2,6,1,4,8.2,1,F,no,activo
PAC011210,51,78.0,196,20.3,107,102,147,81,77,146,7.0,194,41,168,258,0.76,66,5.8,33.5,15.2,0,500,9.6,5,0,2,11.3,8,F,si,ligero
PAC011211,90,79.9,140,40.8,118,106,177,106,89,91,5.7,225,54,98,236,0.57,76,3.6,31.6,17.1,0,3566,5.9,1,4,3,15.7,7,F,si,ligero
PAC011212,28,69.5,152,30.1,79,99,115,76,93,87,5.7,141,62,98,162,0.72,111,1.9,24.9,10.2,10,4985,6.5,23,26,5,8.4,8,M,no,sedentario
PAC011213,78,92.7,164,34.5,107,93,157,92,75,99,5.1,258,56,172,225,0.4,51,2.4,34.2,15.3,2,7453,6.1,2,1,2,11.3,7,F,si,sedentario
PAC011214,18,64.5,173,21.6,75,100,110,98,76,65,5.8,127,87,68,75,0.99,101,0.1,46.5,14.8,10,11804,7.9,0,0,5,2.5,2,M,no,ligero
PAC011215,65,70.5,140,36.0,89,102,145,88,85,85,5.3,213,67,143,110,0.8,95,5.0,27.5,17.2,2,5555,5.6,3,3,2,13.2,7,F,si,sedentario
PAC011216,74,96.6,140,49.3,104,103,156,111,77,89,4.6,173,56,133,92,0.67,54,2.2,17.0,15.6,3,3269,7.6,0,5,5,16.0,10,M,no,sedentario
PAC011217,26,69.7,157,28.3,115,102,123,61,91,91,5.3,200,49,86,158,0.83,86,4.5,24.3,9.3,7,12888,8.3,21,24,0,13.4,6,M,no,activo
PAC011218,53,62.3,151,27.3,115,88,178,104,74,99,6.5,235,37,161,234,0.4,90,5.3,28.5,17.8,0,3983,4.4,11,5,3,11.7,10,M,si,ligero
PAC011219,49,59.7,168,21.2,73,101,113,67,64,114,5.6,154,77,102,78,0.9,88,0.4,37.9,14.0,10,9368,5.3,0,0,4,4.8,3,M,no,sedentario
PAC011220,60,106.3,140,54.2,114,99,136,98,77,84,5.9,225,34,151,83,0.4,70,3.6,42.6,13.8,2,4933,5.5,16,5,1,18.6,9,M,si,sedentario
PAC011221,24,57.9,163,21.8,86,105,136,67,53,103,5.0,145,56,84,53,1.23,124,0.8,33.5,13.6,4,13840,9.5,13,5,5,7.8,0,F,no,sedentario
PAC011222,47,59.3,164,22.0,87,100,135,67,75,87,4.8,141,62,112,120,1.23,90,1.3,28.8,15.2,4,10847,7.8,6,0,4,6.1,0,M,si,ligero
PAC011223,41,57.3,149,25.8,88,98,104,74,70,77,4.7,154,59,108,159,1.23,116,1.2,29.5,15.1,8,8812,8.8,4,3,6,8.7,3,F,no,activo
PAC011224,19,60.8,165,22.3,63,94,109,76,70,105,4.0,155,78,107,74,0.94,118,1.3,32.6,11.7,10,14386,6.6,16,0,4,8.5,2,F,no,sedentario
PAC011225,65,93.3,205,22.2,118,102,142,66,82,118,7.4,298,51,148,303,1.44,86,5.5,43.5,15.8,1,500,11.0,9,1,2,13.1,6,F,si,sedentario
PAC011226,66,86.3,141,43.4,129,95,147,119,78,111,5.5,247,46,168,116,0.46,64,1.3,22.6,15.8,1,6591,7.8,9,15,0,14.4,8,M,si,sedentario
PAC011227,44,54.1,152,23.4,68,105,122,84,62,65,4.0,206,71,89,104,0.83,122,0.1,29.0,13.7,7,15883,9.5,0,0,5,9.1,6,M,si,activo
PAC011228,26,83.2,175,27.2,79,105,123,73,50,77,4.8,122,64,101,40,1.05,89,2.1,29.6,13.6,11,15112,7.0,4,2,6,2.2,3,F,si,ligero
PAC011229,22,74.1,149,33.4,91,79,96,70,77,98,4.0,148,48,131,227,0.64,84,3.4,10.7,9.9,2,8337,7.4,17,32,6,7.3,5,F,no,activo
PAC011230,60,65.3,145,31.1,142,94,164,96,64,97,6.3,185,44,185,177,0.51,87,7.9,43.5,15.5,0,5422,8.2,16,4,3,6.1,6,F,si,ligero
PAC011231,64,107.0,195,28.1,112,82,131,80,77,117,7.4,244,32,219,331,1.4,99,11.0,26.3,13.1,0,1899,10.4,7,0,0,3.4,3,F,si,sedentario
PAC011232,80,87.2,201,21.6,109,100,142,77,92,125,6.9,271,54,115,254,1.44,73,6.9,41.0,16.4,0,4916,7.4,19,5,2,12.6,6,M,no,activo
PAC011233,79,80.7,198,20.6,114,96,129,85,84,186,7.0,213,33,148,266,1.18,58,6.8,39.7,14.3,1,500,10.5,12,10,0,7.4,10,M,si,sedentario
PAC011234,75,105.1,191,28.8,112,101,141,89,90,143,6.5,135,40,155,272,0.9,39,5.8,31.6,15.7,0,4139,8.3,12,0,0,9.0,7,M,si,ligero
PAC011235,50,93.1,145,44.3,93,76,155,105,78,142,5.6,206,65,144,163,0.71,59,4.6,25.1,16.5,0,3637,7.3,9,0,1,17.2,6,M,si,activo
PAC011236,34,61.4,161,23.7,100,113,96,80,90,83,7.1,190,50,90,209,0.9,55,9.3,11.4,10.2,9,9875,7.4,19,32,2,6.6,7,F,no,activo
PAC011237,63,81.1,141,40.8,137,100,144,116,89,79,5.5,229,44,154,232,0.49,62,1.7,28.5,14.6,1,4897,3.9,0,3,1,8.8,7,M,no,sedentario
PAC011238,90,98.3,187,28.1,119,112,151,80,79,139,7.9,225,43,132,228,1.08,73,6.4,22.5,12.0,0,3193,9.8,10,10,1,11.4,10,F,si,sedentario
PAC011239,90,83.6,140,42.7,108,83,170,92,81,140,5.4,215,57,126,168,0.79,72,1.6,32.7,16.0,0,3491,5.9,16,0,1,8.7,4,M,si,sedentario
PAC011240,18,75.8,173,25.3,82,100,118,75,68,95,4.7,166,80,108,106,0.94,119,3.4,10.1,12.1,6,5241,8.0,11,21,1,12.2,8,M,no,ligero
PAC011241,58,77.9,182,23.5,117,111,162,81,85,119,7.2,236,47,177,234,1.19,39,6.5,41.5,13.6,3,7112,8.2,18,11,5,13.3,8,F,si,sedentario
PAC011242,32,63.6,164,23.6,63,90,90,79,66,81,4.7,155,52,79,202,0.66,75,0.1,36.8,15.2,6,9712,6.9,0,0,6,6.0,3,F,no,ligero
PAC011243,77,79.0,205,18.8,117,114,124,77,89,144,8.2,283,42,164,243,1.36,90,5.5,31.8,15.6,3,500,7.6,12,0,0,8.1,4,F,no,sedentario
PAC011244,88,81.1,191,22.2,107,98,129,84,95,101,7.8,270,39,181,141,1.33,61,11.0,29.8,14.2,0,1734,6.0,21,15,0,14.9,10,F,si,sedentario
PAC011245,18,76.3,164,28.4,105,94,118,69,110,67,6.3,160,44,112,195,1.11,108,4.3,34.5,9.7,2,12017,9.7,19,22,2,10.5,10,F,no,sedentario
PAC011246,75,97.0,147,44.9,101,110,174,106,70,131,5.7,224,55,133,109,0.4,74,6.1,27.9,13.7,0,7489,4.7,7,0,2,16.4,6,F,no,sedentario
PAC011247,35,53.9,170,18.7,81,83,117,75,72,88,4.4,187,74,133,53,0.71,97,2.8,29.5,10.9,9,12074,8.3,29,26,2,7.6,7,M,no,activo
PAC011248,54,94.2,182,28.4,101,108,135,85,72,129,7.1,196,54,153,268,0.94,72,8.2,62.5,15.6,0,500,9.4,23,0,2,8.6,6,M,si,ligero
PAC011249,38,110.1,140,56.2,87,82,150,91,79,94,5.1,192,47,188,108,0.4,83,4.1,33.9,17.3,0,3506,6.3,15,4,5,11.2,6,M,no,sedentario
PAC011250,18,66.0,166,24.0,98,105,112,52,96,109,4.9,110,56,124,152,0.79,87,4.7,20.6,12.5,5,9994,7.9,22,40,3,6.7,8,F,si,sedentario
PAC011251,64,79.9,147,37.0,107,91,154,107,74,104,7.0,255,52,143,159,0.55,68,5.1,24.3,15.8,1,5511,5.0,10,7,2,15.3,6,F,no,sedentario
PAC011252,66,88.5,205,21.1,122,109,136,92,74,132,8.2,292,36,149,243,1.08,57,2.3,56.3,11.9,4,1546,7.6,16,4,2,12.7,8,M,si,ligero
PAC011253,61,104.6,140,53.4,100,87,160,94,64,97,6.6,214,45,158,189,0.4,82,9.0,31.1,15.1,0,7208,4.8,11,1,2,11.0,5,M,si,activo
PAC011254,52,62.6,151,27.5,83,109,114,67,61,97,5.5,196,51,140,70,1.22,85,0.1,37.1,15.2,11,10269,10.3,0,5,6,8.8,3,M,si,ligero
PAC011255,64,82.7,182,25.0,99,97,131,89,72,125,8.2,225,34,139,275,1.44,83,7.7,35.0,14.9,0,3620,9.0,17,0,1,7.9,7,M,no,sedentario
PAC011256,21,71.4,165,26.2,63,99,130,64,45,82,5.3,178,52,95,118,1.35,105,1.2,37.8,11.8,10,9682,8.1,4,0,5,2.7,4,M,si,activo
PAC011257,30,40.0,167,14.3,66,106,91,83,68,83,4.0,219,70,144,96,1.16,128,0.2,44.0,15.2,10,12504,7.6,6,1,4,4.3,6,F,si,sedentario
PAC011258,63,83.2,169,29.1,92,106,178,98,79,131,5.2,231,50,152,243,0.58,74,2.6,45.5,16.9,1,2645,5.0,5,2,3,10.4,8,F,si,sedentario
PAC011259,78,98.3,144,47.4,117,92,154,95,67,92,6.4,273,43,153,267,0.65,63,3.4,28.8,16.1,2,4235,6.4,14,2,3,10.6,3,M,si,sedentario
PAC011260,18,59.7,164,22.2,86,112,90,69,71,78,5.5,162,59,168,114,1.02,104,3.2,18.8,14.1,4,9806,9.5,4,0,7,4.3,2,F,no,ligero
PAC011261,27,93.7,156,38.5,100,88,127,62,79,90,5.5,218,58,150,116,0.49,106,3.9,40.2,9.4,2,7075,9.0,14,31,0,9.4,8,F,no,activo
PAC011262,59,97.8,140,49.9,82,111,163,102,76,84,6.6,255,55,125,178,0.65,73,5.3,39.2,15.0,2,6846,5.7,11,4,0,16.6,5,F,no,sedentario
PAC011263,38,54.6,163,20.6,86,109,110,91,52,90,4.6,127,69,154,93,1.34,102,1.5,33.7,15.6,9,14041,9.9,0,7,2,2.4,1,M,no,activo
PAC011264,18,53.2,163,20.0,77,90,131,71,62,97,5.3,173,66,134,145,1.12,81,2.9,29.4,13.1,13,11831,8.1,0,7,6,5.4,3,M,no,activo
PAC011265,47,67.0,142,33.2,102,91,145,84,66,102,6.4,236,59,145,191,0.58,51,7.4,38.2,16.6,5,2480,4.5,15,4,3,18.0,6,F,no,sedentario
PAC011266,45,57.1,179,17.8,79,110,90,62,72,130,4.9,208,67,115,139,1.03,80,1.6,28.7,14.6,10,15054,8.4,0,3,7,6.0,3,F,no,activo
PAC011267,25,64.0,179,20.0,93,102,117,78,72,76,5.9,177,38,152,40,1.04,105,0.9,25.1,13.2,14,13618,8.4,4,3,4,6.2,2,M,no,sedentario
PAC011268,52,98.7,190,27.3,101,103,133,78,79,128,6.3,312,60,136,294,1.19,73,9.7,18.8,15.3,2,5461,11.0,5,6,2,12.4,9,M,si,sedentario
PAC011269,41,72.6,168,25.7,72,101,118,63,53,78,6.3,185,64,130,40,0.76,120,1.1,41.6,13.3,7,9801,9.3,7,5,2,2.0,0,F,no,sedentario
PAC011270,61,92.1,196,24.0,118,104,150,89,81,132,7.5,242,37,145,270,1.33,97,4.8,28.9,12.5,0,9361,8.5,6,5,0,6.2,8,M,no,sedentario
PAC011271,18,40.0,184,11.8,72,105,143,76,74,82,4.0,234,63,115,79,0.81,90,0.1,42.4,15.4,7,16243,6.9,2,4,6,3.1,4,F,no,sedentario
PAC011272,23,76.1,157,30.9,65,114,113,77,72,81,5.1,153,67,115,153,1.3,91,1.4,37.0,14.1,10,13030,7.1,5,6,6,3.1,1,F,no,ligero
PAC011273,33,97.8,194,26.0,114,95,130,92,85,160,7.5,221,28,196,329,1.25,48,5.0,26.8,15.0,0,5776,8.9,7,10,3,10.0,6,F,si,sedentario
PAC011274,19,95.3,140,48.6,88,119,128,70,100,80,4.7,152,44,146,112,0.93,84,5.5,21.7,13.5,5,8520,8.7,23,30,3,10.5,5,F,no,ligero
PAC011275,81,67.4,147,31.2,97,98,156,87,71,113,5.8,171,64,99,193,0.49,90,5.0,47.8,15.3,1,5154,6.4,18,7,1,11.0,6,F,no,sedentario
PAC011276,63,105.8,193,28.4,98,109,128,91,96,133,7.6,172,40,121,305,1.13,51,5.0,33.6,16.9,1,7316,8.2,7,0,1,11.1,5,F,si,activo
PAC011277,46,86.9,145,41.3,97,107,113,81,99,94,4.2,180,65,114,89,0.92,71,5.2,19.1,9.6,5,11490,9.5,26,12,3,4.0,6,M,no,activo
PAC011278,25,62.7,180,19.4,72,100,93,72,69,77,5.0,159,57,138,90,1.11,93,1.8,51.7,13.5,9,13554,9.0,20,8,7,7.9,0,M,no,activo
PAC011279,78,90.3,148,41.2,124,75,162,98,74,97,4.5,237,41,164,265,0.77,56,2.3,43.6,16.6,0,5423,5.6,8,5,5,15.0,4,F,si,ligero
PAC011280,18,93.0,167,33.3,91,103,106,75,77,91,5.0,241,45,122,75,0.67,93,3.8,18.7,11.6,9,8217,8.8,21,32,3,10.1,9,F,no,sedentario
PAC011281,56,93.0,205,22.1,111,118,161,68,87,90,7.9,202,56,131,242,1.3,88,5.1,48.7,13.8,2,9000,10.5,10,15,0,10.9,9,M,no,sedentario
PAC011282,18,79.2,164,29.4,86,92,118,76,63,83,5.5,181,67,127,162,1.07,66,0.1,30.5,12.5,6,12008,9.4,0,1,4,7.6,3,M,no,activo
PAC011283,34,74.0,156,30.4,104,99,128,67,87,89,6.2,233,68,93,141,1.1,84,5.3,33.7,10.6,1,9965,9.4,35,18,0,10.8,5,F,no,sedentario
PAC011284,40,78.8,164,29.3,82,92,125,78,54,60,4.0,215,73,100,40,0.97,106,4.3,20.2,16.3,11,12822,5.7,0,7,4,5.2,5,F,no,ligero
PAC011285,73,88.6,140,45.2,111,113,171,99,75,140,6.5,254,50,95,136,0.4,75,6.1,28.7,16.9,4,500,6.0,12,0,2,15.0,10,F,si,sedentario
PAC011286,62,94.8,194,25.2,104,101,145,92,83,116,6.8,237,44,139,224,1.05,67,5.3,28.1,14.1,1,5551,8.2,17,7,2,8.8,6,M,no,sedentario
PAC011287,18,83.9,165,30.8,80,86,122,77,70,109,5.5,219,81,77,58,0.97,128,6.3,21.0,11.2,4,5829,7.5,23,11,3,11.3,10,M,no,activo
PAC011288,18,40.0,173,13.4,89,106,129,71,45,72,4.6,165,52,53,88,1.01,89,3.2,39.5,14.2,6,17380,8.2,0,0,5,4.3,2,M,no,activo
PAC011289,61,95.3,190,26.4,123,117,149,81,82,143,7.6,210,48,160,254,1.33,99,8.6,50.4,16.5,5,3878,9.0,11,6,2,9.6,6,M,si,sedentario
PAC011290,18,76.3,146,35.8,94,82,114,77,67,98,5.2,123,89,72,40,1.46,92,0.1,51.2,13.4,8,9311,8.5,0,2,6,3.0,4,F,no,activo
PAC011291,50,84.0,159,33.2,70,94,152,69,70,73,5.1,154,69,118,81,1.17,91,3.5,23.9,13.7,3,7779,8.1,14,10,2,9.6,6,M,no,ligero
PAC011292,83,70.5,146,33.1,95,98,180,116,61,102,5.5,204,44,117,148,0.83,84,6.9,37.1,15.9,2,3058,5.9,8,5,7,17.5,4,M,si,activo
PAC011293,36,45.2,165,16.6,71,106,126,81,75,103,5.3,192,92,74,91,1.0,78,0.1,47.1,13.5,6,13972,8.3,14,0,6,4.8,5,F,no,ligero
PAC011294,69,92.2,187,26.4,114,100,125,81,81,110,5.9,273,25,174,255,0.93,28,11.1,40.3,13.8,0,3313,8.1,1,6,3,9.2,9,F,si,sedentario
PAC011295,80,86.5,146,40.6,97,112,157,105,93,101,6.4,216,50,177,200,0.4,61,0.5,34.9,15.6,0,8888,6.4,5,2,3,13.6,4,F,si,activo
PAC011296,42,63.2,160,24.7,82,103,120,82,64,89,5.6,176,57,103,74,1.14,101,1.0,16.1,13.6,7,9657,9.8,17,34,0,8.5,8,F,si,sedentario
PAC011297,29,44.8,166,16.3,116,97,143,69,83,126,4.3,207,54,174,159,1.05,82,1.1,21.9,12.8,8,9046,8.0,27,27,1,14.5,10,M,si,activo
PAC011298,77,106.6,147,49.3,109,99,153,92,61,100,6.4,268,44,131,191,0.44,34,6.9,38.3,12.8,1,1191,4.6,7,22,3,12.0,6,F,si,sedentario
PAC011299,44,84.9,152,36.7,92,90,112,63,80,101,4.8,191,49,153,197,1.27,105,9.0,20.1,11.4,1,3942,8.9,25,20,1,6.4,3,M,no,ligero
PAC011300,19,46.9,163,17.7,75,102,90,73,63,94,4.3,200,63,67,40,1.05,100,0.1,36.1,14.2,10,10025,7.6,4,10,5,9.6,3,F,si,activo
PAC011301,55,74.4,199,18.8,118,100,123,78,85,145,8.1,234,48,171,172,1.28,72,8.9,32.6,14.5,0,4185,9.3,16,7,0,11.5,8,F,si,ligero
PAC011302,18,77.8,167,27.9,85,86,127,80,81,84,4.9,218,62,117,145,1.06,70,1.3,27.6,13.8,8,9509,8.2,13,11,2,8.0,7,F,no,sedentario
PAC011303,50,77.2,148,35.2,104,84,110,75,45,113,5.1,174,88,62,154,1.14,102,4.3,38.7,14.2,7,10895,7.4,0,0,3,7.1,7,M,no,ligero
PAC011304,61,97.2,181,29.7,113,114,164,74,67,101,8.2,196,25,152,198,1.53,69,7.1,49.0,17.6,0,5878,9.8,10,0,2,14.8,9,F,si,ligero
PAC011305,67,79.4,181,24.2,149,111,144,73,71,157,7.0,184,47,110,246,1.26,65,5.3,32.7,18.6,2,1272,11.0,17,3,4,9.4,8,F,no,ligero
PAC011306,20,52.9,164,19.7,87,119,135,62,72,72,5.4,172,77,120,138,0.79,112,3.1,34.1,16.8,10,15064,9.9,1,0,6,5.2,3,F,si,ligero
PAC011307,62,97.7,147,45.2,126,117,175,98,68,99,5.6,204,32,107,110,0.48,75,7.6,43.7,16.9,0,6856,6.6,15,13,4,16.0,2,F,si,sedentario
PAC011308,32,59.8,165,22.0,88,89,102,85,64,89,4.7,199,57,89,40,0.94,99,2.0,48.5,17.5,8,15509,6.6,15,2,5,4.1,4,F,no,ligero
PAC011309,53,90.6,203,22.0,95,104,148,86,88,110,7.7,252,28,170,167,1.12,83,7.6,21.4,14.0,2,5482,7.6,2,1,2,9.1,7,F,no,sedentario
PAC011310,70,71.8,157,29.1,95,108,155,91,60,113,6.1,192,42,118,74,0.52,49,4.8,32.0,14.0,2,607,5.4,7,2,2,7.8,9,M,si,ligero
PAC011311,35,61.5,166,22.3,87,105,91,70,64,87,5.0,156,61,49,175,1.42,111,0.1,20.4,14.9,10,14849,8.9,0,2,3,2.8,6,F,si,ligero
PAC011312,68,75.5,160,29.5,112,83,153,95,78,114,7.0,171,48,130,172,0.69,60,6.0,34.0,14.6,0,3925,5.8,12,2,0,14.8,4,M,si,sedentario
PAC011313,23,73.6,166,26.7,81,114,114,75,66,110,5.4,196,60,106,211,1.14,115,3.9,29.7,16.6,10,15365,8.4,0,0,4,7.1,2,M,no,activo
PAC011314,36,86.1,161,33.2,78,108,124,87,87,79,4.4,155,43,90,101,1.02,90,1.6,40.5,11.3,7,8599,8.0,14,15,1,4.5,7,M,no,sedentario
PAC011315,30,67.9,156,27.9,94,89,120,73,68,75,5.1,139,47,83,40,0.7,105,1.9,44.1,15.8,12,10270,10.2,10,0,8,5.2,5,F,no,ligero
PAC011316,47,67.4,153,28.8,81,98,119,66,65,79,5.4,142,64,82,86,1.08,113,1.4,34.8,15.7,9,13861,7.4,6,0,7,7.9,3,M,no,activo
PAC011317,18,53.3,157,21.6,79,109,118,81,90,115,5.7,146,74,137,123,1.51,105,0.1,34.0,14.8,9,11766,7.2,12,0,5,3.1,1,M,no,activo
PAC011318,18,56.8,155,23.6,76,94,125,86,45,110,4.9,220,46,127,83,1.12,86,0.4,37.3,14.8,9,11326,6.8,11,7,5,8.2,4,F,si,ligero
PAC011319,64,54.8,180,16.9,60,100,121,73,64,87,5.2,160,63,62,40,1.31,102,0.9,43.4,15.0,14,12758,8.9,9,20,3,7.3,5,M,si,ligero
PAC011320,18,55.9,163,21.0,76,105,127,82,79,96,4.8,152,65,103,169,0.62,80,1.0,16.2,11.4,7,13186,6.1,15,19,3,10.8,5,M,no,ligero
PAC011321,73,83.7,205,19.9,114,109,140,72,95,114,6.5,230,37,139,280,1.32,60,9.5,25.0,15.9,0,5995,8.3,12,18,1,10.7,10,M,si,ligero
PAC011322,31,52.2,161,20.1,79,94,143,65,69,84,5.4,169,52,79,143,1.11,93,0.4,26.3,11.7,11,7181,7.1,25,30,3,8.8,9,F,no,sedentario
PAC011323,44,68.0,154,28.7,74,103,110,63,82,96,5.3,172,53,119,57,0.8,130,0.1,27.8,10.8,8,9458,8.7,18,18,1,3.8,10,M,no,sedentario
PAC011324,71,54.1,140,27.6,124,88,145,103,69,90,7.1,214,49,80,172,0.68,54,4.9,39.5,18.5,1,6645,7.5,15,7,1,16.6,7,M,si,sedentario
PAC011325,18,65.3,160,25.5,60,104,114,69,77,131,5.7,197,63,60,107,0.8,106,1.9,5.0,10.8,8,10349,8.9,23,14,4,6.7,0,F,no,sedentario
PAC011326,18,45.7,174,15.1,76,91,111,58,52,72,4.9,219,80,82,40,1.21,89,1.5,33.1,15.6,6,11380,11.0,3,3,5,9.5,5,M,no,sedentario
PAC011327,62,79.9,190,22.1,90,113,127,92,76,161,7.6,283,33,153,271,1.15,77,5.3,27.7,18.0,0,500,9.9,17,1,3,9.1,10,M,no,sedentario
PAC011328,72,79.0,140,40.3,102,91,165,95,90,99,6.4,222,42,86,158,0.62,77,5.8,33.0,15.6,3,2871,6.8,5,7,3,12.5,4,M,no,sedentario
PAC011329,64,97.1,188,27.5,102,92,119,83,82,168,7.7,280,25,211,270,1.17,65,9.0,40.0,13.8,0,500,8.8,17,4,1,9.4,7,M,no,ligero
PAC011330,46,73.2,167,26.2,61,97,127,86,50,98,4.0,206,75,54,110,1.29,103,3.7,24.4,13.9,10,18845,6.9,9,1,6,9.1,0,M,no,sedentario
PAC011331,58,121.0,184,35.7,121,93,147,95,66,118,8.0,298,38,173,315,1.03,81,7.1,31.7,13.7,0,7323,9.8,16,18,2,8.0,9,F,si,sedentario
PAC011332,18,68.8,153,29.4,92,98,139,71,75,88,5.5,166,60,115,74,1.2,99,0.1,39.9,14.3,8,11741,8.9,2,18,4,7.4,4,F,si,activo
PAC011333,90,80.6,201,20.0,107,84,131,86,91,134,7.7,221,30,166,205,1.24,67,7.3,31.6,15.5,2,1632,9.1,20,2,1,10.8,7,F,si,ligero
PAC011334,83,83.0,149,37.4,111,111,175,89,79,122,6.3,219,55,165,224,0.71,58,6.3,32.7,15.8,0,1896,7.4,4,0,2,14.5,7,F,si,sedentario
PAC011335,18,94.0,205,22.4,103,99,133,88,87,124,7.6,218,45,144,342,1.03,73,8.2,48.5,12.4,0,3474,8.5,13,8,0,13.1,6,M,si,ligero
PAC011336,74,70.7,158,28.3,123,112,181,98,81,96,5.8,216,60,155,200,0.63,86,6.3,44.0,16.4,5,2767,5.1,25,10,0,13.1,8,F,si,sedentario
PAC011337,19,59.0,173,19.7,78,115,90,58,60,104,5.3,187,77,102,82,1.19,86,1.0,34.3,15.1,7,15514,8.4,2,9,6,9.9,4,M,no,ligero
PAC011338,30,75.4,152,32.6,88,93,121,87,84,97,5.0,213,37,116,106,1.07,109,4.8,28.6,12.6,2,7022,7.8,20,20,2,11.2,8,M,si,ligero
PAC011339,43,86.3,152,37.4,95,85,90,84,47,60,4.6,193,78,124,108,0.81,99,0.1,38.6,15.1,10,17143,8.7,8,7,6,9.1,2,M,no,ligero
PAC011340,79,95.4,143,46.7,110,98,151,98,78,99,5.0,191,33,152,186,0.67,94,5.9,33.5,18.9,0,1214,4.3,0,6,0,9.4,6,F,si,activo
PAC011341,73,70.5,148,32.2,109,104,165,98,72,98,5.1,211,34,158,204,0.74,94,4.9,33.1,15.9,0,5096,4.4,16,0,2,9.5,10,F,no,sedentario
PAC011342,21,40.3,181,12.3,87,89,110,59,59,74,4.0,158,68,140,40,1.18,104,0.1,38.1,13.8,12,12229,7.7,3,0,7,4.4,7,F,si,ligero
PAC011343,18,61.4,182,18.5,65,115,120,84,71,74,4.2,205,62,135,98,1.19,72,0.1,36.6,18.9,9,16701,8.5,11,3,3,4.1,4,M,si,sedentario
PAC011344,62,96.0,201,23.8,92,100,151,75,86,154,7.6,206,25,135,265,1.03,68,7.7,34.4,12.9,2,5835,9.3,25,0,3,11.4,10,M,si,sedentario
PAC011345,77,82.7,156,34.0,95,98,172,100,95,126,7.0,258,46,125,187,0.44,69,4.9,34.0,13.8,0,5415,7.3,26,0,3,10.9,9,M,no,ligero
PAC011346,36,74.8,156,30.7,91,96,137,71,74,95,5.2,164,68,99,227,0.95,98,3.2,18.1,12.4,0,5682,7.0,15,31,2,5.5,5,F,si,ligero
PAC011347,18,76.7,168,27.2,90,93,112,61,73,86,5.7,193,64,76,178,0.81,82,0.1,30.7,12.8,7,9886,7.6,22,25,2,6.3,9,M,si,activo
PAC011348,61,85.5,195,22.5,129,95,118,92,83,151,7.6,223,25,156,219,0.88,98,5.2,38.0,13.7,0,6035,8.9,15,9,1,14.2,9,F,no,sedentario
PAC011349,68,67.7,140,34.5,84,108,149,94,83,89,5.6,188,65,79,254,0.4,71,5.8,28.6,16.7,0,5769,6.9,16,10,3,11.5,10,F,si,ligero
PAC011350,90,77.0,147,35.6,115,100,164,98,77,107,5.2,243,59,169,228,0.4,28,5.2,43.3,12.8,0,500,4.7,2,4,2,14.2,6,M,no,sedentario
PAC011351,18,65.2,155,27.1,107,106,117,68,82,79,5.9,164,64,147,114,0.88,90,4.4,25.9,13.1,3,9426,8.0,20,24,0,9.8,7,F,si,sedentario
PAC011352,32,67.9,196,17.7,127,115,154,106,82,139,6.6,240,54,155,211,1.28,66,3.7,22.9,14.7,0,4485,7.3,25,0,4,13.4,8,M,si,ligero
PAC011353,18,56.1,154,23.7,92,89,132,75,70,98,5.3,191,76,135,40,1.15,105,0.7,14.5,14.8,1,10205,8.2,26,24,3,7.5,8,F,si,sedentario
PAC011354,76,102.7,190,28.4,109,114,113,97,81,108,7.6,225,34,102,306,0.72,69,5.7,31.2,15.2,1,500,8.9,8,14,1,11.0,2,F,no,ligero
PAC011355,19,74.7,154,31.5,79,103,108,67,71,96,5.7,204,80,99,103,1.09,106,2.5,23.2,10.8,4,10887,9.2,18,15,3,8.2,8,F,no,ligero
PAC011356,27,71.9,157,29.2,87,97,125,62,54,87,5.1,180,78,103,93,1.23,99,1.6,37.3,14.8,9,14299,7.8,3,5,6,3.2,3,F,no,activo
PAC011357,25,97.6,170,33.8,77,100,96,81,62,84,5.2,184,91,75,86,1.34,109,2.8,31.6,16.4,13,11605,9.1,0,6,6,5.5,2,F,no,ligero
PAC011358,18,66.8,151,29.3,90,99,132,50,84,94,6.1,170,64,95,91,1.37,83,1.5,19.9,10.1,9,6597,10.4,20,21,1,11.6,6,F,no,ligero
PAC011359,55,113.8,205,27.1,110,107,161,93,95,120,6.8,217,25,152,298,1.09,63,7.7,37.6,14.7,5,4452,8.3,11,10,1,6.6,5,M,no,sedentario
PAC011360,37,60.5,155,25.2,90,96,127,50,65,99,5.1,227,63,143,215,1.06,103,0.1,53.1,15.3,8,11440,8.9,5,6,4,6.1,2,F,no,ligero
PAC011361,45,88.7,196,23.1,119,99,148,78,99,105,7.5,251,60,183,307,1.48,89,5.8,45.9,16.7,0,4765,8.7,26,5,2,13.2,8,F,no,sedentario
PAC011362,18,65.6,172,22.2,79,91,117,68,96,90,5.0,167,73,170,91,1.26,128,0.1,43.1,14.4,8,13686,8.0,0,0,4,7.8,4,F,si,activo
PAC011363,30,92.0,159,36.4,73,104,100,72,45,96,5.0,128,50,129,90,1.33,74,0.7,40.0,14.4,10,17701,9.5,13,3,7,6.7,4,M,no,ligero
PAC011364,68,95.5,185,27.9,101,107,152,92,76,130,7.6,225,38,150,283,1.13,58,0.1,40.4,15.2,2,647,10.3,24,8,1,12.0,4,M,no,ligero
PAC011365,65,83.5,196,21.7,111,109,139,95,84,121,7.3,249,50,129,373,1.32,102,6.9,36.7,14.6,0,500,8.7,11,4,2,12.4,6,F,no,ligero
PAC011366,49,82.6,191,22.6,131,90,151,91,85,153,7.2,229,38,136,241,1.44,74,7.9,27.6,17.0,0,3401,8.3,17,8,1,11.5,10,F,si,ligero
PAC011367,34,71.2,166,25.8,61,104,113,79,66,92,4.2,182,69,93,83,1.01,82,0.1,22.0,12.3,7,17963,9.5,0,0,7,7.4,0,F,no,activo
PAC011368,51,94.0,151,41.2,110,110,142,87,79,112,4.9,215,48,141,240,0.4,53,6.0,32.7,14.5,1,6359,5.1,5,10,1,11.9,6,F,no,sedentario
PAC011369,18,68.9,160,26.9,88,82,125,79,53,100,6.0,222,60,57,57,0.96,73,3.7,45.8,12.7,9,9781,8.6,0,1,6,4.4,5,F,si,ligero
PAC011370,18,64.8,163,24.4,60,102,92,84,70,75,4.6,197,54,75,82,0.96,95,0.8,40.1,12.7,7,16529,9.2,5,0,4,8.1,5,M,si,ligero
PAC011371,34,62.3,180,19.2,87,100,130,74,49,81,5.5,178,68,72,98,1.23,98,3.2,34.5,15.4,11,13218,8.4,0,0,5,5.1,5,M,si,sedentario
PAC011372,54,65.3,146,30.6,97,98,146,108,62,107,6.5,200,61,146,239,0.52,25,5.3,27.5,15.1,1,5622,4.3,0,0,3,8.3,6,F,si,ligero
PAC011373,46,65.3,165,24.0,68,89,104,63,70,62,4.3,124,46,64,40,1.09,78,1.9,37.5,13.8,9,10904,8.1,8,0,9,4.9,2,F,si,activo
PAC011374,61,60.6,171,20.7,75,90,106,77,81,81,5.1,159,79,161,66,0.95,117,0.9,28.0,12.0,0,8533,6.1,20,27,4,10.8,2,F,no,sedentario
PAC011375,39,62.9,167,22.6,86,102,118,92,54,74,4.8,180,78,132,40,1.04,78,0.1,26.2,15.9,6,12512,8.6,0,8,6,6.6,4,M,no,sedentario
PAC011376,76,104.2,205,24.8,128,119,131,89,88,113,6.9,229,54,175,289,1.04,55,7.7,21.3,13.0,2,7566,8.6,5,10,0,9.4,10,M,si,ligero
PAC011377,49,92.5,198,23.6,127,109,121,75,78,152,6.5,281,40,260,207,1.32,76,0.9,36.1,14.8,0,1548,8.7,0,7,1,8.6,6,F,no,sedentario
PAC011378,77,68.3,143,33.4,101,99,169,98,82,98,5.5,247,54,135,192,0.4,83,5.0,23.0,17.4,0,5490,3.8,20,0,0,11.6,6,M,si,sedentario
PAC011379,28,84.0,164,31.2,65,90,103,60,63,100,4.0,116,66,153,40,1.28,111,3.2,42.9,16.4,5,12784,9.4,5,4,6,5.9,5,F,no,sedentario
PAC011380,25,89.4,159,35.4,96,99,111,66,64,88,4.7,232,48,102,40,1.55,107,1.1,48.5,15.8,12,15654,9.5,4,7,6,6.2,0,F,no,activo
PAC011381,45,87.0,161,33.6,80,115,110,71,59,87,4.7,176,74,76,141,1.27,115,1.3,39.3,14.0,7,12742,9.6,0,0,7,10.3,1,F,no,sedentario
PAC011382,52,86.1,195,22.6,117,100,138,95,83,116,7.3,258,53,153,229,0.89,98,10.2,45.3,12.6,1,4015,9.2,18,6,0,6.5,8,F,no,sedentario
PAC011383,46,72.6,153,31.0,70,80,111,72,75,100,5.4,185,56,65,110,0.91,92,1.3,29.2,12.0,5,8110,9.7,14,19,0,3.3,6,F,no,ligero
PAC011384,40,58.0,168,20.5,91,86,132,83,77,98,5.2,208,86,78,73,0.88,119,0.1,41.2,15.3,7,13834,7.8,0,4,5,2.1,0,F,no,activo
PAC011385,29,74.6,175,24.4,73,91,103,84,68,82,4.3,154,37,125,96,0.86,88,4.4,17.3,11.7,0,7153,9.0,8,18,3,7.3,9,F,no,activo
PAC011386,18,49.7,172,16.8,81,90,100,69,71,101,5.7,196,59,102,92,1.12,103,0.1,49.2,14.6,4,10004,9.8,13,0,4,2.0,2,F,no,activo
PAC011387,39,48.9,162,18.6,65,75,117,55,57,94,4.0,242,70,101,40,0.89,95,0.1,37.2,15.7,6,16035,10.6,19,0,2,5.8,1,F,no,activo
PAC011388,60,89.1,144,43.0,96,90,146,101,73,104,6.3,222,64,178,124,0.57,44,7.2,28.7,16.2,0,897,6.4,4,3,4,10.2,6,M,si,sedentario
PAC011389,33,54.3,167,19.5,97,100,117,82,61,92,6.3,199,75,127,100,1.1,80,5.9,26.6,17.1,11,11171,6.9,0,3,5,7.4,3,M,si,sedentario
PAC011390,52,84.0,167,30.1,104,102,101,67,71,75,4.4,209,70,98,118,0.96,118,3.3,24.4,13.5,3,9847,8.8,23,28,1,13.0,10,F,no,activo
PAC011391,88,87.7,147,40.6,104,111,165,96,90,95,5.4,184,63,145,204,0.4,71,2.0,37.1,18.0,2,4961,7.0,8,6,4,11.6,6,M,no,sedentario
PAC011392,68,84.8,205,20.2,123,106,145,79,74,120,7.2,226,36,164,253,1.21,70,3.5,16.8,16.0,2,1958,9.4,12,11,0,13.7,4,M,si,ligero
PAC011393,71,82.3,140,42.0,106,93,172,94,73,113,7.4,225,39,115,153,0.59,62,3.1,38.2,15.3,4,500,4.7,14,0,1,5.8,10,M,si,ligero
PAC011394,45,40.0,182,12.1,109,107,112,75,51,76,5.9,204,65,54,81,1.02,89,0.3,31.9,14.1,9,11834,7.2,0,0,6,4.9,3,M,no,sedentario
PAC011395,63,89.2,192,24.2,107,97,149,101,87,126,7.1,239,27,179,211,1.29,84,6.5,41.7,14.5,0,2406,7.1,19,12,1,11.1,5,F,no,activo
PAC011396,27,43.5,149,19.6,111,110,108,60,80,98,4.6,178,50,131,233,1.12,110,2.4,8.2,13.5,10,8648,11.0,13,22,1,9.4,6,F,no,activo
PAC011397,22,57.4,159,22.7,78,99,107,73,89,95,5.9,201,56,134,112,1.08,58,2.5,15.9,12.3,4,8152,7.1,8,21,2,10.6,8,F,si,sedentario
PAC011398,78,48.0,193,12.9,89,101,129,83,97,149,7.2,242,38,165,260,1.13,67,4.7,46.2,14.1,3,3402,9.8,20,24,2,8.2,8,M,no,sedentario
PAC011399,18,60.5,174,20.0,73,104,146,72,65,104,6.2,131,58,109,90,1.13,91,1.5,32.3,13.3,8,15149,8.3,0,0,5,8.0,0,F,no,ligero
PAC011400,20,65.0,165,23.9,77,103,110,72,61,94,6.3,160,80,103,138,1.11,113,0.1,45.0,16.6,7,9511,9.0,9,5,8,6.7,5,M,si,activo
PAC011401,90,87.3,194,23.2,117,100,118,80,89,153,7.7,253,41,155,169,0.82,61,5.9,36.9,14.6,0,3138,10.5,16,11,2,11.0,5,F,no,sedentario
PAC011402,74,76.0,142,37.7,104,86,180,107,84,98,5.5,237,33,178,175,0.43,75,6.0,41.0,17.2,0,4281,5.6,12,12,2,12.6,5,M,si,sedentario
PAC011403,90,75.1,141,37.8,95,84,184,94,66,103,6.4,268,41,157,192,0.58,84,5.5,25.8,14.6,0,5647,5.4,8,1,0,10.6,2,M,si,sedentario
PAC011404,72,113.6,191,31.1,113,93,119,108,68,135,6.8,191,44,124,160,1.32,81,4.9,43.6,13.8,0,500,8.0,5,8,0,11.9,9,F,si,ligero
PAC011405,84,79.3,194,21.1,135,105,134,90,80,129,7.0,211,32,146,201,0.92,35,10.3,44.5,16.6,0,5017,8.1,10,12,1,10.8,6,M,no,ligero
PAC011406,30,96.0,167,34.4,97,85,90,69,54,96,5.5,203,77,137,40,0.85,99,0.1,32.5,17.8,7,6230,9.0,1,0,5,8.0,1,M,si,sedentario
PAC011407,18,65.2,155,27.1,80,105,117,85,96,99,4.7,134,57,130,92,1.37,93,2.5,17.7,10.9,3,9317,7.2,10,25,4,7.4,7,F,no,sedentario
PAC011408,30,73.2,154,30.9,85,94,120,63,45,70,5.6,140,68,143,85,1.15,101,4.0,41.3,14.2,12,10967,9.6,11,0,7,8.5,7,F,no,ligero
PAC011409,50,68.8,140,35.1,96,105,165,97,85,122,5.8,228,68,163,150,0.56,69,2.9,38.4,14.2,4,7410,4.7,7,9,1,11.6,7,M,si,ligero
PAC011410,60,58.0,149,26.1,128,102,173,95,76,101,5.2,234,42,133,156,0.4,46,2.5,33.0,14.1,0,1031,8.0,19,3,2,12.8,9,F,no,sedentario
PAC011411,46,40.0,158,16.0,76,94,98,73,53,74,5.0,213,68,104,86,1.05,121,5.5,30.6,16.8,11,12512,9.8,6,0,4,8.0,2,F,no,activo
PAC011412,75,93.8,192,25.4,110,100,124,93,82,128,6.7,237,25,153,340,1.13,52,13.4,18.5,16.8,1,500,9.0,2,9,2,3.0,5,F,no,sedentario
PAC011413,44,75.0,166,27.2,96,88,122,72,97,90,4.7,161,59,126,127,0.87,88,5.2,38.4,12.8,4,7118,9.7,14,34,3,10.4,7,M,no,ligero
PAC011414,69,124.6,184,36.8,112,99,144,85,66,109,7.4,267,46,163,252,1.26,62,5.7,37.0,14.5,0,5497,8.3,12,5,2,9.0,7,M,si,sedentario
PAC011415,41,80.2,203,19.5,116,92,155,87,79,117,6.3,258,30,145,290,1.38,72,5.9,38.9,14.2,4,500,7.3,0,4,0,10.3,6,M,no,sedentario
PAC011416,22,55.1,166,20.0,81,114,90,81,79,99,4.0,190,46,104,137,1.1,93,1.3,16.9,12.7,9,15975,9.8,9,4,5,4.4,1,M,no,activo
PAC011417,46,61.6,178,19.4,80,115,141,68,59,63,5.2,187,54,88,103,1.36,89,1.0,18.4,14.7,8,13711,11.0,2,0,3,4.2,3,F,si,sedentario
PAC011418,32,65.9,156,27.1,67,96,119,55,53,98,4.8,223,78,129,112,0.79,83,4.6,19.6,13.2,11,15196,8.1,4,6,5,2.0,0,M,no,ligero
PAC011419,59,86.1,205,20.5,114,98,121,73,92,127,6.8,263,45,127,286,1.29,51,6.6,42.1,14.8,1,2285,7.3,10,10,2,10.5,7,M,si,sedentario
PAC011420,31,63.5,167,22.8,84,82,114,79,97,108,4.0,157,59,105,40,0.71,95,2.0,28.7,12.3,9,8701,7.8,22,40,3,10.6,8,M,si,sedentario
PAC011421,19,78.9,164,29.3,99,85,124,66,87,109,5.3,148,47,104,61,0.95,124,3.4,26.3,10.7,4,9201,7.2,19,30,2,10.1,9,M,no,sedentario
PAC011422,42,72.6,152,31.4,92,89,144,108,84,93,5.1,274,49,113,109,0.4,78,2.5,44.0,16.1,1,4604,7.5,3,11,5,12.0,8,F,no,sedentario
PAC011423,78,107.8,205,25.7,125,101,148,96,86,121,7.4,212,43,152,306,1.39,74,7.0,18.8,15.0,0,1320,11.0,0,3,3,8.5,8,M,no,sedentario
PAC011424,18,54.5,148,24.9,69,88,94,77,72,63,5.2,210,65,126,128,0.8,101,4.9,8.4,13.2,5,6583,6.3,20,23,0,6.9,8,F,no,ligero
PAC011425,18,78.5,174,25.9,73,98,124,82,94,107,5.3,251,67,164,226,0.89,77,4.2,30.7,10.9,4,8922,8.0,23,22,0,7.8,9,F,si,ligero
PAC011426,22,76.0,165,27.9,90,100,108,58,66,107,4.0,153,45,95,99,0.66,117,0.1,31.8,16.0,10,13034,7.7,4,8,8,6.9,0,M,no,activo
PAC011427,34,84.4,157,34.2,78,107,130,60,64,74,5.0,188,65,44,77,0.93,102,4.0,31.4,15.3,7,17616,9.3,12,2,7,5.8,3,F,no,ligero
PAC011428,66,99.4,142,49.3,84,97,166,97,73,105,4.4,216,40,96,118,0.4,88,2.0,25.6,17.3,0,5338,6.2,0,7,2,11.9,7,F,si,sedentario
PAC011429,78,89.5,205,21.3,134,111,127,92,79,130,6.9,247,35,143,296,1.04,81,5.6,55.1,13.6,0,4072,8.8,13,2,0,10.5,6,F,no,sedentario
PAC011430,67,67.7,154,28.5,113,99,126,97,76,77,4.6,233,49,144,125,0.58,65,2.9,42.5,16.0,0,1584,7.0,0,1,5,14.0,10,M,no,ligero
PAC011431,57,75.5,189,21.1,123,103,112,84,76,129,7.3,244,34,177,257,1.35,89,9.6,40.2,19.0,0,500,9.0,3,8,2,7.2,5,M,si,sedentario
PAC011432,72,49.5,159,19.6,79,101,133,51,53,60,4.9,119,63,121,76,1.52,70,1.3,25.8,13.6,14,15694,5.6,1,0,7,3.3,2,M,no,activo
PAC011433,18,40.0,152,17.3,93,115,149,83,68,78,4.7,137,71,132,163,0.82,74,3.8,12.4,13.0,5,13456,8.1,20,19,2,8.3,4,M,no,activo
PAC011434,86,92.3,195,24.3,130,111,118,74,89,154,6.9,202,26,146,165,1.18,87,8.0,33.1,16.2,0,6123,9.5,20,1,2,9.8,4,F,si,ligero
PAC011435,70,82.1,160,32.1,116,100,158,96,66,97,5.3,280,36,145,201,0.8,73,3.3,28.7,16.3,5,6131,5.2,12,17,4,12.1,6,M,no,sedentario
PAC011436,88,75.0,150,33.3,92,99,158,103,73,93,6.4,265,38,145,114,0.69,90,2.9,37.1,16.8,4,2740,6.0,5,0,3,9.4,7,M,no,sedentario
PAC011437,52,74.7,140,38.1,110,85,174,98,64,82,5.4,202,52,163,116,0.4,73,6.7,11.9,15.1,0,2634,6.0,6,3,5,10.9,8,M,si,ligero
PAC011438,39,75.6,168,26.8,82,103,126,73,74,86,5.3,194,70,106,91,1.07,98,1.4,31.5,14.1,12,12591,8.5,0,0,6,6.4,3,F,no,sedentario
PAC011439,34,62.5,166,22.7,68,90,123,84,92,88,5.2,153,56,97,224,1.08,73,4.4,43.7,13.4,3,7438,8.8,25,22,3,4.0,7,M,no,sedentario
PAC011440,56,90.0,190,24.9,113,102,151,100,84,172,5.5,240,29,186,464,1.38,41,7.3,20.7,14.3,5,4500,8.1,5,10,1,5.3,7,M,no,activo
PAC011441,29,74.3,140,37.9,106,103,120,70,81,86,5.6,164,48,176,172,0.77,123,1.3,13.4,8.9,5,10481,6.0,31,36,1,16.0,10,F,si,activo
PAC011442,51,62.6,158,25.1,75,115,122,63,55,73,4.8,110,71,107,122,1.3,83,0.1,28.0,14.1,6,12160,6.1,4,0,6,7.8,4,M,si,ligero
PAC011443,30,46.6,172,15.8,86,104,102,57,64,86,5.4,110,55,124,117,0.58,72,2.4,33.0,18.0,12,17829,9.6,11,0,5,8.1,2,F,si,ligero
PAC011444,41,73.3,184,21.7,105,88,112,76,77,86,5.0,146,72,118,101,0.87,98,1.7,33.7,15.7,11,14675,8.2,1,2,5,3.6,1,F,no,ligero
PAC011445,44,77.4,166,28.1,92,110,102,71,86,107,6.2,189,60,112,57,1.28,89,0.1,10.6,11.6,9,5873,9.2,16,29,2,7.4,9,F,no,sedentario
PAC011446,18,53.8,159,21.3,82,112,119,64,61,86,4.7,165,61,58,189,0.96,113,0.6,35.3,15.6,13,12838,8.0,1,1,7,8.9,3,F,no,ligero
PAC011447,79,109.5,149,49.3,109,83,153,107,81,84,4.9,208,48,108,157,0.52,82,1.7,47.3,12.2,0,4245,5.7,8,12,2,9.3,5,M,no,sedentario
PAC011448,74,77.3,184,22.8,124,101,141,90,69,97,6.0,236,28,161,222,1.08,76,3.2,24.4,15.6,0,3936,9.5,5,7,1,10.6,8,F,si,sedentario
PAC011449,59,95.4,173,31.9,119,93,137,96,73,140,7.6,250,25,148,253,1.22,64,7.6,44.1,14.4,0,4770,11.0,17,8,2,12.6,8,F,si,sedentario
PAC011450,18,69.4,158,27.8,82,98,107,81,82,90,5.4,216,69,168,81,0.64,91,0.7,22.1,13.2,5,6287,8.4,15,29,3,10.2,9,F,no,ligero
PAC011451,37,53.7,163,20.2,93,88,128,64,58,92,4.6,270,62,115,40,1.04,81,4.4,47.2,13.8,10,12877,10.2,0,0,6,7.8,0,M,no,activo
PAC011452,75,50.1,168,17.8,101,90,167,109,84,96,5.6,218,32,105,279,0.6,63,2.1,34.2,15.1,0,2161,5.2,8,3,1,9.7,10,M,si,sedentario
PAC011453,78,85.4,183,25.5,109,89,145,84,80,139,7.7,224,47,171,262,1.26,107,8.2,24.9,12.4,0,7883,10.0,16,0,0,10.6,6,M,no,sedentario
PAC011454,57,88.2,182,26.6,101,96,162,83,84,121,7.6,253,45,150,251,1.21,71,9.5,26.7,13.1,0,3825,9.4,7,13,0,12.0,6,M,si,sedentario
PAC011455,18,94.6,170,32.7,76,97,106,77,92,102,4.3,198,74,134,162,0.53,99,1.5,41.5,11.2,7,10703,6.3,27,22,1,10.8,7,M,no,ligero
PAC011456,67,66.0,143,32.3,121,78,167,111,80,93,6.1,208,49,190,72,0.44,78,5.3,40.9,19.0,4,8060,6.0,5,7,3,18.6,1,M,si,ligero
PAC011457,19,75.2,156,30.9,65,83,112,66,60,90,5.8,207,52,84,121,1.27,86,2.9,24.4,14.7,7,15794,5.9,0,7,4,8.2,4,M,si,ligero
PAC011458,42,90.4,151,39.6,75,121,105,85,94,99,4.8,128,77,171,86,0.9,123,2.2,20.2,10.6,6,13490,7.0,16,39,3,7.5,5,M,no,activo
PAC011459,41,59.3,161,22.9,98,100,112,73,84,60,4.1,178,50,62,40,1.05,99,4.9,12.0,15.0,4,9636,8.8,22,25,0,7.9,5,M,no,ligero
PAC011460,66,80.6,140,41.1,100,107,133,98,77,81,5.7,182,39,109,253,0.74,79,5.2,25.7,15.1,1,6287,4.7,18,0,1,13.7,7,M,si,ligero
PAC011461,22,101.1,192,27.4,134,90,140,77,73,119,7.1,273,43,174,257,1.24,77,8.0,40.4,12.5,1,3964,10.3,19,0,1,9.0,7,M,si,sedentario
PAC011462,90,94.3,142,46.8,118,93,156,105,63,100,5.3,263,33,134,79,0.4,49,5.3,35.5,17.1,0,3612,7.7,0,0,2,10.3,6,M,si,sedentario
PAC011463,55,103.7,145,49.3,104,97,142,88,77,124,6.6,196,41,142,150,0.61,82,6.6,22.2,18.6,4,3538,6.2,20,7,4,12.2,6,M,si,ligero
PAC011464,50,68.3,144,32.9,107,98,138,92,80,113,6.0,212,42,209,200,0.4,71,3.3,16.3,17.3,0,2317,4.7,11,0,1,16.8,6,M,no,sedentario
PAC011465,65,100.3,187,28.7,105,121,148,91,89,141,7.8,258,40,111,259,1.04,36,7.4,47.3,15.3,0,500,7.9,11,9,3,11.8,9,M,no,sedentario
PAC011466,30,69.1,171,23.6,98,87,141,72,90,78,5.9,166,59,139,43,0.96,99,2.3,34.1,11.7,6,7401,10.0,20,18,1,9.0,8,F,no,sedentario
PAC011467,87,84.7,191,23.2,121,89,107,93,69,118,7.6,248,35,175,175,1.24,81,8.9,35.5,16.8,1,3119,10.0,0,8,3,11.2,7,M,no,ligero
PAC011468,68,93.4,140,47.7,97,94,170,120,86,79,5.8,248,40,201,177,0.68,57,0.9,31.2,16.5,0,5427,7.0,26,4,4,11.9,5,M,si,sedentario
PAC011469,76,93.9,144,45.3,101,97,130,84,87,80,5.6,260,53,188,126,0.47,87,5.0,50.5,16.5,1,3415,5.5,1,8,4,14.6,4,M,si,sedentario
PAC011470,46,67.4,167,24.2,60,96,139,64,53,75,5.0,153,45,129,87,0.9,94,2.4,27.8,18.6,5,10672,7.8,0,5,4,3.8,2,F,si,activo
PAC011471,61,84.4,140,43.1,89,94,162,104,66,87,5.1,227,34,179,109,0.4,51,4.1,30.6,13.3,0,646,4.0,11,6,4,12.4,7,F,no,sedentario
PAC011472,54,100.0,141,50.3,117,100,162,113,68,92,5.7,243,34,122,99,0.68,56,2.4,19.6,17.0,0,7261,7.2,8,6,2,14.5,4,F,si,sedentario
PAC011473,57,89.7,151,39.3,106,119,147,82,71,104,6.3,203,53,149,161,0.47,68,1.9,28.9,12.9,4,4397,6.9,14,17,4,10.4,5,M,si,sedentario
PAC011474,60,88.7,200,22.2,128,95,138,99,68,106,7.5,217,40,160,210,1.16,91,4.8,31.8,12.8,0,984,9.4,4,11,3,12.1,6,F,si,sedentario
PAC011475,32,67.1,167,24.1,79,115,122,70,55,88,5.8,191,68,99,65,1.04,57,0.1,27.3,14.3,6,12560,9.5,4,0,7,6.0,4,F,no,sedentario
PAC011476,18,69.7,165,25.6,80,92,139,81,57,112,5.0,196,82,95,162,1.24,127,3.8,22.2,15.6,7,20000,7.2,1,14,7,10.0,3,F,no,ligero
PAC011477,74,75.6,140,38.6,118,83,178,96,80,88,4.9,218,33,178,144,0.91,121,5.1,30.7,16.3,0,500,7.4,6,0,0,16.2,5,M,no,sedentario
PAC011478,44,82.4,153,35.2,82,93,137,74,56,110,5.5,118,67,128,105,1.36,116,3.1,38.2,14.6,6,10451,9.2,5,2,6,7.2,3,M,no,ligero
PAC011479,33,82.9,159,32.8,77,105,135,81,83,75,5.3,183,71,112,152,0.82,96,5.4,27.2,12.3,3,6908,7.8,22,27,1,7.4,8,M,no,sedentario
PAC011480,90,76.0,157,30.8,88,98,154,107,83,94,6.5,194,51,115,141,0.4,61,4.6,34.7,14.5,1,5037,5.3,9,8,2,8.0,5,F,si,activo
PAC011481,23,62.0,158,24.8,86,103,120,77,61,63,4.0,184,84,86,103,0.93,115,0.9,32.6,15.4,6,11689,9.9,4,0,6,8.6,2,F,no,ligero
PAC011482,42,56.2,163,21.2,80,97,104,78,89,122,5.8,215,59,119,116,0.87,116,6.8,26.1,11.5,7,11850,6.6,9,16,3,11.8,8,F,no,sedentario
PAC011483,41,44.0,169,15.4,84,95,102,60,68,96,4.8,177,64,118,131,1.22,99,0.1,41.7,15.6,17,14395,6.6,0,0,7,4.8,4,F,no,sedentario
PAC011484,70,109.2,178,34.5,109,87,145,71,75,120,7.2,220,25,173,173,1.31,85,10.9,36.1,16.0,0,1458,8.6,9,9,2,9.2,9,F,si,sedentario
PAC011485,51,83.9,147,38.8,93,81,126,68,88,93,6.3,208,80,172,76,0.86,103,2.3,26.5,11.2,8,10032,8.7,18,24,4,7.0,8,F,no,sedentario
PAC011486,90,55.2,140,28.2,109,87,177,101,64,92,4.8,206,49,157,205,0.83,80,7.0,35.2,15.7,3,6522,6.2,9,6,2,13.9,5,F,no,ligero
PAC011487,42,59.4,164,22.1,67,115,98,76,55,66,5.0,201,75,79,121,0.73,80,1.7,42.5,14.2,8,10093,8.6,0,11,6,8.2,1,M,no,sedentario
PAC011488,18,55.9,158,22.4,66,106,150,66,81,108,4.4,169,69,101,117,0.64,75,3.4,21.6,10.7,3,8727,7.4,22,30,1,13.2,1,M,si,sedentario
PAC011489,18,69.9,169,24.5,69,100,115,67,72,104,5.1,161,68,114,127,1.19,112,3.6,25.5,15.1,8,7812,9.5,9,10,2,7.2,4,M,no,activo
PAC011490,25,69.5,176,22.4,76,94,129,55,69,97,4.5,186,68,74,71,1.2,109,3.1,43.5,15.8,9,15436,9.7,17,0,7,5.4,2,F,si,activo
PAC011491,27,59.2,167,21.2,69,114,115,84,57,89,4.0,149,67,118,40,1.15,93,0.3,28.9,13.5,11,13585,7.8,12,0,5,6.7,1,F,no,sedentario
PAC011492,23,66.6,164,24.8,73,98,120,61,87,111,5.1,170,45,92,40,1.34,74,6.4,24.6,11.4,5,2526,9.5,6,36,5,7.2,9,M,no,activo
PAC011493,71,102.7,146,48.2,123,109,152,105,69,125,7.0,244,73,127,244,0.55,70,1.6,38.6,16.8,0,6121,5.3,0,1,2,11.6,6,M,si,ligero
PAC011494,18,69.8,154,29.4,83,94,136,62,74,84,5.3,207,48,157,70,0.58,110,0.7,29.0,11.5,4,10196,8.9,22,23,4,7.7,5,M,si,activo
PAC011495,35,49.7,169,17.4,96,95,116,74,63,69,5.7,153,61,92,118,0.86,112,3.2,40.3,15.2,5,11984,7.1,0,0,6,5.0,3,M,no,activo
PAC011496,74,83.2,147,38.5,96,94,164,102,91,61,6.5,192,49,154,139,0.52,74,4.4,27.8,18.6,0,1956,8.2,16,12,0,10.9,10,F,no,sedentario
PAC011497,69,92.0,144,44.4,106,99,153,105,80,104,5.5,226,51,116,218,0.76,60,1.9,30.4,17.9,5,3498,5.5,8,0,4,8.3,10,F,si,sedentario
PAC011498,18,62.4,152,27.0,87,101,106,77,63,93,5.0,183,88,172,150,1.34,110,4.5,31.5,12.5,6,7548,9.8,14,19,2,8.1,5,F,no,sedentario
PAC011499,27,71.8,165,26.4,92,97,116,61,64,78,5.7,155,81,176,117,1.31,106,0.1,29.6,15.7,9,12321,8.3,0,0,2,9.3,1,M,no,sedentario
PAC011500,63,76.5,145,36.4,98,94,171,99,97,108,6.4,226,58,107,122,0.53,56,4.4,35.5,17.8,2,4742,5.0,20,1,1,11.7,8,F,no,ligero
PAC011501,18,66.1,160,25.8,87,96,124,68,69,68,6.7,231,57,135,134,1.33,99,3.7,32.5,12.4,5,12461,7.8,15,18,1,8.8,8,F,si,activo
PAC011502,46,104.4,187,29.9,102,109,129,82,74,130,7.5,234,37,189,254,0.99,41,6.0,18.1,15.8,0,3916,10.6,11,4,1,14.1,6,F,no,sedentario
PAC011503,68,90.7,156,37.3,96,87,156,105,72,106,4.9,268,44,101,314,0.57,69,2.8,26.8,17.6,7,3152,5.7,5,9,1,13.8,9,M,no,ligero
PAC011504,39,47.4,179,14.8,65,103,132,78,73,110,4.3,201,64,85,106,1.09,104,1.8,30.6,13.1,12,12626,7.5,10,6,3,2.0,4,M,no,activo
PAC011505,77,102.3,150,45.5,107,95,178,93,72,97,6.4,229,55,180,137,0.58,103,2.6,33.7,16.1,5,7599,6.0,0,1,5,13.1,5,F,no,sedentario
PAC011506,68,89.6,205,21.3,113,106,156,96,88,132,6.4,200,35,171,272,1.27,76,8.7,46.1,14.9,0,500,9.9,3,0,0,14.0,8,F,si,sedentario
PAC011507,57,100.1,152,43.3,103,83,165,105,72,99,5.6,219,57,162,124,0.49,54,0.1,40.5,15.2,1,4423,6.2,0,0,3,13.2,7,M,no,sedentario
PAC011508,48,57.9,159,22.9,72,94,114,73,59,72,5.6,115,69,128,40,1.11,118,0.1,40.4,14.2,8,8804,10.0,0,3,6,3.7,0,F,no,sedentario
PAC011509,70,80.0,182,24.2,129,105,133,89,90,169,8.2,285,50,190,271,1.15,64,7.4,36.3,14.8,2,4678,6.5,11,15,1,7.3,10,M,no,sedentario
PAC011510,32,70.1,175,22.9,85,107,124,65,45,61,6.0,146,56,77,78,1.21,104,0.1,10.6,13.1,8,11700,7.8,2,0,4,4.7,2,F,no,sedentario
PAC011511,89,87.5,199,22.1,134,111,151,102,68,153,6.9,201,25,162,243,1.18,75,9.0,31.6,14.5,2,2461,8.6,7,0,1,11.7,3,M,si,sedentario
PAC011512,71,117.2,191,32.1,126,99,145,74,76,139,7.2,252,34,172,273,0.74,48,5.1,31.4,15.5,4,1863,10.4,0,9,5,14.2,6,F,no,sedentario
PAC011513,18,87.2,166,31.6,84,113,109,75,74,89,5.1,218,43,115,87,0.92,86,4.1,24.3,10.8,4,8380,7.3,19,10,2,7.7,5,F,si,ligero
PAC011514,64,93.7,170,32.4,94,99,127,83,54,87,5.2,201,66,104,44,0.92,103,0.4,53.7,14.9,11,12191,9.6,11,12,2,6.4,2,F,no,ligero
PAC011515,32,70.1,169,24.5,95,106,114,76,77,81,4.7,186,68,108,114,0.66,104,6.8,14.3,12.9,2,11843,5.5,20,23,2,9.8,8,F,si,activo
PAC011516,85,60.8,140,31.0,91,91,139,106,63,85,6.8,266,51,166,236,0.56,64,4.0,29.2,16.2,0,5129,7.2,7,0,1,10.0,6,M,si,sedentario
PAC011517,48,66.7,163,25.1,82,80,144,73,85,82,4.8,172,43,90,131,0.84,95,1.2,30.0,12.3,8,11376,9.0,15,16,1,12.0,6,M,no,sedentario
PAC011518,76,92.1,205,21.9,111,87,157,80,91,115,9.0,189,29,150,313,0.96,44,10.3,41.7,13.6,0,3595,8.3,11,7,2,14.1,6,F,si,sedentario
PAC011519,58,96.2,191,26.4,126,108,142,88,84,144,6.8,231,37,154,342,1.05,62,6.3,44.3,11.9,0,3709,10.3,20,0,0,10.0,7,M,no,activo
PAC011520,90,98.9,202,24.2,124,89,153,99,83,120,7.3,233,36,164,257,1.21,79,6.1,49.6,13.5,0,5523,8.2,7,18,0,11.0,8,M,no,sedentario
PAC011521,23,70.3,167,25.2,80,106,106,67,65,99,4.6,118,66,82,63,0.78,127,1.5,24.9,13.5,8,9710,6.5,0,15,5,7.3,5,M,si,sedentario
PAC011522,57,100.6,157,40.8,109,103,156,106,77,86,4.2,260,53,118,178,0.97,66,2.6,21.1,18.1,0,3323,5.6,20,11,3,10.3,8,F,si,activo
PAC011523,18,58.7,160,22.9,103,75,108,60,66,60,4.9,188,80,152,89,0.77,100,0.1,28.2,14.6,8,10020,10.5,0,3,4,6.1,3,F,no,sedentario
PAC011524,42,59.8,140,30.5,87,91,127,59,82,66,6.0,135,44,157,59,0.63,95,3.7,25.9,14.4,7,14251,8.1,16,16,4,14.8,9,F,si,ligero
PAC011525,64,83.2,187,23.8,115,124,163,87,83,109,7.0,232,53,183,209,1.5,107,7.7,39.2,14.5,3,500,8.3,18,9,0,13.3,3,F,si,sedentario
PAC011526,46,62.5,143,30.6,79,81,128,70,83,82,5.1,147,38,140,109,0.85,122,0.1,29.3,16.8,4,10713,8.7,1,8,5,6.9,0,M,si,activo
PAC011527,19,54.4,167,19.5,77,107,120,64,64,110,6.3,168,88,119,144,1.01,98,1.7,29.7,16.0,11,13227,10.2,17,5,6,4.6,0,F,no,ligero
PAC011528,60,73.4,140,37.4,102,89,170,80,75,84,5.6,243,25,206,234,0.61,49,3.8,30.7,15.2,3,3591,6.1,0,0,3,12.3,5,M,si,ligero
PAC011529,18,57.4,180,17.7,63,86,97,71,61,94,5.4,226,71,127,40,0.94,128,1.9,16.8,13.2,12,9138,9.6,1,3,5,9.5,3,M,no,activo
PAC011530,78,85.5,194,22.7,121,110,133,86,81,107,6.1,254,32,139,193,1.28,81,4.7,36.9,15.5,0,4561,9.0,10,9,4,10.7,10,M,si,sedentario
PAC011531,85,71.7,140,36.6,118,109,173,112,77,108,5.4,223,48,186,159,0.53,80,4.8,22.4,18.5,5,2700,4.5,6,9,1,11.5,8,F,si,ligero
PAC011532,67,81.0,147,37.5,100,94,157,99,77,103,5.6,220,63,104,210,0.55,81,4.2,13.8,16.3,4,3029,6.5,12,11,2,12.1,7,M,si,sedentario
PAC011533,26,47.0,159,18.6,101,75,116,85,87,107,5.4,199,66,120,196,0.74,130,4.2,7.7,11.0,5,12144,7.0,14,21,1,9.7,6,F,si,sedentario
PAC011534,18,80.0,162,30.5,82,111,112,73,65,95,4.3,175,52,117,149,1.05,100,0.1,37.8,13.2,10,19048,7.7,9,2,5,2.9,3,F,no,activo
PAC011535,90,78.8,152,34.1,111,96,150,75,88,116,5.3,219,47,169,91,0.52,56,3.8,35.7,14.8,0,1123,5.2,14,0,1,15.0,9,M,no,ligero
PAC011536,40,49.7,145,23.6,89,89,113,61,96,94,5.7,173,67,105,234,0.75,110,0.4,25.6,11.9,4,7680,8.8,9,18,1,5.9,7,M,si,ligero
PAC011537,27,62.8,186,18.2,88,105,126,74,52,71,5.0,153,53,137,173,0.77,126,1.4,46.2,13.7,7,7761,9.8,0,7,5,8.8,0,F,si,activo
PAC011538,32,79.0,156,32.5,83,100,113,84,60,102,4.0,198,76,107,55,1.18,112,4.9,17.2,15.8,4,12220,8.3,11,3,5,8.4,0,F,no,sedentario
PAC011539,21,51.7,169,18.1,74,100,121,82,68,77,5.6,154,64,112,128,1.28,107,3.0,36.8,13.1,9,13991,9.9,0,0,7,6.3,0,M,no,activo
PAC011540,59,64.9,180,20.0,73,108,127,84,63,108,6.1,176,67,60,71,1.24,91,0.1,28.6,15.7,8,8224,8.0,1,0,4,6.4,0,F,no,sedentario
PAC011541,38,68.1,172,23.0,94,93,116,72,64,89,5.6,216,56,168,49,1.25,69,0.1,30.0,14.7,9,14123,9.2,0,1,6,6.7,5,F,no,sedentario
PAC011542,55,93.0,143,45.5,116,96,139,99,89,109,6.2,279,67,127,99,0.6,102,2.8,35.2,16.4,0,1308,4.3,15,1,4,15.0,9,M,si,ligero
PAC011543,66,77.1,140,39.3,108,89,176,95,73,104,6.3,211,61,164,113,0.4,79,5.3,40.0,17.0,0,1783,6.2,4,6,4,11.7,7,M,si,sedentario
PAC011544,43,76.2,161,29.4,68,97,118,73,51,94,5.6,188,54,118,227,1.18,84,0.1,39.9,13.9,5,13311,9.1,0,0,7,5.9,2,F,si,activo
PAC011545,57,94.9,146,44.5,98,90,138,120,90,74,6.1,255,33,100,248,0.4,83,5.1,30.6,17.9,0,6210,5.8,0,6,2,11.3,8,F,si,sedentario
PAC011546,53,79.7,203,19.3,107,113,155,82,79,176,6.9,236,43,139,338,1.21,50,2.7,39.0,13.8,0,5590,7.1,15,7,0,11.3,8,F,si,sedentario
PAC011547,41,78.0,144,37.6,88,102,120,64,72,105,4.9,137,80,126,45,0.77,101,3.5,18.4,11.9,3,6038,6.9,17,27,0,13.4,7,F,no,sedentario
PAC011548,43,82.9,167,29.7,75,101,115,78,62,71,4.2,230,79,67,144,0.83,89,3.2,26.3,14.0,5,14378,9.7,11,2,5,5.7,2,F,no,sedentario
PAC011549,75,96.6,195,25.4,123,95,134,100,97,150,8.0,246,32,127,187,1.18,79,2.1,31.9,13.4,2,3381,7.8,16,2,1,13.0,4,F,si,sedentario
PAC011550,74,80.3,140,41.0,79,88,165,110,62,101,5.3,240,55,139,164,0.72,63,7.5,22.5,15.3,1,6411,6.4,20,2,3,12.0,9,M,no,sedentario
PAC011551,63,98.9,202,24.2,111,113,147,68,82,135,6.6,245,38,157,241,1.39,67,5.6,14.9,15.0,0,685,11.0,6,18,1,5.4,7,M,si,sedentario
PAC011552,41,62.1,171,21.2,101,117,157,91,71,104,4.7,185,49,139,149,0.77,120,3.3,32.8,14.7,6,4733,10.8,12,31,1,9.0,9,M,no,ligero
PAC011553,40,50.6,173,16.9,89,115,90,81,60,90,4.8,150,74,95,150,1.34,75,0.1,31.0,15.3,12,13011,8.2,6,0,5,4.6,2,M,no,activo
PAC011554,26,40.6,174,13.4,76,102,130,78,64,101,6.5,203,71,140,40,1.32,103,2.0,36.7,16.2,9,11854,8.3,0,13,7,7.5,8,F,no,ligero
PAC011555,49,53.7,174,17.7,76,107,139,60,68,85,4.2,162,74,89,174,1.0,106,0.1,23.6,13.8,7,10170,7.9,3,13,4,7.0,3,F,no,activo
PAC011556,18,55.3,162,21.1,89,92,116,63,71,93,5.0,126,60,127,129,1.07,108,3.2,53.2,13.4,6,15746,10.1,2,0,3,9.7,2,M,no,activo
PAC011557,40,94.1,157,38.2,88,89,129,70,89,90,4.2,171,51,94,99,1.1,115,4.8,19.9,11.8,8,10149,6.7,24,23,1,14.1,6,M,si,sedentario
PAC011558,46,69.7,172,23.6,72,88,125,78,64,115,4.8,171,75,83,57,1.17,106,1.3,38.5,16.9,10,9794,9.1,10,0,5,2.0,4,F,no,activo
PAC011559,38,68.4,167,24.5,69,92,125,69,84,119,6.1,197,61,71,89,1.18,74,5.9,31.4,9.2,4,2704,8.9,19,33,0,6.5,5,F,si,sedentario
PAC011560,18,73.0,170,25.3,89,96,137,61,54,72,5.1,189,71,94,137,0.94,100,4.3,32.6,14.7,10,14899,7.4,0,7,5,3.0,6,F,no,sedentario
PAC011561,81,72.0,153,30.8,93,105,155,91,74,60,5.5,203,48,121,278,0.4,51,6.2,19.1,18.3,0,7924,6.4,16,6,3,16.0,5,M,si,activo
PAC011562,18,68.2,169,23.9,85,121,102,72,55,102,4.5,218,78,124,63,0.99,130,0.1,37.1,17.1,4,7348,9.3,0,14,5,2.8,2,F,no,sedentario
PAC011563,30,88.4,161,34.1,87,85,109,79,71,79,4.0,139,66,81,118,1.18,93,4.3,20.3,12.1,6,3623,9.6,21,24,2,11.8,4,F,si,ligero
PAC011564,79,79.6,140,40.6,106,97,168,117,69,143,6.1,218,61,94,215,0.58,78,1.8,18.4,16.6,2,5812,6.5,14,2,2,12.3,6,M,si,ligero
PAC011565,25,73.1,156,30.0,76,90,105,78,80,102,5.8,179,49,113,102,0.8,105,0.1,21.8,11.9,6,9645,6.2,6,18,3,8.8,10,M,si,sedentario
PAC011566,34,60.9,159,24.1,74,102,127,61,79,105,5.8,174,62,171,149,1.22,107,2.7,42.9,14.2,8,11345,9.0,27,37,2,9.2,6,M,no,sedentario
PAC011567,65,90.4,185,26.4,135,101,165,94,75,174,7.7,228,42,123,304,1.36,94,9.9,34.0,12.0,7,1363,7.5,1,8,2,6.7,3,F,no,ligero
PAC011568,29,75.2,170,26.0,84,88,92,82,51,84,4.6,192,75,81,40,0.79,124,0.1,24.1,15.4,8,17189,8.5,9,6,4,3.4,4,F,no,ligero
PAC011569,82,90.7,144,43.7,97,105,175,101,86,98,5.2,245,65,100,175,0.69,79,2.8,28.7,14.0,0,6088,6.8,5,9,0,14.6,2,M,si,ligero
PAC011570,76,88.8,205,21.1,138,113,154,84,93,107,7.1,257,54,152,270,1.3,95,8.2,40.0,15.0,0,3481,10.1,2,13,2,9.3,10,F,no,ligero
PAC011571,85,74.0,154,31.2,91,108,152,93,83,101,4.5,233,28,175,201,0.4,52,1.4,24.2,14.4,3,7645,6.5,0,0,3,15.3,10,F,si,ligero
PAC011572,39,55.3,175,18.1,60,88,109,84,70,82,5.3,192,55,96,97,0.99,114,1.8,30.0,13.0,11,12625,7.8,11,0,6,6.7,5,F,no,activo
PAC011573,90,70.3,142,34.9,115,81,154,92,70,80,7.4,222,40,135,190,0.45,72,4.0,24.3,15.6,6,4195,5.6,14,5,3,11.2,8,M,no,ligero
PAC011574,40,43.5,159,17.2,60,126,124,86,60,109,4.6,174,69,104,96,1.05,92,0.1,43.0,16.9,9,14908,7.5,2,3,6,8.8,1,M,si,activo
PAC011575,71,101.9,146,47.8,118,84,177,108,63,87,5.4,234,48,125,189,0.4,76,0.1,18.8,16.1,4,1751,5.8,11,9,1,5.2,6,M,si,sedentario
PAC011576,45,97.0,192,26.3,95,111,101,93,72,142,7.5,247,46,171,248,1.26,77,8.3,28.6,14.5,3,6727,10.3,5,6,3,10.7,8,F,si,sedentario
PAC011577,51,86.9,143,42.5,105,91,161,81,77,67,7.1,237,42,157,50,0.4,88,7.3,38.2,14.7,0,6476,8.7,8,0,0,8.0,3,M,si,sedentario
PAC011578,43,76.9,157,31.2,81,106,117,69,81,83,5.0,163,48,104,40,0.82,130,4.1,19.8,11.0,2,11549,9.6,11,16,2,8.1,10,F,no,sedentario
PAC011579,32,60.0,158,24.0,75,82,98,70,57,74,5.1,220,73,98,46,0.87,112,3.4,45.4,12.8,9,13584,8.3,5,2,5,6.8,4,M,no,activo
PAC011580,50,78.7,196,20.5,119,75,143,91,88,146,7.8,250,41,178,225,1.11,82,8.3,24.5,14.0,2,3168,7.8,3,9,1,8.2,9,M,si,sedentario
PAC011581,25,92.0,175,30.0,104,105,113,86,59,60,4.0,214,50,131,134,1.04,79,0.1,42.0,14.8,5,14174,8.6,0,1,4,7.0,3,F,no,sedentario
PAC011582,36,75.4,158,30.2,90,110,94,75,67,89,4.0,167,52,87,226,0.91,101,3.7,33.6,11.3,7,10635,6.4,20,26,2,11.8,6,M,no,ligero
PAC011583,41,87.2,140,44.5,96,93,159,95,80,111,7.4,267,55,111,202,0.58,70,5.7,36.3,16.6,0,7809,5.9,16,2,3,17.0,9,M,si,sedentario
PAC011584,71,72.1,160,28.2,117,99,167,96,64,93,7.0,219,71,117,170,0.4,61,3.6,19.4,16.4,0,4373,6.0,16,0,1,11.5,6,F,no,ligero
PAC011585,69,91.5,140,46.7,103,96,156,102,75,113,5.1,193,39,171,156,0.52,74,4.0,29.9,13.7,0,500,4.1,3,0,2,10.8,4,F,si,sedentario
PAC011586,90,87.9,147,40.7,104,106,157,75,78,117,5.1,174,51,157,247,0.4,78,2.8,32.2,14.8,0,1872,4.5,6,7,1,13.9,9,F,si,ligero
PAC011587,78,86.8,182,26.2,104,102,159,98,72,107,5.4,254,44,176,238,1.19,102,4.6,48.7,14.5,1,1937,8.0,10,0,0,16.0,6,F,si,sedentario
PAC011588,18,70.1,147,32.4,90,98,126,68,87,93,4.7,173,70,87,74,0.71,113,5.8,12.2,12.4,8,8456,6.0,16,23,1,9.5,5,M,si,sedentario
PAC011589,38,91.4,168,32.4,88,106,116,68,73,92,5.3,110,66,97,65,1.1,87,0.1,49.9,15.0,9,13987,7.6,0,0,8,3.7,3,F,si,sedentario
PAC011590,67,101.4,205,24.1,114,105,154,74,68,117,7.0,235,54,122,242,1.27,67,7.9,45.3,14.6,0,500,8.2,16,1,2,11.0,8,F,si,ligero
PAC011591,77,97.9,199,24.7,120,108,122,78,76,122,6.5,251,41,152,291,1.07,102,5.5,45.3,13.9,4,500,9.5,8,15,0,11.2,9,F,si,sedentario
PAC011592,26,75.7,173,25.3,95,108,138,68,67,75,4.8,153,39,83,40,0.8,98,0.1,12.7,9.9,4,9728,7.9,20,26,2,9.4,9,F,no,sedentario
PAC011593,52,98.8,191,27.1,108,102,145,84,88,123,7.4,246,48,125,220,1.1,76,6.4,29.3,13.4,0,2002,10.1,7,11,0,12.8,10,F,no,sedentario
PAC011594,36,43.1,166,15.6,81,97,105,84,52,84,4.5,187,58,134,61,0.94,96,0.1,36.5,14.1,5,9436,7.6,5,0,5,7.4,2,F,no,sedentario
PAC011595,50,78.7,179,24.6,91,105,94,96,61,80,4.6,240,48,79,70,1.28,107,0.1,49.4,14.3,9,12290,8.3,0,0,5,5.9,2,F,si,ligero
PAC011596,50,87.6,151,38.4,102,82,149,99,71,127,4.9,211,48,139,234,0.45,80,1.2,32.6,15.5,1,2329,7.0,21,6,2,9.5,6,M,si,sedentario
PAC011597,18,56.2,160,22.0,85,96,104,61,94,90,6.5,185,79,120,129,1.11,99,4.1,29.7,12.4,9,10768,8.3,38,25,2,8.9,10,M,no,sedentario
PAC011598,52,104.6,183,31.2,141,104,137,93,55,121,7.9,206,25,149,216,1.25,78,7.3,26.0,13.2,0,2893,9.4,25,6,2,12.6,5,M,si,sedentario
PAC011599,90,82.0,140,41.8,96,91,165,112,64,114,5.9,199,33,161,278,0.65,85,3.9,26.9,19.0,5,2786,5.9,19,1,5,12.0,7,M,no,ligero
PAC011600,21,84.4,159,33.4,88,87,120,78,67,60,5.3,164,80,90,203,0.96,82,1.3,20.3,12.1,6,8784,8.4,9,24,0,6.7,6,F,si,activo
PAC011601,18,62.1,162,23.7,77,97,118,80,64,63,4.0,155,76,82,150,1.32,130,6.5,36.7,16.2,8,16049,8.7,0,10,6,3.7,5,M,si,activo
PAC011602,30,49.3,160,19.3,97,117,140,70,57,95,6.3,159,76,116,62,1.26,73,2.9,45.2,12.9,10,16815,6.8,5,2,6,8.2,1,M,no,activo
PAC011603,44,63.9,163,24.1,104,102,119,74,80,90,5.4,194,39,91,105,1.4,100,5.1,16.1,11.8,3,5653,8.2,32,29,1,10.2,6,M,si,ligero
PAC011604,52,44.9,157,18.2,91,88,114,83,59,113,5.5,194,74,45,180,1.33,106,3.6,23.6,16.2,9,13774,9.1,0,0,6,4.8,2,M,no,activo
PAC011605,86,101.7,198,25.9,140,101,157,96,99,109,6.9,300,50,148,225,0.98,66,9.3,51.3,15.4,2,5616,9.1,6,0,3,10.8,8,F,no,ligero
PAC011606,81,85.6,153,36.6,98,101,155,88,69,90,5.8,317,42,145,166,0.92,60,8.5,19.3,15.7,0,3952,7.6,6,0,0,17.3,8,M,si,sedentario
PAC011607,59,81.8,203,19.9,128,97,163,81,66,100,7.6,237,34,142,258,1.45,79,7.7,39.8,15.3,0,2506,9.5,13,16,0,11.3,9,M,si,sedentario
PAC011608,51,60.0,140,30.6,76,83,95,64,89,93,5.3,207,59,120,117,0.77,107,4.3,12.1,10.2,7,7345,6.8,18,23,1,10.5,7,F,si,ligero
PAC011609,64,95.9,183,28.6,115,96,127,80,73,113,8.8,223,38,171,283,0.93,62,11.5,29.4,16.1,0,500,7.8,7,4,2,8.9,6,F,no,sedentario
PAC011610,63,85.6,140,43.7,120,91,130,113,57,89,5.7,229,60,126,165,0.77,70,4.4,26.8,16.2,3,3181,7.6,0,0,6,12.2,7,F,si,sedentario
PAC011611,58,82.0,151,36.0,101,75,147,94,77,99,6.8,240,47,122,215,0.46,81,2.9,41.5,14.0,0,4778,4.4,7,8,3,17.6,10,F,si,sedentario
PAC011612,45,66.8,140,34.1,120,104,173,92,91,114,6.4,180,41,136,227,0.86,88,5.3,21.3,18.4,0,3976,6.3,4,1,2,12.9,7,M,no,sedentario
PAC011613,52,84.6,191,23.2,125,110,143,102,88,100,7.9,291,25,169,209,1.28,64,8.0,23.1,14.4,0,3492,9.6,10,0,2,11.3,9,F,si,sedentario
PAC011614,24,64.2,160,25.1,91,90,128,77,71,75,6.1,174,72,97,124,0.84,100,2.4,38.7,13.5,16,16430,9.2,12,0,6,3.4,5,M,no,activo
PAC011615,87,112.3,154,47.4,89,93,143,100,81,89,6.9,214,58,109,171,0.58,68,3.9,32.6,16.4,5,2113,6.0,0,9,2,8.0,5,F,no,ligero
PAC011616,29,56.2,162,21.4,69,101,117,84,75,83,5.1,168,50,109,128,0.62,71,1.9,39.2,10.5,8,7010,7.2,30,20,1,10.5,6,M,no,ligero
PAC011617,46,54.3,166,19.7,79,101,110,80,59,93,5.5,193,64,118,40,0.74,90,0.9,18.7,12.7,10,12586,8.5,8,0,7,7.7,0,F,no,sedentario
PAC011618,36,94.5,205,22.5,104,97,165,90,94,127,7.6,177,37,164,229,1.3,77,8.7,36.3,14.1,3,3011,6.7,8,19,1,12.7,5,F,no,activo
PAC011619,72,69.9,153,29.9,98,112,173,101,87,81,4.4,207,37,164,213,0.43,76,5.0,45.3,13.1,2,7793,6.9,14,2,4,13.1,5,M,si,sedentario
PAC011620,70,96.9,205,23.1,104,99,149,95,75,162,7.9,290,56,216,275,1.16,52,4.7,42.1,15.5,0,500,11.0,25,19,2,4.5,10,F,si,sedentario
PAC011621,47,105.0,205,25.0,105,89,155,95,63,165,6.9,245,38,164,289,1.34,47,4.3,27.1,15.6,2,3485,8.8,11,4,0,12.9,7,F,no,sedentario
PAC011622,80,93.1,158,37.3,90,85,159,107,73,79,6.2,187,44,108,210,0.63,72,3.3,34.4,15.5,2,500,5.7,10,2,2,8.2,7,M,si,sedentario
PAC011623,18,81.0,147,37.5,66,106,121,77,61,96,4.7,131,61,92,164,1.03,92,0.1,37.4,16.5,6,10663,9.1,4,0,6,5.5,5,F,si,ligero
PAC011624,64,90.3,140,46.1,108,94,148,98,88,116,5.7,236,38,157,213,0.6,69,6.4,35.2,18.7,5,9057,7.3,11,7,3,9.5,7,M,no,sedentario
PAC011625,49,91.1,193,24.5,109,119,136,96,71,148,7.3,282,32,175,237,1.15,60,2.8,35.8,16.3,0,6277,9.1,29,13,2,11.5,8,F,no,sedentario
PAC011626,51,95.0,195,25.0,101,90,130,76,85,124,7.2,250,32,137,289,1.14,99,9.7,39.0,15.1,2,4090,9.6,7,10,2,8.9,8,F,no,sedentario
PAC011627,59,89.0,197,22.9,85,96,146,73,79,115,6.9,239,48,122,200,1.02,88,6.7,16.5,14.3,2,5311,10.6,7,4,1,11.2,9,F,no,ligero
PAC011628,18,64.4,157,26.1,83,104,100,69,57,82,6.1,208,59,152,124,1.2,130,1.9,20.0,14.1,11,13297,8.9,11,0,5,7.8,3,F,no,activo
PAC011629,18,72.7,162,27.7,77,107,137,66,86,106,5.2,162,71,98,105,0.88,113,0.1,43.4,13.7,11,12176,8.5,1,1,9,6.0,0,F,si,sedentario
PAC011630,18,54.3,182,16.4,90,115,121,61,58,82,5.5,147,81,117,76,1.02,85,1.6,34.3,16.0,10,20000,9.1,6,0,3,6.3,4,F,no,sedentario
PAC011631,29,63.4,156,26.1,83,96,114,56,95,96,5.6,188,74,95,146,0.82,75,2.0,23.1,14.0,7,6671,6.7,24,20,4,10.7,8,M,si,activo
PAC011632,59,91.7,177,29.3,84,95,136,81,81,99,6.1,195,60,130,54,1.18,123,1.4,10.7,10.4,9,11420,9.4,24,27,2,8.7,3,M,no,ligero
PAC011633,31,42.3,159,16.7,72,87,134,74,62,67,4.9,207,50,86,40,1.29,89,0.1,37.8,14.9,9,13288,8.5,0,7,7,6.5,4,F,no,activo
PAC011634,32,62.5,159,24.7,88,114,106,69,70,100,6.4,201,52,85,160,1.04,130,0.7,9.9,10.0,5,5516,6.8,21,34,3,11.6,6,M,no,sedentario
PAC011635,88,107.4,157,43.6,96,116,156,103,87,119,6.0,190,43,132,234,0.4,58,3.4,28.1,16.3,0,4046,5.4,15,9,1,15.5,2,M,no,sedentario
PAC011636,62,82.3,142,40.8,91,99,162,100,89,91,6.0,247,47,124,260,0.52,81,3.4,30.1,14.4,0,5085,6.1,11,1,4,13.6,6,F,si,sedentario
PAC011637,44,77.0,171,26.3,89,95,123,70,75,77,6.1,228,71,121,98,1.32,74,4.9,16.7,10.7,3,6239,8.0,16,34,1,14.3,7,M,no,ligero
PAC011638,34,59.4,147,27.5,95,98,113,69,45,104,4.9,201,62,40,138,1.29,102,1.1,21.5,14.1,11,12381,9.1,11,0,2,5.5,2,F,no,ligero
PAC011639,24,48.8,158,19.5,93,90,90,69,82,87,4.7,199,57,128,40,0.94,78,3.4,9.5,8.4,8,12137,9.2,30,23,3,4.3,7,M,no,ligero
PAC011640,27,52.9,165,19.4,72,90,110,79,66,95,5.1,198,78,99,85,1.11,93,3.2,37.5,17.0,5,10212,9.2,0,10,7,3.4,1,M,no,activo
PAC011641,71,71.8,147,33.2,115,104,161,107,71,82,6.3,244,31,109,137,0.61,80,7.5,32.6,14.9,1,7287,5.0,12,9,6,16.1,6,M,si,ligero
PAC011642,68,99.2,203,24.1,120,101,146,91,74,111,8.2,279,37,204,329,0.99,43,7.4,38.2,17.1,0,4345,10.1,23,0,0,11.4,9,M,no,sedentario
PAC011643,32,81.3,148,37.1,74,102,116,59,59,91,5.9,161,47,100,90,0.96,98,0.8,43.9,15.2,12,14394,9.7,0,5,2,3.7,0,M,no,activo
PAC011644,18,46.8,154,19.7,92,107,114,89,61,121,4.2,221,68,79,120,0.96,107,1.3,20.9,11.3,9,8239,7.4,0,20,0,8.5,3,F,no,sedentario
PAC011645,30,58.8,166,21.3,76,86,90,60,62,74,6.1,139,58,84,40,0.97,72,3.7,30.0,15.7,6,13952,10.5,2,3,3,2.0,0,M,si,activo
PAC011646,50,60.7,155,25.3,108,112,146,78,74,96,6.9,292,69,101,153,0.41,74,5.7,34.6,15.6,2,3207,6.9,3,0,0,10.1,6,F,si,sedentario
PAC011647,26,75.1,168,26.6,93,81,121,66,65,60,4.1,222,33,82,122,1.25,99,6.1,29.1,13.0,3,9014,8.4,15,28,2,8.9,7,M,no,ligero
PAC011648,76,90.9,140,46.4,100,95,176,95,71,113,5.6,173,45,182,176,0.59,112,7.7,30.1,13.1,2,3407,5.3,17,11,3,19.4,8,M,no,ligero
PAC011649,82,103.5,190,28.7,116,114,136,80,66,127,5.7,212,47,143,239,1.07,93,8.8,32.4,15.0,1,6923,9.5,4,5,3,9.5,7,F,si,sedentario
PAC011650,18,77.4,171,26.5,85,95,133,64,73,62,4.4,166,59,83,94,1.03,125,1.3,37.0,12.5,5,8242,8.6,12,32,2,4.7,6,F,no,sedentario
PAC011651,28,54.2,176,17.5,93,107,137,78,60,69,4.8,163,70,55,109,0.87,97,0.1,35.5,17.1,9,15649,9.0,0,3,7,5.3,3,M,no,activo
PAC011652,84,81.8,140,41.7,101,93,156,111,81,80,5.6,218,75,164,234,0.4,62,1.4,25.8,13.7,0,2812,3.9,11,7,0,11.3,6,M,no,sedentario
PAC011653,18,65.3,150,29.0,78,114,107,97,59,108,6.1,151,79,76,77,1.06,84,3.1,27.7,11.3,5,6939,7.3,30,13,4,12.9,8,M,no,sedentario
PAC011654,53,94.2,187,26.9,106,106,164,92,86,158,6.0,241,36,135,290,1.08,59,7.9,46.9,14.4,0,2126,8.5,15,0,3,6.8,7,F,no,ligero
PAC011655,31,65.0,164,24.2,73,97,114,91,68,117,4.9,120,44,83,40,1.19,129,3.3,26.1,15.5,13,11968,8.0,5,11,6,7.9,5,F,si,ligero
PAC011656,37,62.6,167,22.4,66,97,112,68,76,76,4.0,148,60,124,55,1.09,110,0.3,23.1,14.4,6,12758,9.2,2,21,3,6.6,1,M,no,sedentario
PAC011657,36,84.7,145,40.3,95,98,115,72,76,102,6.6,174,48,83,121,0.67,89,5.5,19.6,12.8,5,11329,8.4,16,31,0,6.3,6,F,no,sedentario
PAC011658,70,76.8,152,33.2,104,99,157,99,98,101,5.5,253,63,162,163,0.48,90,2.1,40.3,14.3,0,5920,7.5,22,0,5,16.0,10,F,no,ligero
PAC011659,59,92.2,203,22.4,144,110,163,86,74,122,7.1,263,25,192,161,1.26,51,7.2,48.1,15.2,3,6982,9.4,12,0,2,10.7,10,M,no,sedentario
PAC011660,31,60.5,158,24.2,83,101,90,77,45,116,4.8,149,60,119,99,1.43,83,1.5,31.3,15.5,7,11699,6.7,8,13,5,6.4,7,M,no,ligero
PAC011661,80,66.8,149,30.1,118,94,159,97,84,99,5.4,269,49,103,172,0.69,54,1.4,33.9,16.1,8,6540,6.1,10,2,4,15.3,6,M,si,sedentario
PAC011662,18,42.2,163,15.9,66,87,90,62,56,77,6.0,139,85,129,171,0.98,121,0.1,21.1,13.2,9,9892,6.9,12,0,5,5.8,8,M,no,ligero
PAC011663,48,65.1,166,23.6,88,104,131,78,74,60,4.0,175,84,93,153,0.97,113,2.6,24.1,18.1,11,10065,7.8,0,17,7,7.9,0,F,si,sedentario
PAC011664,18,83.7,162,31.9,76,80,125,73,81,81,4.2,161,65,91,154,0.99,68,2.0,33.3,10.9,4,7758,8.8,21,38,1,12.4,5,F,no,ligero
PAC011665,21,48.0,175,15.7,60,85,115,60,65,90,5.0,167,67,116,46,0.97,113,0.1,40.3,16.9,10,15061,6.6,7,0,7,2.9,3,F,no,activo
PAC011666,79,79.1,161,30.5,91,115,128,97,83,103,7.0,271,61,121,96,0.4,82,1.6,40.3,16.8,0,7027,6.4,9,0,2,13.7,7,M,si,sedentario
PAC011667,80,92.2,205,21.9,113,96,159,83,86,129,7.4,245,31,135,294,0.96,37,6.3,21.7,13.5,0,1010,9.8,19,0,2,11.5,10,F,si,ligero
PAC011668,49,109.1,202,26.7,113,106,138,89,61,115,5.6,182,47,124,220,1.14,78,10.0,29.6,15.7,3,5177,9.7,14,16,2,12.9,4,F,si,sedentario
PAC011669,64,65.7,152,28.4,105,87,159,88,85,128,5.3,215,61,160,165,0.66,69,6.3,37.3,15.7,0,1523,5.4,3,0,0,7.5,7,M,si,sedentario
PAC011670,75,86.7,195,22.8,126,99,151,82,75,138,6.7,251,48,139,271,1.67,74,5.0,37.6,15.3,2,1045,9.0,22,9,1,9.4,8,F,si,ligero
PAC011671,73,93.5,187,26.7,122,116,155,92,64,159,7.1,233,29,138,335,1.5,85,6.6,31.9,14.2,0,1603,9.0,20,3,0,15.6,6,M,si,sedentario
PAC011672,27,40.0,176,12.9,98,112,143,64,65,113,6.3,177,88,100,121,1.28,126,0.9,28.9,16.6,12,15044,7.5,12,0,5,4.0,6,F,no,ligero
PAC011673,46,67.6,172,22.9,104,110,111,74,56,60,6.0,229,71,69,94,1.0,102,1.0,30.7,15.8,11,17304,8.0,0,7,4,4.2,6,M,no,ligero
PAC011674,18,64.6,145,30.7,91,116,111,77,88,98,4.8,187,46,125,142,0.77,77,5.9,32.4,13.6,6,11399,6.6,25,20,0,11.4,7,M,no,activo
PAC011675,40,76.7,160,30.0,98,89,134,72,61,87,7.1,191,67,40,134,1.02,65,1.6,31.0,11.4,4,11923,7.4,18,23,3,6.7,7,M,no,sedentario
PAC011676,74,57.5,189,16.1,106,96,137,82,72,139,8.5,209,25,168,278,1.27,73,4.7,47.0,14.4,4,2020,9.3,15,6,1,14.3,6,F,si,sedentario
PAC011677,30,76.2,167,27.3,89,108,110,70,74,63,4.1,125,73,87,84,1.22,106,0.1,35.3,14.6,10,14835,7.8,2,0,8,3.9,0,M,no,sedentario
PAC011678,90,117.8,146,55.3,98,89,160,93,77,107,5.4,237,30,155,157,0.4,64,4.3,33.5,15.1,1,3627,4.9,5,7,6,17.1,5,M,no,sedentario
PAC011679,87,67.1,142,33.3,99,91,158,112,78,79,5.6,243,48,135,190,0.66,75,3.0,28.4,16.0,2,500,5.0,0,0,2,7.3,5,F,si,sedentario
PAC011680,71,75.3,141,37.9,103,109,181,120,82,126,6.0,183,40,175,134,0.44,51,3.6,32.7,14.7,0,533,5.9,15,0,2,16.2,7,M,no,sedentario
PAC011681,38,76.8,154,32.4,72,89,108,90,91,100,5.4,208,72,104,40,0.94,112,6.4,40.0,9.1,8,9450,8.6,19,11,1,2.8,7,F,no,sedentario
PAC011682,80,99.3,205,23.6,106,103,146,82,87,151,7.4,209,50,138,300,1.16,79,9.4,42.0,13.4,2,4259,8.9,3,5,2,8.9,4,F,si,sedentario
PAC011683,20,52.9,167,19.0,77,95,113,87,61,103,5.5,217,78,94,119,0.77,100,0.1,44.0,14.1,11,16206,7.7,0,0,5,6.2,2,F,no,sedentario
PAC011684,19,79.7,164,29.6,78,122,127,74,61,82,5.2,150,82,106,88,1.14,91,0.9,61.7,16.3,2,13311,7.7,4,0,7,2.4,2,M,si,activo
PAC011685,52,102.0,140,52.0,123,100,146,91,83,104,6.1,238,35,201,171,0.44,60,1.4,48.7,16.6,0,5858,5.9,4,11,2,9.8,4,F,no,sedentario
PAC011686,72,76.3,154,32.2,105,77,135,116,72,97,5.8,222,49,135,133,0.4,61,3.4,28.7,15.2,0,6782,6.9,4,3,1,13.7,7,M,no,ligero
PAC011687,62,83.4,200,20.8,150,88,129,90,70,135,6.7,290,29,220,246,1.15,59,8.8,46.4,16.1,0,2594,7.8,8,7,4,9.0,5,M,no,sedentario
PAC011688,24,70.3,165,25.8,90,103,106,67,71,63,4.6,209,65,53,49,1.21,100,0.1,37.1,12.7,9,14680,7.7,0,2,4,4.4,7,M,si,ligero
PAC011689,90,70.7,146,33.2,110,94,167,98,93,87,5.4,198,51,155,208,0.4,95,7.5,32.5,15.1,2,508,6.6,7,6,2,13.5,7,M,no,sedentario
PAC011690,18,66.0,153,28.2,70,111,150,67,87,107,5.7,240,45,161,115,0.65,64,3.3,35.2,11.0,4,9256,7.0,22,14,5,11.7,8,M,no,sedentario
PAC011691,28,63.6,154,26.8,87,107,91,65,81,107,5.8,194,45,112,129,0.74,121,2.8,8.3,10.8,4,12381,8.1,20,20,0,12.6,8,F,no,sedentario
PAC011692,30,77.0,167,27.6,83,93,127,76,75,67,5.9,160,62,146,129,1.09,94,7.0,16.9,12.1,5,8742,8.5,10,17,3,4.6,8,M,no,ligero
PAC011693,54,64.7,152,28.0,107,95,177,92,70,98,5.6,249,38,138,235,0.4,83,8.0,30.2,16.9,3,3282,7.4,6,0,0,15.0,5,F,si,sedentario
PAC011694,75,85.9,201,21.3,95,99,147,87,74,151,8.4,232,25,122,267,1.3,85,8.5,37.2,14.7,1,500,9.8,17,7,2,18.5,5,M,no,sedentario
PAC011695,28,70.6,142,35.0,98,83,127,55,67,107,5.2,196,66,119,58,1.21,118,4.9,9.7,12.7,6,9357,7.7,16,14,2,13.5,8,M,no,activo
PAC011696,39,40.0,158,16.0,68,86,121,61,69,100,4.9,169,63,112,65,1.33,101,1.3,30.7,14.3,8,11926,9.0,1,2,9,5.9,0,F,si,activo
PAC011697,18,44.6,163,16.8,91,97,139,77,74,65,5.6,172,67,82,63,1.0,113,0.1,39.5,16.6,9,10306,7.8,0,0,4,2.3,3,F,no,ligero
PAC011698,18,96.3,159,38.1,99,102,130,78,79,82,5.7,216,60,128,116,0.85,118,6.5,20.8,11.0,4,3892,7.2,18,15,2,13.0,8,F,no,sedentario
PAC011699,63,99.8,188,28.2,131,112,125,89,80,104,7.1,209,43,160,222,1.34,64,7.1,47.4,14.7,0,7179,10.0,6,18,3,12.2,3,F,si,activo
PAC011700,25,66.2,154,27.9,60,92,137,62,83,95,4.5,191,56,71,46,1.02,93,4.0,39.9,14.8,11,13882,7.9,5,7,5,12.0,4,M,no,ligero
PAC011701,68,91.7,205,21.8,103,97,130,98,60,154,7.6,221,40,176,267,1.25,71,3.2,26.3,15.0,0,9817,9.6,10,0,0,10.4,8,F,si,sedentario
PAC011702,63,99.4,193,26.7,120,98,125,95,90,150,7.7,208,51,215,242,1.14,102,1.7,28.0,13.8,0,500,9.4,0,21,1,9.2,10,M,si,sedentario
PAC011703,44,52.9,156,21.7,72,114,103,75,75,71,6.2,151,77,110,104,1.03,96,0.1,23.6,16.1,8,16419,7.4,3,0,4,8.9,3,M,si,ligero
PAC011704,90,104.1,156,42.8,104,99,170,107,73,93,6.6,241,74,135,162,0.51,49,6.2,25.0,15.8,1,1911,4.9,0,1,3,11.6,7,M,no,ligero
PAC011705,38,69.1,161,26.7,73,105,134,96,66,79,6.2,180,61,88,80,1.33,98,0.1,28.3,15.2,5,9968,8.8,0,0,6,4.2,2,M,si,activo
PAC011706,76,87.0,186,25.1,93,100,125,99,68,151,6.3,232,32,183,236,1.27,72,14.0,42.0,12.5,0,2200,9.5,9,3,1,11.1,10,F,no,ligero
PAC011707,27,79.4,154,33.5,80,85,143,70,77,85,4.0,144,65,126,72,0.93,81,4.3,5.0,12.2,4,9162,8.5,19,16,2,13.3,9,F,si,ligero
PAC011708,79,90.3,140,46.1,121,100,152,101,91,91,6.4,256,45,97,156,0.49,76,1.9,29.1,16.7,1,3145,5.7,11,17,4,12.7,9,F,no,sedentario
PAC011709,18,94.5,157,38.3,74,77,94,79,69,74,4.5,131,82,156,121,0.94,112,4.5,38.8,16.4,12,13190,10.2,4,4,4,6.1,5,F,no,ligero
PAC011710,25,66.3,183,19.8,83,102,121,78,69,93,6.0,176,97,64,147,1.48,120,3.6,31.2,15.8,7,7540,8.2,7,11,5,2.0,2,M,no,sedentario
PAC011711,24,74.7,164,27.8,73,111,95,76,65,73,5.6,167,72,53,40,1.03,123,4.2,26.3,14.5,4,12746,9.5,3,0,6,5.8,1,F,no,activo
PAC011712,70,83.3,140,42.5,116,95,153,84,79,101,6.0,198,48,173,75,0.72,70,4.4,20.8,18.1,8,2306,8.0,8,0,2,14.0,8,M,si,sedentario
PAC011713,82,86.6,150,38.5,116,83,138,94,79,106,5.5,270,36,192,46,0.41,64,3.4,33.6,15.3,4,1423,5.5,5,11,3,16.6,6,M,si,sedentario
PAC011714,70,91.9,147,42.5,90,92,170,109,67,99,5.3,244,51,103,169,0.54,48,5.9,35.6,14.0,0,4602,6.5,10,4,2,16.9,5,M,no,sedentario
PAC011715,59,74.0,182,22.3,106,104,135,80,76,146,7.3,233,46,203,327,1.3,67,8.8,25.5,14.6,0,7422,8.1,14,4,1,12.8,5,F,no,sedentario
PAC011716,57,70.5,173,23.6,89,97,135,76,89,111,4.7,179,60,171,144,0.85,116,4.5,21.0,10.7,5,10975,7.3,25,28,1,9.2,5,F,no,sedentario
PAC011717,18,71.0,172,24.0,94,109,122,71,88,103,4.2,222,50,106,114,0.46,79,2.4,14.0,13.1,7,4471,6.9,23,31,3,7.1,8,F,si,activo
PAC011718,45,85.4,191,23.4,124,102,147,107,72,107,7.0,210,39,120,269,1.2,100,7.6,47.6,14.7,0,3950,11.0,9,8,1,9.3,8,M,si,ligero
PAC011719,68,95.5,147,44.2,123,75,167,102,89,96,5.3,196,60,137,152,0.58,83,5.8,33.3,16.5,2,4119,5.8,13,0,4,13.2,5,M,no,sedentario
PAC011720,18,68.2,175,22.3,102,83,142,84,55,88,4.8,158,68,105,104,1.05,107,4.0,29.2,12.5,8,12075,8.9,2,0,5,7.9,3,F,no,activo
PAC011721,90,81.9,156,33.7,116,101,171,104,74,108,5.3,199,62,110,260,0.4,57,4.9,38.0,17.7,2,1892,6.0,12,5,4,7.8,6,M,si,sedentario
PAC011722,18,67.7,162,25.8,68,109,115,68,57,93,5.4,124,67,102,125,1.11,93,2.3,46.7,15.2,11,17286,9.2,1,2,8,5.0,3,F,si,sedentario
PAC011723,37,76.9,174,25.4,90,104,116,73,66,84,4.8,167,79,76,40,1.6,101,3.1,43.9,16.3,6,7686,9.3,4,3,5,4.2,3,M,no,ligero
PAC011724,52,73.8,177,23.6,65,116,110,74,59,82,4.9,143,75,123,49,1.29,72,3.2,31.4,14.3,10,15042,10.3,4,5,7,6.6,0,F,no,ligero
PAC011725,56,88.8,195,23.4,114,107,151,77,69,77,6.8,210,25,200,209,0.82,105,1.4,39.4,14.4,1,500,11.0,0,6,2,10.9,6,F,no,sedentario
PAC011726,56,66.6,140,34.0,98,102,164,102,81,104,6.0,245,63,131,156,0.57,75,8.3,40.2,18.1,6,5117,8.8,6,16,1,14.4,8,F,si,activo
PAC011727,34,100.4,205,23.9,106,108,133,82,68,125,7.6,236,38,180,197,1.39,74,1.5,39.8,16.9,0,500,9.2,12,5,2,6.7,10,F,si,sedentario
PAC011728,45,88.2,146,41.4,130,100,153,88,82,126,6.0,186,56,146,163,0.65,80,2.6,30.2,14.6,0,2482,7.0,10,12,3,12.9,6,F,si,ligero
PAC011729,37,70.9,173,23.7,77,117,90,79,63,78,5.2,138,52,115,62,1.03,116,4.3,34.3,15.7,8,10166,8.7,12,0,5,2.0,2,M,si,sedentario
PAC011730,45,62.2,162,23.7,82,103,110,72,60,110,4.9,188,90,101,48,1.31,105,2.0,46.6,14.3,10,17592,11.0,0,6,5,7.4,1,M,no,ligero
PAC011731,74,87.1,191,23.9,120,92,142,75,81,140,6.5,253,40,206,264,1.26,61,4.2,33.2,14.6,1,2255,9.4,18,7,2,10.4,6,M,si,ligero
PAC011732,50,50.3,161,19.4,78,105,126,60,60,70,5.1,160,66,93,141,0.9,78,0.5,34.0,13.4,10,11398,9.3,0,1,3,5.6,0,M,si,ligero
PAC011733,70,93.5,146,43.9,99,100,161,96,75,90,5.5,157,47,151,90,0.65,65,3.2,35.9,16.8,1,5750,4.3,19,11,0,10.9,6,F,si,sedentario
PAC011734,22,56.9,173,19.0,88,76,136,77,93,99,5.9,242,67,85,169,0.99,92,6.4,19.2,10.6,3,8320,8.6,28,22,1,8.0,6,M,no,sedentario
PAC011735,57,83.1,205,19.8,112,95,149,76,88,130,7.7,287,60,101,181,0.99,80,6.8,43.8,14.4,0,500,8.3,0,8,2,11.0,9,F,si,ligero
PAC011736,89,77.7,140,39.6,84,99,154,106,72,89,7.3,220,41,158,165,0.46,86,6.6,32.0,16.8,0,3377,5.6,17,0,2,15.0,5,M,no,sedentario
PAC011737,26,64.9,161,25.0,88,99,124,67,64,80,4.0,166,49,78,53,0.81,117,2.7,35.5,14.7,8,12599,9.3,0,1,7,8.0,0,M,no,ligero
PAC011738,45,74.4,169,26.0,86,110,127,83,59,79,4.7,136,89,122,128,1.17,116,3.2,29.5,13.4,12,14277,7.2,1,0,4,8.1,6,F,no,sedentario
PAC011739,28,74.9,164,27.8,98,91,108,71,45,66,4.4,157,82,95,156,1.14,97,4.3,44.9,15.4,7,11215,10.6,2,3,6,4.1,3,F,no,ligero
PAC011740,27,73.0,168,25.9,79,91,96,73,65,77,5.9,183,62,139,128,0.82,92,1.8,33.5,14.5,9,12899,7.8,0,0,5,6.5,2,F,no,activo
PAC011741,18,53.6,165,19.7,75,88,136,66,98,114,6.1,215,55,169,167,1.22,106,0.2,14.8,11.6,7,8070,9.5,26,15,0,15.4,6,F,no,activo
PAC011742,18,54.1,164,20.1,73,81,114,73,79,60,6.0,186,67,107,160,0.85,87,1.8,31.8,12.0,5,4974,9.1,24,36,2,13.5,9,F,no,ligero
PAC011743,82,84.5,143,41.3,117,90,186,84,83,94,5.4,261,48,128,115,0.51,81,4.3,23.8,16.5,0,6797,6.5,17,4,3,11.6,6,M,no,activo
PAC011744,82,65.1,144,31.4,103,109,155,102,71,95,5.6,277,69,130,212,0.65,79,4.1,41.2,14.6,1,5931,6.9,8,3,1,13.2,7,M,si,ligero
PAC011745,68,100.5,195,26.4,132,116,148,98,76,116,6.7,231,25,131,231,1.0,74,9.0,39.4,14.4,0,500,10.1,9,6,0,11.3,7,M,si,sedentario
PAC011746,28,65.1,155,27.1,60,84,128,80,63,92,4.1,128,57,91,80,1.06,124,1.5,38.9,12.7,14,15850,8.2,0,4,7,8.9,2,M,no,sedentario
PAC011747,60,87.4,140,44.6,111,111,155,103,87,107,5.8,198,59,112,229,0.59,84,8.1,29.7,15.8,0,4582,5.9,15,2,2,11.7,6,M,no,sedentario
PAC011748,22,72.5,161,28.0,97,90,139,73,76,72,5.2,214,61,125,55,1.09,84,0.1,32.2,17.8,11,14174,8.1,2,0,3,2.0,4,F,no,ligero
PAC011749,18,47.0,167,16.9,71,116,103,82,70,68,5.8,156,69,91,134,1.16,129,1.3,27.2,13.4,12,14341,7.2,0,8,7,2.0,4,M,si,sedentario
PAC011750,32,60.1,164,22.3,103,102,106,66,62,65,5.7,142,85,89,154,1.17,102,3.6,29.1,14.3,12,14414,9.0,12,0,7,5.7,5,M,si,ligero
PAC011751,68,99.5,205,23.7,126,113,141,110,91,113,8.2,235,27,193,247,1.41,69,9.2,35.5,17.4,0,500,7.7,16,15,0,9.6,4,M,si,ligero
PAC011752,60,80.4,150,35.7,104,95,147,95,76,101,5.9,215,42,155,201,0.55,76,7.3,40.8,16.1,4,3436,5.7,10,9,0,13.3,10,M,no,activo
PAC011753,38,85.9,154,36.2,73,94,122,62,77,102,6.4,154,77,130,58,1.06,106,2.2,28.3,11.7,3,7562,6.3,20,19,1,6.4,9,F,no,ligero
PAC011754,30,73.8,140,37.7,90,96,128,73,91,70,5.9,191,68,105,75,1.17,98,0.6,22.9,12.1,5,9778,7.8,19,39,3,9.0,6,M,si,sedentario
PAC011755,68,79.2,140,40.4,115,122,167,110,48,119,6.2,231,36,161,345,0.47,71,7.2,32.4,18.8,0,500,5.4,12,12,0,10.6,4,M,no,ligero
PAC011756,44,90.9,194,24.2,109,91,147,68,80,149,6.9,251,53,144,227,1.16,52,5.8,29.8,14.3,0,5574,9.5,11,7,2,10.0,3,M,si,ligero
PAC011757,40,56.3,144,27.2,102,109,112,85,76,84,5.1,188,49,157,181,1.02,97,1.4,33.4,11.0,10,5515,8.0,20,28,2,11.7,10,M,no,activo
PAC011758,34,94.1,205,22.4,122,106,135,72,74,103,7.8,242,34,142,350,1.09,73,7.2,34.0,14.1,0,669,7.0,7,19,1,9.9,7,F,no,sedentario
PAC011759,78,99.6,199,25.2,123,100,133,91,85,120,7.3,231,25,176,251,1.25,85,9.5,44.5,17.1,1,679,10.1,15,5,0,6.4,10,M,si,sedentario
PAC011760,81,90.9,149,40.9,86,100,158,99,74,94,5.3,250,34,133,204,0.89,78,4.9,37.2,17.8,0,4499,4.8,9,21,1,14.2,9,F,si,activo
PAC011761,23,54.6,171,18.7,75,107,90,61,63,77,6.1,150,53,60,96,1.26,101,2.1,36.6,16.2,6,15499,7.4,1,0,8,3.4,3,M,si,sedentario
PAC011762,35,58.1,166,21.1,100,107,105,71,83,94,4.5,201,74,163,40,1.07,100,3.5,41.7,11.5,5,8153,8.0,25,13,0,8.6,7,F,si,sedentario
PAC011763,46,88.9,140,45.4,124,81,180,114,80,107,6.3,212,74,197,228,0.4,89,3.0,29.1,16.2,0,6742,6.8,14,2,0,13.0,5,F,no,ligero
PAC011764,18,50.4,166,18.3,87,110,98,63,59,86,6.2,144,74,115,120,1.01,130,3.6,29.9,15.2,6,12685,8.3,0,4,5,6.9,1,F,no,ligero
PAC011765,44,85.8,140,43.8,98,102,150,96,71,115,6.4,226,36,130,252,0.62,88,2.5,28.0,17.4,5,3776,4.7,7,0,3,12.5,7,M,no,sedentario
PAC011766,76,86.9,197,22.4,114,98,134,93,83,157,8.7,244,50,86,352,1.29,75,6.2,33.8,15.4,1,5303,10.9,13,0,3,13.4,9,F,no,ligero
PAC011767,26,62.6,175,20.4,84,99,105,70,72,71,5.6,184,65,100,81,1.2,90,1.6,40.6,17.5,12,10660,8.6,3,5,6,8.1,5,M,no,ligero
PAC011768,18,63.8,150,28.4,89,79,140,74,77,72,4.7,184,55,163,138,0.83,92,4.1,25.4,11.5,7,9012,7.2,12,33,2,10.1,6,F,no,ligero
PAC011769,40,60.6,172,20.5,78,77,95,93,77,106,5.9,149,57,140,115,1.1,91,4.6,35.1,12.9,7,7482,9.4,12,0,4,4.8,0,F,si,activo
PAC011770,18,59.7,167,21.4,88,98,114,66,52,60,4.4,180,50,75,153,1.31,112,2.0,39.1,14.3,8,17238,7.4,0,0,2,10.2,1,F,si,ligero
PAC011771,61,78.0,205,18.6,118,98,106,77,75,134,8.1,246,37,194,266,0.96,55,7.9,35.9,14.0,0,500,7.4,9,8,2,12.3,6,F,si,sedentario
PAC011772,84,60.4,146,28.3,102,101,176,97,71,76,4.9,197,34,185,272,0.48,15,3.4,28.5,16.4,1,2961,5.0,1,4,0,11.1,6,M,no,sedentario
PAC011773,75,104.9,140,53.5,115,92,168,115,83,116,4.8,221,63,153,212,0.59,75,2.8,36.2,16.3,0,3276,6.1,4,0,0,13.1,9,F,si,sedentario
PAC011774,39,83.0,178,26.2,92,114,130,62,74,105,4.0,180,49,107,140,1.03,106,1.6,16.2,14.1,4,10952,10.1,0,0,7,2.2,2,F,si,sedentario
PAC011775,21,81.7,149,36.8,70,84,118,65,78,79,5.2,196,50,114,120,1.16,108,3.8,24.0,9.8,6,5338,8.7,24,24,0,10.7,1,F,si,sedentario
PAC011776,18,91.2,167,32.7,83,109,129,81,62,92,4.1,138,72,97,152,1.3,127,2.8,45.4,13.5,7,15875,6.9,11,1,7,6.6,1,F,si,activo
PAC011777,77,78.5,149,35.4,102,95,181,102,91,110,6.9,215,45,85,224,0.4,57,5.8,33.9,18.6,4,854,5.3,4,3,5,9.9,7,M,no,sedentario
PAC011778,33,68.4,147,31.7,97,88,126,88,79,122,5.7,228,46,144,59,1.11,91,4.2,18.8,11.8,0,7895,8.4,33,17,0,6.1,8,M,no,ligero
PAC011779,31,61.6,171,21.1,65,106,117,74,57,88,5.5,168,80,140,119,1.05,77,0.8,29.3,16.2,10,14516,7.5,7,7,7,3.3,4,F,no,ligero
PAC011780,71,84.4,159,33.4,115,91,137,87,77,109,6.5,231,44,93,267,0.4,65,6.7,27.4,15.6,0,3939,8.8,2,0,4,11.0,6,F,no,sedentario
PAC011781,18,53.8,161,20.8,84,97,90,66,68,92,6.0,153,74,78,137,1.1,100,1.5,27.8,12.7,8,10553,9.2,23,27,2,5.8,1,F,no,activo
PAC011782,25,77.4,158,31.0,82,81,129,74,81,104,6.7,192,25,90,157,0.8,98,0.1,19.8,13.7,2,7947,7.2,31,26,0,13.6,5,F,no,sedentario
PAC011783,76,89.6,195,23.6,105,102,107,80,86,166,7.0,244,55,134,173,1.38,84,10.5,38.8,15.3,2,3837,8.2,19,0,0,5.8,10,M,no,sedentario
PAC011784,62,89.2,152,38.6,111,84,156,95,82,122,5.7,213,31,166,299,0.73,67,2.6,32.4,16.0,4,500,5.3,12,8,1,16.2,5,M,no,sedentario
PAC011785,57,106.4,197,27.4,106,108,137,82,74,128,6.8,281,25,185,279,0.9,64,8.4,32.9,16.7,1,500,9.2,7,6,0,9.9,6,M,si,sedentario
PAC011786,79,80.7,144,38.9,120,99,147,99,72,111,6.3,187,54,126,122,0.4,47,3.9,31.6,17.6,0,6588,6.8,11,0,3,13.1,7,M,si,ligero
PAC011787,31,72.3,171,24.7,95,102,106,83,67,130,4.5,178,46,107,177,0.85,107,0.1,17.1,14.0,7,11087,7.5,22,18,4,11.6,4,F,no,ligero
PAC011788,58,70.1,140,35.8,72,75,150,107,76,60,5.9,221,48,181,154,0.68,95,9.2,39.6,17.6,2,654,6.5,5,9,2,13.7,5,M,no,sedentario
PAC011789,59,82.8,140,42.2,99,89,164,117,69,99,5.4,285,39,127,229,0.67,80,6.3,32.0,15.4,1,8957,4.8,14,4,3,13.1,6,F,no,ligero
PAC011790,71,68.6,188,19.4,116,95,161,100,70,163,6.9,239,52,122,269,1.22,80,8.2,27.9,16.5,3,5437,8.1,20,9,3,13.2,10,M,no,sedentario
PAC011791,18,78.6,169,27.5,68,125,102,77,53,104,4.3,179,57,81,141,1.07,105,2.4,36.9,14.0,7,11360,8.5,2,4,5,4.7,1,M,no,ligero
PAC011792,83,89.3,146,41.9,118,84,171,93,75,89,6.4,224,68,97,184,0.4,67,3.9,54.9,16.4,0,5046,4.3,7,0,0,11.8,10,M,no,ligero
PAC011793,18,60.6,166,22.0,99,104,122,68,81,90,5.6,244,62,118,115,1.04,130,6.4,34.3,11.0,3,8262,8.3,6,23,0,10.2,5,M,no,activo
PAC011794,66,85.0,143,41.6,89,97,160,88,87,113,6.1,254,39,139,248,0.45,76,7.0,39.6,14.0,1,2325,5.5,18,0,1,12.0,5,M,si,sedentario
PAC011795,18,62.5,160,24.4,75,88,126,71,63,78,6.1,202,79,96,142,0.96,85,2.9,45.3,16.4,11,11351,8.9,0,5,6,4.4,3,F,no,ligero
PAC011796,81,109.1,194,29.0,127,99,126,93,77,118,7.3,220,53,148,233,1.22,81,8.8,32.7,17.9,0,5763,6.3,6,0,0,11.4,6,M,si,sedentario
PAC011797,40,51.4,163,19.3,67,115,114,72,88,96,4.7,138,60,155,110,1.06,99,2.0,35.8,16.1,11,12446,9.6,13,0,5,2.0,3,F,no,sedentario
PAC011798,90,77.8,183,23.2,104,106,127,86,66,114,7.6,242,41,136,178,1.16,123,7.6,34.6,14.0,1,4684,11.0,17,5,4,12.9,4,F,no,sedentario
PAC011799,37,73.4,175,24.0,84,100,94,79,69,100,4.6,198,93,84,169,1.04,99,1.1,48.1,15.5,8,11075,10.6,10,0,8,6.0,3,M,no,sedentario
PAC011800,26,79.7,159,31.5,74,100,119,73,70,86,4.9,160,71,112,142,0.73,97,3.4,29.2,13.6,8,15624,8.2,0,0,4,5.6,3,F,no,ligero
PAC011801,54,108.5,153,46.3,98,102,140,99,88,81,5.4,198,43,142,162,0.4,71,3.4,22.6,15.4,0,500,5.7,0,0,2,10.3,8,M,si,ligero
PAC011802,23,76.7,165,28.2,79,84,137,58,67,98,5.2,150,74,128,76,1.31,100,0.1,35.7,16.1,3,13063,9.9,0,3,4,3.5,5,M,no,ligero
PAC011803,65,83.1,156,34.1,116,98,169,88,63,119,5.2,195,41,120,96,0.63,51,4.5,37.5,13.7,3,5839,4.8,14,0,5,13.8,3,M,no,sedentario
PAC011804,28,57.3,170,19.8,67,110,118,82,67,104,6.2,143,78,142,93,1.4,93,0.1,27.0,16.1,9,13936,7.5,0,0,6,6.1,0,M,si,ligero
PAC011805,45,72.5,140,37.0,116,105,155,110,68,112,5.3,272,42,131,222,0.41,70,3.8,42.9,19.0,5,2228,8.1,14,0,2,18.3,9,F,no,sedentario
PAC011806,65,106.7,205,25.4,104,99,158,85,66,133,5.6,236,33,144,338,1.46,98,8.4,28.8,13.6,0,2743,7.1,19,0,2,9.8,5,F,si,sedentario
PAC011807,63,119.0,194,31.6,84,95,147,79,94,148,7.7,209,39,149,246,1.13,83,4.0,42.5,13.1,0,2603,7.6,26,10,4,10.7,5,M,si,sedentario
PAC011808,57,76.6,171,26.2,79,100,154,65,57,73,4.0,167,34,44,81,0.95,98,4.7,29.8,16.1,15,15599,7.6,10,0,5,9.4,2,F,no,sedentario
PAC011809,63,137.2,178,43.3,134,121,146,85,55,147,6.9,269,25,128,242,1.09,92,6.5,39.0,16.5,0,2573,8.7,12,8,0,8.5,6,M,si,sedentario
PAC011810,90,60.9,198,15.5,99,99,122,91,76,139,7.5,267,29,184,341,1.06,64,4.7,43.4,14.3,2,1164,9.6,13,13,1,12.8,8,F,si,sedentario
PAC011811,48,114.6,205,27.3,145,91,144,94,62,138,8.1,228,36,237,253,0.9,68,8.3,46.2,12.6,0,688,8.3,5,7,1,13.3,10,F,si,ligero
PAC011812,71,83.1,143,40.6,98,93,171,101,72,100,5.8,230,44,152,147,0.4,81,2.8,24.9,13.1,1,3339,6.5,19,8,2,10.5,7,F,si,sedentario
PAC011813,72,105.0,205,25.0,85,104,120,102,67,134,6.9,250,36,131,187,1.41,83,9.8,41.0,16.1,2,5038,9.4,14,0,3,9.9,8,M,no,ligero
PAC011814,24,61.3,170,21.2,62,96,125,81,58,131,5.7,171,52,139,176,1.12,88,0.1,31.4,16.8,12,12926,8.1,5,1,6,4.9,1,M,no,activo
PAC011815,59,59.3,162,22.6,95,101,128,68,64,97,5.1,223,70,127,158,0.99,92,0.8,32.7,16.1,10,17431,9.0,6,1,7,3.3,4,F,no,ligero
PAC011816,27,58.7,176,19.0,85,100,130,68,60,88,4.8,195,65,131,40,1.29,83,4.7,30.4,12.7,7,9864,8.0,6,14,6,5.6,5,M,no,activo
PAC011817,18,57.2,168,20.3,73,112,146,86,47,87,5.0,177,58,116,87,1.22,118,0.6,55.3,16.3,10,14128,10.0,6,1,8,11.9,0,F,no,sedentario
PAC011818,20,51.7,140,26.4,65,84,134,69,74,79,5.2,170,69,147,80,0.9,110,3.8,27.0,12.8,9,7589,7.2,18,29,3,8.7,7,F,no,sedentario
PAC011819,40,76.7,156,31.5,67,95,111,66,82,88,6.2,233,39,130,60,0.83,116,3.0,16.3,11.2,5,8217,7.8,10,25,2,8.0,7,F,no,ligero
PAC011820,46,107.4,186,31.0,92,86,135,86,77,131,7.0,239,36,148,170,1.09,68,6.9,38.1,16.0,0,3181,9.7,2,11,2,10.3,5,M,no,sedentario
PAC011821,56,101.6,194,27.0,121,97,134,93,72,136,7.3,280,43,143,306,1.16,83,9.5,24.3,17.8,0,500,8.8,13,5,2,10.2,4,M,si,activo
PAC011822,18,72.4,153,30.9,91,79,141,72,94,89,6.3,194,43,97,142,0.97,125,4.1,20.1,12.4,4,2679,8.4,20,16,1,12.9,6,F,no,ligero
PAC011823,33,73.3,160,28.6,85,100,108,77,70,98,4.2,174,73,152,46,1.1,65,0.1,36.9,13.2,8,14973,7.2,16,0,7,10.8,1,M,no,sedentario
PAC011824,69,92.9,179,29.0,98,115,157,92,79,138,7.0,267,35,117,240,1.18,94,6.6,18.4,14.8,0,6398,7.9,8,0,2,10.7,5,M,no,sedentario
PAC011825,40,100.0,199,25.3,143,101,130,98,76,128,5.7,281,48,180,265,1.06,62,2.8,31.2,13.2,0,4227,7.4,15,9,2,8.3,4,F,si,activo
PAC011826,60,91.3,177,29.1,100,105,166,85,70,146,6.0,246,49,145,220,1.08,81,6.4,46.2,12.7,0,4443,8.3,18,4,1,6.6,7,F,si,ligero
PAC011827,64,88.7,184,26.2,120,105,144,79,84,132,7.1,245,33,147,216,1.21,87,7.1,37.2,15.0,0,9327,6.5,8,4,0,13.6,9,F,no,sedentario
PAC011828,21,69.2,141,34.8,85,109,107,76,72,70,5.2,204,74,102,40,1.14,102,3.6,24.3,16.4,7,10830,7.5,11,0,4,4.1,4,F,si,sedentario
PAC011829,75,90.4,148,41.3,115,105,140,89,67,111,5.7,210,36,105,134,0.97,44,8.4,14.3,16.3,0,7011,6.4,12,7,1,13.4,7,F,si,sedentario
PAC011830,57,60.4,172,20.4,60,105,120,92,67,95,5.5,157,79,124,70,0.92,79,0.1,14.1,17.3,7,12897,7.8,9,3,5,5.8,4,F,no,sedentario
PAC011831,53,62.7,182,18.9,95,103,127,71,81,87,4.9,219,66,87,134,1.28,104,0.1,23.6,13.9,3,3653,8.8,6,31,1,14.2,6,M,si,sedentario
PAC011832,86,104.5,195,27.5,124,95,137,89,72,175,7.4,213,25,139,280,1.2,73,9.0,36.2,14.9,0,500,9.9,20,10,0,11.5,8,M,no,ligero
PAC011833,33,41.9,172,14.2,91,75,109,71,73,97,4.7,177,71,150,48,0.69,94,2.5,22.6,11.4,5,8894,7.4,15,12,4,2.4,10,M,no,sedentario
PAC011834,85,104.2,195,27.4,120,111,135,80,67,105,7.3,279,25,142,303,0.87,72,5.2,40.8,15.1,0,5342,9.7,18,2,3,7.8,8,F,si,sedentario
PAC011835,27,68.2,159,27.0,61,93,120,73,58,93,4.6,174,78,106,40,1.04,96,0.1,30.3,12.9,10,10882,8.1,0,0,4,5.7,1,M,no,activo
PAC011836,56,112.9,205,26.9,128,90,169,81,72,138,5.9,226,41,143,124,1.28,68,6.9,57.1,14.8,0,1625,8.7,17,12,0,10.4,3,F,no,ligero
PAC011837,30,55.1,162,21.0,73,103,93,76,79,104,5.6,148,74,107,68,0.95,99,1.6,18.5,8.6,1,7940,9.1,8,21,1,11.0,5,M,si,ligero
PAC011838,31,53.8,161,20.8,94,95,107,74,85,87,5.8,187,60,172,117,0.79,90,3.2,26.3,12.5,8,10472,8.7,18,6,2,9.9,5,F,no,ligero
PAC011839,18,86.8,152,37.6,89,89,113,72,91,94,5.3,170,68,121,160,0.9,125,4.3,24.3,11.4,1,11235,7.1,27,16,2,12.7,9,F,no,sedentario
PAC011840,26,72.1,169,25.2,98,92,123,68,73,81,4.4,159,53,65,40,1.18,82,1.9,39.7,16.3,7,12928,8.0,1,3,6,9.6,2,F,si,activo
PAC011841,18,68.7,159,27.2,88,101,111,72,69,87,5.5,182,62,167,192,1.12,100,4.7,45.0,9.3,0,9159,7.9,7,17,5,12.6,5,M,si,ligero
PAC011842,18,94.1,170,32.6,89,93,105,74,85,135,4.5,146,59,85,110,0.84,104,5.7,39.6,12.3,2,11222,7.2,22,25,1,7.4,10,F,no,sedentario
PAC011843,77,90.0,145,42.8,114,108,155,101,67,122,6.6,230,56,180,164,0.4,76,3.4,36.0,15.7,0,6339,4.6,6,0,0,11.2,5,M,no,activo
PAC011844,18,77.4,163,29.1,77,118,137,67,58,77,4.3,175,75,66,124,1.27,95,0.8,27.5,16.3,7,10513,10.2,3,7,4,8.0,5,M,no,sedentario
PAC011845,46,112.6,201,27.9,129,121,152,99,75,121,6.8,253,25,183,250,1.22,86,6.6,46.6,13.7,5,4005,8.2,10,16,4,9.2,2,F,si,ligero
PAC011846,18,73.2,159,29.0,89,91,105,77,76,98,5.3,165,53,134,194,0.94,87,2.9,10.3,12.9,5,7012,6.7,25,14,3,8.0,6,M,no,activo
PAC011847,18,63.1,155,26.3,83,91,103,77,85,73,5.7,168,55,108,80,1.14,88,4.9,34.6,11.8,4,6630,9.5,14,17,1,9.9,6,M,si,sedentario
PAC011848,19,69.1,169,24.2,80,108,113,81,56,83,4.1,174,49,66,128,0.84,119,0.4,41.0,14.3,11,9939,8.5,13,0,5,10.2,0,F,no,activo
PAC011849,22,54.3,177,17.3,62,96,114,79,52,60,5.2,201,84,111,140,1.15,91,3.6,26.4,14.1,10,11894,8.7,8,0,5,7.0,4,M,si,ligero
PAC011850,72,101.3,192,27.5,125,102,132,113,70,160,6.7,261,37,167,287,0.94,51,5.0,47.0,14.0,1,913,8.2,3,6,5,10.0,7,M,si,sedentario
PAC011851,74,66.2,159,26.2,75,96,173,96,73,84,5.7,213,62,147,209,0.42,87,6.3,19.9,17.3,2,5295,5.4,1,4,1,13.5,8,F,si,sedentario
PAC011852,51,87.0,182,26.3,123,97,139,85,74,132,7.5,295,58,129,268,1.8,84,4.1,23.3,13.7,0,4158,10.0,18,8,0,11.3,4,F,no,sedentario
PAC011853,26,84.7,169,29.7,106,99,119,72,64,78,5.7,190,66,121,102,1.12,111,4.7,45.8,15.9,11,14110,9.2,0,0,4,7.1,2,F,no,sedentario
PAC011854,55,85.6,187,24.5,138,95,144,97,73,122,7.5,263,30,144,190,1.28,83,3.9,45.7,15.0,0,500,10.8,9,2,4,8.4,8,M,si,sedentario
PAC011855,25,46.2,174,15.3,60,106,98,68,45,65,4.8,194,80,127,90,1.13,114,2.3,36.3,16.6,9,11199,8.8,8,6,7,4.2,4,F,no,activo
PAC011856,18,61.9,177,19.8,74,99,95,74,52,82,6.0,221,70,149,77,1.08,116,2.6,25.1,15.9,8,9549,9.3,14,9,6,7.4,6,M,no,activo
PAC011857,33,54.6,160,21.3,78,107,137,66,52,72,6.6,188,77,89,131,1.4,98,1.1,50.5,12.5,3,11035,8.5,4,8,6,5.2,2,F,no,sedentario
PAC011858,18,62.4,159,24.7,91,88,119,71,61,92,6.3,204,55,136,131,1.0,100,1.1,17.7,12.4,10,10584,8.3,16,40,5,10.7,9,M,si,activo
PAC011859,55,97.2,140,49.6,102,76,179,94,94,122,6.0,237,38,137,168,0.62,65,6.5,45.9,16.5,3,11689,6.7,3,5,4,15.3,7,M,si,ligero
PAC011860,70,94.6,193,25.4,114,116,149,84,82,117,6.8,275,35,194,125,1.11,78,5.8,24.5,14.6,1,7014,8.2,3,6,3,12.3,10,M,no,activo
PAC011861,68,95.5,198,24.4,114,114,131,83,90,146,6.8,234,55,150,342,1.13,80,5.8,35.8,16.1,2,3967,9.4,14,19,4,11.5,5,F,si,sedentario
PAC011862,70,97.1,186,28.1,114,92,152,66,79,107,8.2,227,25,195,297,1.13,113,5.8,19.9,14.6,0,500,11.0,8,11,0,11.5,10,F,no,sedentario
PAC011863,73,72.8,167,26.1,79,96,156,95,91,78,5.9,185,27,149,113,0.65,68,4.2,24.8,14.9,0,2695,6.3,9,0,4,18.4,5,F,si,sedentario
PAC011864,35,66.2,160,25.9,99,91,118,77,65,91,5.6,169,57,69,146,1.16,116,2.7,48.1,16.7,4,8746,6.7,0,7,8,4.2,3,M,no,activo
PAC011865,43,73.3,153,31.3,73,85,112,89,88,105,6.0,159,53,100,85,0.62,118,2.4,42.0,11.2,6,9646,7.1,16,26,3,9.7,8,M,no,ligero
PAC011866,69,86.0,204,20.7,92,106,143,89,83,127,8.2,282,49,177,233,0.99,101,8.7,43.2,14.2,3,5147,8.8,18,2,1,10.3,8,F,no,sedentario
PAC011867,18,44.6,142,22.1,60,79,132,60,106,94,5.5,178,61,106,238,1.04,78,3.1,20.3,13.1,3,6927,11.0,27,31,3,4.5,6,F,si,activo
PAC011868,67,94.5,143,46.2,109,84,143,100,66,90,5.6,204,49,153,152,0.45,62,3.7,33.8,15.1,0,5208,7.5,7,0,1,14.4,8,M,si,sedentario
PAC011869,90,75.1,180,23.2,134,94,140,80,73,143,8.3,295,25,204,263,1.43,107,7.3,46.0,15.5,0,2566,7.5,21,9,2,10.3,3,M,no,sedentario
PAC011870,20,60.7,150,27.0,60,100,113,74,53,60,6.3,207,48,139,51,1.19,95,3.0,41.5,14.1,5,15993,7.5,0,0,6,9.3,0,M,no,ligero
PAC011871,83,106.1,187,30.3,113,99,162,81,69,154,8.4,281,44,164,310,1.17,77,7.0,61.1,16.1,2,2676,9.1,21,7,1,12.8,9,M,no,sedentario
PAC011872,69,100.7,205,24.0,106,87,107,78,85,154,7.4,267,55,188,253,1.22,73,5.1,38.5,12.8,1,1995,8.2,18,23,4,12.6,9,F,no,ligero
PAC011873,23,49.4,171,16.9,64,97,115,61,83,90,4.7,170,50,88,67,0.61,92,0.1,16.9,16.6,12,6970,9.3,0,0,5,5.2,4,F,no,activo
PAC011874,34,54.7,153,23.4,84,83,130,76,71,80,4.7,181,49,100,118,0.73,95,4.4,27.6,14.1,3,7651,7.8,20,22,1,8.3,9,F,si,sedentario
PAC011875,32,66.6,163,25.1,73,87,157,60,69,89,5.3,146,55,106,121,0.88,114,0.1,36.5,14.1,1,7496,7.5,17,20,2,8.0,8,F,no,sedentario
PAC011876,90,90.7,150,40.3,102,86,149,97,85,119,5.3,241,72,132,211,0.4,48,5.1,30.2,14.5,1,5220,5.5,8,10,1,16.2,10,F,si,activo
PAC011877,69,91.6,180,28.3,136,108,129,78,78,108,7.6,254,46,122,225,1.06,81,10.8,53.3,16.8,5,2422,7.6,0,2,2,10.6,8,F,si,sedentario
PAC011878,60,56.6,140,28.9,120,99,155,104,84,132,6.5,268,26,169,182,0.4,99,2.3,23.4,15.5,0,3252,5.8,10,12,0,15.4,5,M,si,sedentario
PAC011879,66,73.2,140,37.3,88,102,157,113,72,103,7.3,233,32,173,175,0.4,79,5.2,32.0,17.1,0,2677,4.8,1,11,2,15.6,5,F,no,sedentario
PAC011880,86,108.2,149,48.7,98,90,178,99,83,89,5.1,230,38,167,200,0.4,56,0.2,24.9,14.8,0,4351,6.3,0,7,5,10.0,9,F,si,sedentario
PAC011881,24,54.7,151,24.0,69,108,128,79,74,64,4.4,156,51,88,82,0.97,93,1.6,40.1,13.9,6,9151,9.3,10,13,5,7.1,0,M,no,sedentario
PAC011882,67,89.4,182,27.0,121,108,163,102,88,116,7.3,198,25,168,244,1.31,57,6.9,38.3,12.9,0,4934,10.2,11,15,2,11.8,7,M,no,ligero
PAC011883,32,54.3,147,25.1,68,112,138,68,58,77,4.7,145,59,152,131,1.37,117,0.9,35.6,15.5,11,14970,8.5,4,5,3,5.2,3,F,no,sedentario
PAC011884,28,50.7,166,18.4,86,82,140,78,87,67,4.0,192,58,84,40,1.02,117,6.2,10.2,13.7,7,8172,7.8,20,10,2,9.2,7,F,no,sedentario
PAC011885,18,63.5,168,22.5,65,100,114,63,67,95,5.5,122,43,97,40,1.2,93,0.6,33.9,14.6,8,9200,6.4,0,0,1,2.0,7,F,si,activo
PAC011886,18,57.1,155,23.8,80,94,114,67,86,97,4.8,158,41,101,122,1.1,103,4.0,8.2,13.0,2,5604,8.5,17,27,0,8.6,8,F,no,activo
PAC011887,37,94.7,141,47.6,94,99,152,101,101,110,6.5,283,33,118,149,0.4,80,6.1,29.7,13.9,0,3684,6.2,10,6,2,13.4,8,F,si,sedentario
PAC011888,24,63.2,157,25.6,70,86,119,93,62,89,5.3,173,66,115,107,0.67,89,1.1,41.7,12.6,11,9196,8.1,0,3,6,5.2,3,M,no,ligero
PAC011889,53,99.9,205,23.8,135,84,127,90,85,138,6.3,215,43,147,288,0.99,75,6.8,49.0,15.1,1,3812,7.9,19,2,2,12.2,5,F,no,ligero
PAC011890,18,73.6,147,34.1,82,106,117,68,87,99,5.6,179,50,162,115,0.7,76,2.4,24.9,11.8,5,5818,7.9,20,25,1,9.2,7,F,no,sedentario
PAC011891,72,89.5,189,25.1,130,114,117,90,70,143,8.3,197,36,171,345,1.17,58,7.3,63.8,15.1,0,7138,10.4,15,3,0,9.4,5,M,no,ligero
PAC011892,90,105.6,140,53.9,101,103,143,87,68,99,5.5,200,63,141,40,0.4,67,5.5,21.2,14.8,0,2283,5.4,6,0,5,15.3,4,M,si,sedentario
PAC011893,90,79.8,144,38.5,100,106,172,92,63,80,4.8,220,35,143,141,0.52,78,3.3,41.9,15.5,3,6403,6.7,13,10,3,15.8,10,M,no,ligero
PAC011894,32,64.3,164,23.9,84,111,136,71,67,63,5.7,162,66,53,167,0.99,64,0.1,38.6,15.7,7,14932,10.8,16,8,4,11.6,5,M,no,ligero
PAC011895,44,62.4,156,25.6,106,86,121,87,84,95,4.8,208,67,110,147,0.97,71,7.3,31.2,10.4,4,6881,9.1,22,17,3,6.9,7,F,no,activo
PAC011896,23,58.8,140,30.0,85,93,107,76,49,89,4.8,246,65,75,40,1.09,79,0.1,26.8,15.5,10,10334,8.8,15,0,6,13.3,3,M,no,sedentario
PAC011897,18,62.1,147,28.7,84,90,104,86,93,83,5.7,173,55,104,130,1.3,115,3.5,29.9,13.7,5,8223,8.5,20,24,3,12.4,9,M,no,sedentario
PAC011898,71,121.9,194,32.4,116,105,154,78,87,139,8.5,255,50,158,229,1.08,37,4.7,44.4,17.0,0,5291,8.4,18,1,3,11.4,8,F,si,sedentario
PAC011899,41,60.5,172,20.5,87,100,99,76,56,101,6.0,127,64,60,74,1.12,105,0.7,45.9,14.2,15,16503,10.8,13,1,5,7.8,8,F,si,ligero
PAC011900,27,59.7,163,22.5,76,100,107,66,63,60,4.5,153,84,117,104,1.25,109,0.1,20.0,11.0,12,9316,7.9,5,1,7,4.1,0,F,no,ligero
PAC011901,22,63.4,148,28.9,60,116,110,83,66,69,5.7,182,78,108,131,1.22,96,0.1,22.3,15.4,12,9609,7.3,0,1,7,6.9,0,M,no,ligero
PAC011902,55,84.7,153,36.2,96,92,159,96,61,107,6.3,259,43,147,172,0.79,78,7.7,23.2,12.3,0,4758,5.8,18,9,0,13.4,7,F,no,sedentario
PAC011903,18,68.8,160,26.9,94,102,97,75,80,78,6.2,231,61,145,167,0.73,92,7.0,5.0,13.7,0,10276,8.1,27,8,2,12.4,4,F,si,activo
PAC011904,18,77.9,157,31.6,68,103,114,62,65,86,4.2,196,74,75,85,1.2,116,0.1,36.8,14.0,10,13222,8.5,0,0,5,5.6,0,M,no,sedentario
PAC011905,68,91.1,199,23.0,111,106,145,75,84,138,8.3,240,48,128,227,1.3,78,6.4,39.7,12.2,0,4704,9.7,17,2,1,11.0,5,F,no,sedentario
PAC011906,72,86.4,202,21.2,111,115,119,90,69,114,8.4,211,25,151,300,1.26,66,8.6,41.6,13.2,5,1835,9.7,7,10,0,12.5,10,F,no,sedentario
PAC011907,66,121.5,160,47.5,99,106,144,107,83,107,6.0,273,58,148,188,0.4,70,4.5,29.5,18.0,2,4247,6.9,14,7,2,12.5,2,M,si,sedentario
PAC011908,51,78.3,160,30.6,78,100,109,71,59,85,5.5,166,65,115,40,0.81,108,1.5,51.0,14.0,10,17411,8.2,5,6,5,5.8,3,F,no,ligero
PAC011909,71,91.4,143,44.7,121,111,157,107,79,99,6.1,191,52,129,159,0.4,73,1.0,42.9,14.4,4,3510,5.9,22,4,4,12.2,9,M,si,activo
PAC011910,72,81.6,174,27.0,82,96,146,65,49,106,4.0,168,67,91,73,1.0,109,0.1,34.0,15.3,3,9555,8.0,1,5,7,2.0,4,F,si,ligero
PAC011911,39,80.0,163,30.1,99,85,120,87,84,75,5.0,209,81,94,146,1.09,88,3.5,19.6,11.0,4,7293,6.5,19,36,1,8.0,6,M,no,ligero
PAC011912,27,71.7,164,26.7,75,89,124,77,64,106,5.9,161,64,131,123,0.65,90,0.7,17.3,12.3,4,9458,7.1,13,26,2,11.3,8,M,no,sedentario
PAC011913,81,89.9,142,44.6,95,102,160,99,83,112,5.1,275,30,146,216,0.7,89,3.6,32.4,15.9,2,4426,6.6,2,1,2,17.2,3,M,si,ligero
PAC011914,20,81.1,165,29.8,71,99,116,66,83,91,4.6,200,70,80,40,0.93,95,0.5,45.3,13.5,9,18128,7.8,1,2,5,10.0,10,F,si,ligero
PAC011915,18,64.1,157,26.0,85,99,112,74,80,93,4.6,221,59,122,170,0.81,94,1.2,23.5,11.4,4,7348,8.1,16,15,3,8.1,7,F,si,activo
PAC011916,28,59.9,160,23.4,99,94,143,75,77,64,5.0,170,85,91,40,0.86,101,3.4,33.5,14.3,5,12460,10.7,8,0,4,4.3,5,M,si,sedentario
PAC011917,80,90.2,147,41.7,105,110,178,97,69,124,6.6,235,48,88,143,0.48,61,0.1,31.2,17.3,3,2788,6.1,19,1,4,13.4,7,F,si,ligero
PAC011918,61,65.6,160,25.6,76,94,113,77,57,99,4.5,191,58,61,113,1.12,130,1.1,23.2,15.6,15,12943,9.2,10,5,6,8.9,3,F,no,sedentario
PAC011919,64,80.5,154,33.9,101,106,154,103,61,93,5.8,234,48,136,205,0.53,71,5.6,32.0,18.1,1,6801,7.1,9,7,3,7.4,5,M,no,ligero
PAC011920,18,43.2,165,15.9,83,109,129,62,69,97,4.6,159,73,103,121,1.09,101,0.6,28.7,17.8,10,13460,10.2,2,0,4,4.3,4,F,no,ligero
PAC011921,38,73.9,165,27.1,80,85,110,72,102,102,6.3,174,34,77,152,0.75,105,0.1,32.0,11.0,1,10275,8.9,26,26,4,7.8,7,F,si,activo
PAC011922,55,82.1,205,19.5,104,97,121,89,87,135,7.3,234,41,169,194,0.99,71,4.0,39.7,17.2,0,6199,8.7,4,8,2,12.2,9,F,si,sedentario
PAC011923,23,79.3,173,26.5,71,97,117,64,51,94,5.0,170,58,42,73,1.02,121,0.9,30.4,11.4,11,10739,7.9,6,8,5,4.8,4,F,si,ligero
PAC011924,27,58.8,154,24.8,89,93,140,96,88,91,4.4,154,61,106,159,1.12,118,5.2,18.6,11.2,4,8259,7.3,13,17,0,10.4,8,M,si,sedentario
PAC011925,72,94.2,140,48.1,118,93,158,106,69,93,5.0,176,51,166,126,0.78,70,5.1,37.0,16.9,2,3219,4.9,14,0,2,13.2,9,M,no,ligero
PAC011926,58,87.6,194,23.3,108,95,136,91,68,120,6.5,214,25,191,225,0.84,66,6.4,33.8,14.8,0,1450,9.6,2,0,2,10.2,8,M,si,ligero
PAC011927,77,107.1,198,27.3,126,104,149,94,83,121,7.0,252,25,156,197,0.83,89,4.7,46.7,14.3,0,3276,9.3,11,13,1,8.7,9,F,no,sedentario
PAC011928,20,64.4,149,29.0,70,90,128,69,76,74,4.9,246,69,94,91,0.93,96,0.1,10.6,13.9,5,8132,9.4,0,32,0,5.8,5,F,si,sedentario
PAC011929,26,67.7,167,24.3,71,113,99,65,71,76,4.1,131,74,82,138,0.91,86,1.7,33.0,14.8,14,14757,9.5,7,6,7,9.0,1,M,no,ligero
PAC011930,74,88.9,151,39.0,107,90,168,93,79,86,6.0,241,45,74,229,0.63,69,3.0,15.2,15.0,0,500,6.0,5,0,4,13.3,6,M,no,sedentario
PAC011931,45,54.5,160,21.3,81,93,108,51,60,84,5.3,222,69,95,101,1.24,59,0.1,43.4,15.7,10,14447,9.5,3,7,8,8.1,5,M,no,sedentario
PAC011932,83,89.7,200,22.4,112,92,157,83,72,140,6.8,222,48,130,238,1.09,72,4.5,59.6,13.7,0,2148,10.8,4,0,1,8.7,8,F,si,sedentario
PAC011933,54,97.1,149,43.7,81,106,150,92,69,122,6.7,201,36,211,231,0.5,92,2.6,33.4,14.5,4,3693,7.0,1,8,3,13.2,8,F,si,sedentario
PAC011934,64,94.1,187,26.9,107,104,142,82,81,131,6.9,170,25,144,267,1.16,102,5.5,44.4,16.3,0,2080,10.4,5,14,2,6.1,8,M,si,sedentario
PAC011935,58,84.5,194,22.5,115,87,137,83,79,104,5.8,200,29,170,361,1.16,76,6.6,40.5,14.2,0,3360,7.1,15,0,3,7.9,7,M,si,sedentario
PAC011936,59,99.8,167,35.8,66,108,106,65,60,80,4.1,156,78,106,135,0.85,93,2.2,26.5,14.3,6,13418,8.8,0,5,5,5.6,0,M,no,sedentario
PAC011937,18,63.0,158,25.2,72,91,109,64,66,74,6.2,201,61,109,40,1.21,94,0.1,40.6,13.1,11,12206,7.3,0,2,5,8.5,5,F,si,sedentario
PAC011938,46,65.8,173,22.0,65,85,111,58,52,88,4.8,176,62,119,89,0.92,105,0.3,39.6,15.0,8,9842,10.0,5,2,5,4.5,1,M,si,ligero
PAC011939,40,86.2,149,38.8,103,112,150,89,76,103,6.1,238,46,156,197,0.41,83,5.4,51.5,19.0,0,3448,5.1,8,7,0,11.5,4,M,no,sedentario
PAC011940,38,65.7,150,29.2,108,96,175,104,89,139,5.5,184,50,146,178,0.4,90,3.2,37.2,16.2,0,5731,5.7,16,0,1,13.8,9,F,no,sedentario
PAC011941,18,69.5,165,25.5,85,93,126,89,78,115,5.7,230,46,113,56,0.76,118,0.1,27.9,12.7,2,11707,8.2,12,18,2,7.0,10,F,si,sedentario
PAC011942,66,108.8,191,29.8,118,108,156,90,90,146,6.7,248,25,167,317,1.11,85,5.3,33.9,15.3,0,5204,8.4,15,7,0,10.8,9,F,no,ligero
PAC011943,66,83.3,140,42.5,81,94,159,90,81,103,6.5,278,44,158,183,0.4,62,6.6,25.4,17.9,2,6826,6.1,14,14,2,10.1,2,M,no,sedentario
PAC011944,23,59.4,156,24.4,76,123,118,73,62,87,5.2,194,63,112,114,0.88,86,0.6,45.9,15.7,7,10932,7.4,8,0,6,6.4,2,F,no,ligero
PAC011945,81,91.3,198,23.3,116,95,162,83,90,145,6.8,210,40,176,315,1.26,62,7.1,36.9,14.3,0,3233,7.5,21,3,1,12.2,2,M,no,ligero
PAC011946,48,102.5,198,26.1,108,122,119,84,74,104,7.2,223,30,145,287,1.39,60,3.4,47.4,16.6,0,1165,8.6,21,2,1,17.1,6,F,si,sedentario
PAC011947,71,79.5,190,22.0,128,82,128,92,68,129,7.6,216,56,131,216,1.15,76,7.1,39.2,15.5,0,500,9.2,8,4,2,9.5,9,M,no,sedentario
PAC011948,72,73.9,145,35.1,100,93,149,109,71,94,6.4,174,61,167,109,0.51,112,3.0,49.7,15.0,3,7370,6.5,12,0,4,14.0,10,F,no,sedentario
PAC011949,21,65.2,168,23.1,84,101,107,78,66,84,5.7,182,70,85,92,0.87,117,0.1,44.3,14.6,13,10065,7.4,0,0,4,4.1,3,F,no,ligero
PAC011950,71,79.2,196,20.6,131,107,126,90,82,142,6.8,206,42,172,267,0.95,77,12.9,41.2,12.6,2,500,9.3,3,3,0,10.6,7,F,si,sedentario
PAC011951,18,75.8,166,27.5,82,100,120,81,85,91,5.6,170,51,118,61,0.78,85,4.8,19.5,10.3,6,9878,7.8,12,21,4,8.4,8,M,si,activo
PAC011952,70,90.5,200,22.6,102,116,122,82,76,133,7.5,214,37,155,262,1.3,63,12.1,45.7,16.8,0,4585,10.1,17,2,3,15.6,9,F,si,activo
PAC011953,80,88.8,140,45.3,98,115,156,95,79,96,4.9,170,34,146,161,0.4,97,3.7,30.2,17.3,2,7103,5.4,10,7,0,13.6,6,M,no,sedentario
PAC011954,69,88.7,159,35.1,78,103,164,116,66,145,5.7,221,59,116,103,0.59,52,7.7,27.2,18.7,0,5585,6.0,18,0,2,12.4,6,M,si,ligero
PAC011955,59,98.5,205,23.4,128,100,151,81,75,123,7.2,261,39,122,163,1.23,91,7.9,24.4,17.0,0,500,8.8,9,9,1,9.1,9,M,si,activo
PAC011956,65,97.7,196,25.4,106,100,142,80,57,120,6.5,282,34,199,207,1.23,69,10.3,37.0,14.3,2,500,11.0,1,13,2,6.9,9,M,si,ligero
PAC011957,25,69.1,170,23.9,73,91,133,76,72,98,5.0,128,70,79,142,1.25,110,0.1,46.6,15.4,4,4585,7.3,1,8,6,6.4,3,M,no,ligero
PAC011958,82,57.5,158,23.0,103,99,187,106,66,90,4.6,220,29,123,131,0.45,73,4.4,27.7,17.7,1,4974,8.2,0,18,0,13.2,1,F,si,sedentario
PAC011959,18,63.6,151,27.9,94,95,116,75,85,91,4.6,154,49,114,85,0.99,88,4.4,12.8,12.5,0,12745,8.2,14,11,2,10.9,7,F,no,sedentario
PAC011960,75,97.8,191,26.8,130,95,133,67,92,122,5.9,192,44,155,238,1.11,84,6.8,33.7,13.8,0,3229,6.9,9,14,0,10.0,8,F,si,sedentario
PAC011961,69,70.2,152,30.4,114,93,140,92,56,98,5.9,228,25,138,195,0.45,51,4.6,10.0,16.2,3,1373,6.4,21,0,4,14.3,5,M,si,ligero
PAC011962,59,84.1,205,20.0,105,86,149,91,77,129,7.2,179,42,147,366,1.03,71,11.8,32.3,14.3,0,3014,7.9,9,13,0,12.4,5,F,no,ligero
PAC011963,20,64.6,140,33.0,91,100,116,81,90,89,5.2,255,58,89,126,1.05,95,0.4,13.7,11.4,8,10046,8.5,27,18,0,9.4,5,M,no,ligero
PAC011964,25,66.7,168,23.6,79,96,112,83,59,64,4.9,183,58,108,40,1.31,117,0.1,48.8,15.3,10,16835,7.6,8,5,4,6.5,1,F,no,activo
PAC011965,84,83.5,156,34.3,98,104,157,83,88,107,5.1,242,49,165,111,0.42,70,4.1,29.1,16.2,0,1149,6.3,4,7,0,17.6,10,M,no,sedentario
PAC011966,18,40.0,153,17.1,85,108,130,73,79,97,4.0,188,62,98,40,0.54,71,1.0,17.2,12.7,4,8125,7.7,15,15,3,10.9,8,F,no,activo
PAC011967,65,98.9,200,24.7,119,81,131,90,83,105,7.2,232,37,114,214,1.0,52,11.9,20.6,16.8,0,7157,9.2,8,11,0,10.9,9,F,no,sedentario
PAC011968,83,74.2,144,35.8,118,96,157,101,59,92,7.5,213,25,165,212,0.4,59,1.9,23.7,18.1,0,2172,7.3,30,0,3,11.7,10,F,si,activo
PAC011969,51,73.6,189,20.6,128,127,148,72,95,155,7.2,261,41,113,252,1.43,86,6.5,43.9,11.7,0,3323,8.4,10,4,2,8.9,10,F,si,sedentario
PAC011970,48,97.4,191,26.7,113,95,126,87,66,130,6.7,257,31,173,262,1.13,79,4.9,35.4,15.3,0,5662,9.1,7,2,1,10.8,4,F,si,sedentario
PAC011971,74,66.6,140,34.0,109,107,145,85,84,82,6.9,208,43,141,201,0.58,70,5.4,45.5,17.2,0,2038,5.9,6,0,1,12.5,10,M,no,sedentario
PAC011972,78,88.5,147,41.0,104,92,156,102,79,109,6.0,277,54,150,150,0.68,47,0.3,39.3,15.7,1,4506,6.4,14,1,2,14.9,5,M,si,sedentario
PAC011973,64,81.6,197,21.0,107,104,141,79,108,135,7.8,264,36,147,280,1.07,77,6.4,38.7,16.0,2,500,9.8,11,2,4,10.7,4,F,si,ligero
PAC011974,77,101.8,200,25.4,122,103,151,97,83,115,7.6,266,25,141,113,1.14,83,7.6,44.6,17.5,0,6235,10.2,22,3,2,13.6,7,M,si,ligero
PAC011975,26,44.2,159,17.5,94,109,116,66,56,101,4.1,172,57,99,111,0.8,98,0.1,39.6,17.5,12,13849,7.6,13,7,8,4.7,4,M,no,ligero
PAC011976,72,116.2,157,47.1,111,116,164,90,87,98,6.1,270,31,123,152,0.4,91,3.9,23.6,16.7,2,5210,6.5,15,0,5,7.1,8,M,si,sedentario
PAC011977,63,77.0,199,19.4,130,118,120,66,72,134,7.1,280,45,76,260,1.23,92,3.5,37.2,16.0,1,8166,9.1,23,9,0,7.1,5,F,si,activo
PAC011978,32,65.3,176,21.1,82,113,104,69,60,112,4.1,155,58,121,210,1.53,116,0.1,27.4,12.7,9,11266,10.0,0,0,5,8.6,4,F,no,ligero
PAC011979,18,77.0,152,33.3,84,104,136,76,90,98,6.0,172,46,129,139,0.66,96,2.8,22.8,9.8,3,11820,9.1,18,11,0,11.7,9,F,no,ligero
PAC011980,68,94.2,190,26.1,96,99,119,89,77,159,8.2,263,36,200,272,1.11,81,4.5,25.0,15.1,1,3335,7.3,12,0,0,13.2,7,F,si,sedentario
PAC011981,32,57.6,156,23.7,85,112,95,70,84,86,5.2,228,76,132,129,1.15,111,2.1,43.3,17.4,7,13238,8.1,0,0,5,5.8,2,M,no,ligero
PAC011982,18,62.9,170,21.8,93,108,123,72,61,100,5.2,193,72,84,158,1.06,115,2.6,40.8,14.5,7,11698,7.6,12,11,5,4.9,3,F,no,activo
PAC011983,42,68.4,188,19.4,87,107,96,72,67,92,4.9,178,67,146,86,1.37,86,3.3,39.3,14.0,9,11737,9.3,7,2,5,5.2,1,M,no,activo
PAC011984,90,107.8,194,28.6,100,95,150,87,86,133,7.1,219,46,199,270,0.99,94,6.8,30.7,14.0,0,2050,7.5,3,8,3,7.8,7,F,si,sedentario
PAC011985,24,73.6,162,28.0,60,76,92,71,61,78,4.8,127,67,108,91,0.91,112,4.7,30.0,14.3,12,11491,7.9,0,0,7,7.1,1,F,no,sedentario
PAC011986,53,102.9,193,27.6,115,103,133,65,73,111,5.8,255,62,160,284,1.2,97,9.7,35.4,16.1,0,500,9.0,22,0,4,7.5,5,M,si,activo
PAC011987,41,76.0,165,27.9,80,95,108,67,71,91,5.5,182,72,119,102,1.31,90,1.0,30.9,15.7,10,15662,8.1,1,0,5,8.4,0,M,si,ligero
PAC011988,42,88.1,153,37.6,78,96,113,87,71,68,4.9,125,65,79,118,1.13,115,1.3,37.9,15.2,6,12918,7.8,8,8,6,2.0,5,M,no,activo
PAC011989,58,115.5,205,27.5,122,115,150,88,68,133,6.9,262,25,153,251,1.18,92,6.6,47.8,14.7,0,929,9.6,8,18,3,12.5,7,F,no,sedentario
PAC011990,64,74.4,151,32.6,110,85,143,113,76,106,6.2,167,31,84,281,0.41,25,5.8,38.9,14.5,2,2792,5.9,5,0,2,10.6,10,F,no,activo
PAC011991,26,69.2,163,26.0,67,78,110,90,68,76,5.5,202,77,112,40,0.91,97,0.1,20.2,17.8,7,13245,9.0,15,0,7,6.4,1,M,no,ligero
PAC011992,41,40.0,168,14.2,86,92,106,59,89,76,5.3,176,74,130,159,0.93,97,3.4,14.0,12.9,6,10064,7.8,21,20,1,8.9,8,F,no,ligero
PAC011993,29,55.0,180,17.0,91,96,127,50,72,76,5.3,180,90,112,82,1.19,115,1.1,39.1,16.4,11,11926,8.3,14,0,5,7.2,0,M,no,ligero
PAC011994,34,71.4,166,25.9,66,95,128,64,64,60,6.0,205,74,82,54,1.18,124,0.2,37.0,14.5,12,14218,7.2,2,2,9,2.0,1,M,no,ligero
PAC011995,90,90.3,144,43.5,104,112,150,90,70,113,6.9,236,49,122,180,0.44,81,6.2,36.0,16.2,0,1581,5.6,8,7,2,13.9,7,F,no,sedentario
PAC011996,86,76.9,140,39.2,103,100,135,111,71,107,5.7,190,69,168,127,1.06,77,5.3,41.4,16.6,2,4356,6.2,0,0,2,9.5,4,F,no,sedentario
PAC011997,18,66.4,175,21.7,80,89,130,68,72,102,4.0,154,70,105,40,0.85,113,1.2,33.6,14.1,11,18147,9.1,0,6,6,5.1,3,F,no,activo
PAC011998,58,106.5,182,32.2,86,84,150,87,74,89,8.5,215,38,145,220,1.35,87,5.2,33.7,14.1,0,1749,9.2,19,3,3,11.7,10,F,no,sedentario
PAC011999,53,81.6,163,30.7,60,104,113,82,70,69,4.9,169,43,90,40,0.76,78,2.4,39.1,14.7,8,13334,8.2,8,0,4,5.7,0,F,si,ligero
PAC012000,80,95.1,192,25.8,136,83,136,85,84,133,7.7,181,38,63,297,1.25,88,7.3,16.3,11.7,0,3564,8.7,20,3,2,11.6,5,M,no,sedentario
PAC012001,62,89.9,163,33.8,92,108,167,88,57,95,5.0,216,26,166,215,0.46,67,4.5,35.0,15.4,2,1432,6.3,15,0,3,13.0,10,M,si,sedentario
PAC012002,24,78.6,157,31.9,90,91,104,50,76,93,4.5,220,53,93,144,1.16,90,3.0,35.6,12.6,3,4324,8.1,6,22,2,16.1,10,F,no,activo
PAC012003,75,86.0,150,38.2,97,89,185,90,91,128,5.1,171,52,91,221,0.4,59,6.4,16.6,13.4,3,6217,5.5,8,2,2,10.1,7,F,si,sedentario
PAC012004,86,81.3,151,35.7,86,98,141,92,82,102,4.9,212,43,178,123,0.4,106,6.4,37.6,14.3,0,4841,4.7,13,0,0,10.8,6,M,no,sedentario
PAC012005,60,84.3,194,22.4,136,99,136,88,75,145,7.2,271,43,164,243,1.13,57,10.5,25.1,16.6,0,3588,10.6,15,0,2,10.9,3,M,si,ligero
PAC012006,35,106.2,153,45.4,99,81,132,81,71,71,4.6,237,66,111,149,1.2,99,3.6,36.9,14.8,10,9219,7.7,7,6,4,3.2,3,F,no,ligero
PAC012007,60,87.2,174,28.8,103,102,145,85,93,119,7.4,230,31,153,367,1.28,102,5.6,28.8,17.2,0,3031,7.2,28,11,1,14.4,6,F,si,sedentario
PAC012008,37,50.4,174,16.6,64,87,111,63,52,78,4.6,153,55,112,68,0.91,103,0.6,46.4,15.5,1,14072,9.8,1,0,5,2.0,5,M,si,ligero
PAC012009,46,74.4,153,31.8,65,112,110,67,95,93,6.0,184,65,154,169,0.99,102,8.0,18.8,12.8,7,11823,7.6,19,30,2,8.6,3,M,si,sedentario
PAC012010,71,77.6,205,18.5,106,84,145,89,89,145,8.3,145,47,169,184,1.03,82,9.8,39.2,15.3,0,843,8.9,4,13,3,9.2,6,M,no,sedentario
PAC012011,21,68.6,162,26.1,85,101,117,54,92,82,5.6,130,70,83,193,1.05,99,6.2,5.0,11.9,4,4593,8.8,14,15,4,7.2,10,F,no,sedentario
PAC012012,75,92.3,159,36.5,97,82,158,104,64,97,5.7,151,47,140,90,0.45,76,3.1,38.5,18.5,2,3460,6.4,9,0,0,13.7,5,M,no,ligero
PAC012013,47,94.1,205,22.4,102,95,149,97,93,141,7.4,257,27,167,308,1.13,82,7.0,29.4,13.6,0,5215,9.1,16,6,0,13.5,10,M,no,sedentario
PAC012014,38,90.2,197,23.2,129,110,140,88,82,146,7.4,223,33,177,306,1.05,70,5.6,38.8,15.0,2,6734,10.7,14,6,3,11.8,7,F,si,ligero
PAC012015,19,68.8,155,28.6,80,108,131,71,55,86,5.0,159,66,84,60,1.29,118,2.0,52.9,14.9,6,9718,8.3,0,0,6,3.2,2,M,no,ligero
PAC012016,18,56.6,159,22.4,60,86,122,77,78,101,4.5,203,60,89,40,1.06,82,0.1,44.8,17.5,6,11823,8.7,4,1,6,9.4,3,F,no,ligero
PAC012017,88,95.0,161,36.6,100,88,143,108,81,103,5.8,240,62,170,172,0.4,87,0.1,20.6,16.5,2,5784,6.2,6,9,2,14.0,6,M,no,sedentario
PAC012018,26,67.0,163,25.2,78,107,137,71,56,99,5.1,114,51,144,76,1.36,93,2.7,31.0,13.4,8,11844,9.6,0,0,5,8.9,4,F,si,sedentario
PAC012019,62,92.7,140,47.3,82,90,128,94,77,91,4.3,229,44,166,185,0.82,107,3.7,35.7,15.9,2,2227,6.3,6,12,4,10.3,8,M,no,ligero
PAC012020,23,73.6,140,37.6,87,95,112,58,92,76,5.7,201,30,123,64,0.64,94,1.5,32.4,13.4,0,6490,8.5,21,25,4,10.4,4,M,no,activo
PAC012021,80,91.2,158,36.5,116,89,171,111,72,85,5.5,241,34,133,131,0.4,87,6.2,41.3,15.4,0,500,3.9,13,5,4,12.4,6,M,no,ligero
PAC012022,80,86.3,145,41.0,110,94,130,99,78,115,4.9,264,43,114,205,0.4,70,4.3,30.5,16.7,4,7377,7.0,14,5,2,11.5,5,M,si,sedentario
PAC012023,18,65.2,144,31.4,73,79,134,79,62,94,5.7,154,51,90,44,1.01,119,1.8,37.3,15.3,10,6801,8.1,0,0,7,3.9,1,M,no,ligero
PAC012024,80,85.7,140,43.7,132,107,166,87,80,77,5.5,229,55,134,205,0.75,75,2.7,30.1,13.5,0,4937,6.0,1,8,5,11.0,10,M,si,sedentario
PAC012025,59,104.1,192,28.2,99,121,147,99,76,156,6.3,227,35,203,248,1.33,80,5.6,34.4,16.1,0,8013,9.6,4,7,2,13.4,10,M,si,sedentario
PAC012026,63,102.3,191,28.0,133,118,126,81,86,132,7.4,206,33,188,278,1.46,71,8.4,18.1,14.7,0,6361,9.4,0,3,0,11.2,5,F,si,sedentario
PAC012027,36,72.0,154,30.4,74,99,137,80,65,72,5.0,196,58,123,174,1.25,121,0.1,34.0,15.9,6,12229,8.4,4,2,6,8.6,4,F,no,activo
PAC012028,22,48.9,152,21.2,76,98,107,70,53,81,5.5,179,74,129,59,1.16,104,0.7,26.3,13.1,4,13607,8.6,0,10,4,6.1,6,F,si,activo
PAC012029,23,67.6,153,28.9,92,100,90,65,48,69,4.7,144,78,132,70,1.22,106,2.3,25.3,15.4,8,9760,9.9,4,0,5,8.2,3,M,si,ligero
PAC012030,68,89.1,147,41.2,92,92,157,106,77,74,6.3,208,38,114,203,0.51,79,6.3,44.2,14.8,0,2183,7.3,20,8,1,13.6,6,M,si,sedentario
PAC012031,90,74.6,144,36.0,112,98,142,103,76,92,6.1,272,42,135,195,0.44,71,1.2,39.4,16.1,0,4478,5.3,10,0,3,13.8,7,M,si,sedentario
PAC012032,72,82.0,148,37.4,103,102,141,106,82,109,6.5,244,46,189,156,0.81,53,4.7,20.6,15.0,0,7617,5.2,7,12,3,9.8,10,F,no,sedentario
PAC012033,67,75.5,143,36.9,110,76,168,110,82,98,5.3,203,40,151,210,0.4,97,1.1,25.7,16.1,2,3987,4.3,0,6,0,10.5,7,M,no,ligero
PAC012034,88,98.5,190,27.3,114,99,130,102,66,135,6.4,231,25,157,350,1.28,85,9.0,26.4,16.5,0,1583,8.9,11,9,0,12.6,6,M,si,ligero
PAC012035,90,63.6,150,28.3,116,107,141,95,77,96,5.3,206,40,177,183,0.45,56,2.3,24.8,17.2,0,6554,5.9,22,13,2,6.4,5,M,no,activo
PAC012036,34,62.7,166,22.8,88,107,135,63,77,92,5.3,177,71,73,40,1.01,93,0.1,33.6,12.7,9,9178,7.9,3,0,6,3.2,3,M,si,ligero
PAC012037,54,45.4,148,20.7,105,103,106,50,63,69,5.1,185,76,111,92,0.86,104,0.1,35.2,13.5,9,15531,5.8,0,9,5,6.7,0,M,no,activo
PAC012038,53,63.9,167,22.9,73,113,125,67,64,84,5.2,140,58,68,97,1.15,130,3.4,50.3,16.1,3,14711,8.4,0,24,7,12.5,0,F,no,sedentario
PAC012039,81,63.7,140,32.5,127,88,134,105,73,93,5.2,246,59,74,135,0.61,64,5.4,19.7,15.1,0,8094,5.4,7,6,3,12.6,8,M,si,sedentario
PAC012040,58,100.4,154,42.3,82,90,151,91,80,93,5.3,214,59,172,212,0.59,85,6.5,36.6,18.7,3,7543,4.5,13,13,2,13.5,6,M,si,activo
PAC012041,48,102.9,147,47.6,118,102,175,97,70,67,6.9,270,70,141,138,0.61,65,1.1,36.6,17.7,2,4660,5.4,7,8,2,9.8,8,F,si,ligero
PAC012042,21,40.0,155,16.6,74,106,106,88,63,78,5.3,189,58,114,168,0.89,115,1.3,33.5,14.7,6,13852,8.0,0,0,6,4.8,3,F,no,activo
PAC012043,32,87.6,161,33.8,63,107,124,74,89,97,5.3,187,51,153,40,0.77,76,2.8,27.7,10.4,5,10567,6.8,21,29,3,8.8,9,F,si,ligero
PAC012044,90,65.0,199,16.4,85,107,139,83,71,124,6.6,223,35,155,273,1.07,80,5.7,22.1,17.7,1,2436,7.9,11,0,3,11.7,10,F,si,sedentario
PAC012045,37,48.4,173,16.2,84,122,99,80,72,83,4.4,170,69,92,122,1.41,123,4.2,37.4,16.8,6,11378,8.8,0,0,8,5.1,4,F,no,sedentario
PAC012046,64,94.5,140,48.2,115,99,153,109,69,103,6.2,205,47,169,109,0.88,59,4.9,26.9,14.0,0,7141,5.3,12,12,2,16.6,8,M,no,sedentario
PAC012047,72,105.2,189,29.5,98,105,122,85,69,125,5.9,245,25,141,364,1.15,95,5.4,33.6,16.5,0,500,10.6,9,20,0,10.7,8,F,si,ligero
PAC012048,30,66.1,162,25.2,72,102,119,68,71,91,5.6,195,66,81,87,1.04,93,0.3,48.9,13.7,7,13766,7.5,11,11,5,5.8,5,F,no,ligero
PAC012049,43,85.5,194,22.7,116,100,158,88,85,120,7.6,242,42,137,209,1.2,73,5.8,61.5,14.2,0,500,10.8,5,8,0,15.5,8,M,si,sedentario
PAC012050,36,76.6,152,33.2,91,85,133,77,81,111,5.3,226,49,131,200,0.54,87,0.1,26.3,9.4,2,12672,7.8,13,18,1,10.2,10,M,si,sedentario
PAC012051,18,67.3,161,26.0,62,100,106,80,87,81,4.6,171,80,114,169,0.95,101,2.0,19.9,11.0,8,13385,9.0,30,24,4,10.9,9,M,si,sedentario
PAC012052,33,63.4,170,21.9,86,101,126,87,69,80,4.0,165,58,119,144,1.75,101,6.3,39.7,15.1,10,8563,10.7,0,0,5,10.2,1,F,no,sedentario
PAC012053,46,72.7,154,30.7,60,112,123,67,70,93,5.9,154,81,79,40,1.12,109,3.2,38.8,14.7,9,10680,8.2,6,0,3,5.8,2,M,si,activo
PAC012054,51,70.6,140,36.0,111,75,163,96,78,82,6.0,234,59,131,181,0.49,71,4.8,16.2,17.4,4,2294,8.1,15,4,2,14.8,5,M,si,sedentario
PAC012055,81,65.0,142,32.2,104,77,160,95,70,105,6.1,220,49,135,161,0.52,89,5.1,16.4,18.9,0,7937,5.7,10,1,3,14.4,8,M,si,ligero
PAC012056,90,94.3,196,24.5,101,115,145,84,75,117,7.1,211,25,176,208,1.21,56,6.5,31.6,14.8,1,1273,9.7,14,1,3,12.9,9,F,si,ligero
PAC012057,63,90.9,203,22.1,101,98,132,82,76,136,6.5,220,42,141,224,1.38,71,11.5,38.9,13.1,0,4171,9.1,9,12,1,11.7,8,M,si,activo
PAC012058,18,72.0,164,26.8,71,88,126,68,78,87,6.0,151,76,84,125,0.69,59,7.1,28.9,9.5,6,7727,7.1,7,19,0,9.9,6,M,si,ligero
PAC012059,73,75.8,205,18.0,115,99,140,92,90,130,7.0,249,42,187,273,0.95,96,7.6,51.9,15.7,0,2158,8.4,18,10,3,11.9,8,M,no,sedentario
PAC012060,44,56.5,158,22.6,94,97,133,79,70,80,4.1,174,37,79,40,1.05,111,0.1,17.6,15.3,7,11982,8.3,0,0,7,2.8,1,F,si,ligero
PAC012061,77,81.0,140,41.3,113,122,151,97,77,80,6.6,291,59,92,141,0.95,51,3.2,28.9,16.6,3,2988,7.0,9,10,5,13.6,5,M,no,sedentario
PAC012062,36,49.5,150,22.0,85,105,113,71,47,94,6.0,183,74,40,124,1.29,77,2.9,46.1,11.7,6,14662,7.2,4,7,6,5.8,0,M,si,activo
PAC012063,67,96.2,197,24.8,119,99,142,81,68,157,7.6,240,27,190,392,1.14,62,7.9,46.0,14.4,2,6859,10.1,0,0,2,12.5,9,M,si,sedentario
PAC012064,18,50.3,169,17.6,76,103,103,67,55,90,5.0,221,63,93,89,0.72,113,0.1,29.2,16.0,11,11434,8.3,0,5,4,4.9,3,M,si,activo
PAC012065,37,59.1,175,19.3,98,94,120,69,74,100,6.1,149,79,120,49,1.09,80,0.1,14.2,12.5,7,6908,7.2,8,26,3,8.3,1,F,no,sedentario
PAC012066,36,87.4,161,33.7,103,80,102,81,96,71,5.2,170,46,110,149,0.9,102,3.3,24.5,10.2,5,7887,9.3,18,18,1,5.2,7,M,no,activo
PAC012067,44,94.1,152,40.7,104,90,144,103,71,88,6.8,242,42,187,303,0.51,88,5.5,26.7,16.2,0,6960,6.9,18,0,2,13.3,0,M,no,activo
PAC012068,35,74.6,172,25.2,66,90,117,83,74,87,4.6,156,80,146,62,1.17,119,2.7,33.7,16.6,15,11325,10.2,0,13,8,2.0,1,F,si,ligero
PAC012069,61,96.6,143,47.2,105,94,151,93,67,93,5.0,235,49,144,177,0.87,87,3.3,39.6,13.9,0,500,6.2,9,3,4,15.6,6,F,no,ligero
PAC012070,18,68.2,169,23.9,95,99,109,76,76,60,5.6,155,62,106,40,1.43,92,4.4,38.2,13.9,8,15716,7.0,7,0,3,7.5,0,F,no,ligero
PAC012071,18,85.3,150,37.9,72,108,129,69,80,110,5.7,147,48,136,70,0.99,93,4.2,13.1,12.2,9,6001,8.1,12,33,2,8.9,4,F,no,activo
PAC012072,80,76.5,146,35.9,106,75,164,95,73,105,6.5,226,52,136,222,0.43,95,6.7,32.5,14.0,3,2899,6.4,12,2,1,16.7,9,F,no,ligero
PAC012073,63,80.0,193,21.5,89,110,136,83,95,151,7.1,247,32,143,261,0.73,60,7.7,45.8,14.6,1,4958,9.6,13,8,2,4.9,8,M,si,sedentario
PAC012074,18,78.7,148,35.9,82,90,105,70,76,101,6.2,166,63,136,127,0.69,88,0.1,22.5,10.2,7,8447,8.0,31,20,2,10.1,9,F,no,sedentario
PAC012075,74,82.0,157,33.3,102,99,169,107,73,119,5.6,269,53,113,157,0.57,96,2.2,24.1,17.6,0,2923,4.2,2,0,4,9.0,7,M,no,sedentario
PAC012076,68,83.7,146,39.3,112,95,154,76,85,97,6.9,250,42,205,146,0.7,84,4.8,19.7,17.1,2,4614,4.8,6,0,5,13.6,9,F,si,sedentario
PAC012077,31,70.2,153,30.0,86,95,143,78,70,68,5.3,148,49,61,130,1.15,117,8.8,38.4,11.3,0,9309,7.4,32,21,0,8.7,2,M,no,sedentario
PAC012078,67,68.6,200,17.2,115,87,136,92,71,127,5.7,228,25,124,237,1.33,61,5.7,39.2,13.5,1,1521,8.5,14,13,0,10.1,9,F,si,ligero
PAC012079,57,67.7,151,29.7,88,86,119,80,87,89,4.7,188,62,83,121,0.96,94,5.6,29.4,10.2,7,7122,6.5,26,21,2,5.8,9,M,no,ligero
PAC012080,38,75.7,162,28.8,63,93,137,83,84,96,5.7,167,74,104,40,1.03,108,1.9,13.2,11.9,1,12144,8.6,13,34,0,9.6,10,F,no,sedentario
PAC012081,18,59.1,169,20.7,83,102,99,61,68,93,5.7,203,66,93,115,1.31,91,0.1,44.3,16.1,8,6380,7.5,0,0,6,7.5,4,M,no,sedentario
PAC012082,65,73.7,196,19.2,104,106,147,85,76,106,6.7,226,70,114,280,0.91,86,9.7,29.8,15.5,0,5030,7.9,22,0,1,2.9,8,M,si,sedentario
PAC012083,71,88.7,140,45.3,107,89,155,116,89,93,5.3,207,50,164,139,0.59,48,6.4,32.1,14.6,0,7518,6.4,10,3,1,12.2,6,F,no,sedentario
PAC012084,18,59.3,144,28.6,85,114,119,83,46,89,5.1,188,58,66,72,0.93,95,5.6,22.9,13.5,11,10297,10.4,7,0,5,7.6,5,M,no,activo
PAC012085,72,95.4,140,48.7,122,91,170,105,69,113,6.5,236,41,183,137,0.64,66,6.8,30.2,17.0,1,2200,4.7,11,0,1,14.5,8,M,si,sedentario
PAC012086,78,66.0,144,31.8,122,93,156,110,62,122,5.6,237,59,141,137,0.47,83,0.1,40.0,16.2,5,8200,7.1,5,8,1,12.3,7,F,no,activo
PAC012087,37,85.6,144,41.3,72,106,107,76,57,61,4.9,188,48,102,100,1.13,102,4.6,30.2,13.9,8,13530,6.2,6,10,3,3.1,1,F,si,activo
PAC012088,69,96.3,192,26.1,124,119,146,96,70,141,6.9,215,25,117,243,1.33,53,4.2,39.9,14.9,0,500,9.4,2,4,0,15.9,5,F,no,activo
PAC012089,26,78.7,155,32.8,79,106,107,65,69,117,5.5,159,62,85,171,0.96,102,8.2,46.0,14.4,3,9488,7.1,21,22,0,12.4,6,M,no,sedentario
PAC012090,18,73.7,169,25.8,92,108,131,91,72,87,5.8,188,58,125,156,1.03,72,0.1,31.1,13.1,4,4078,7.9,20,24,1,7.9,5,M,no,sedentario
PAC012091,70,86.1,203,20.9,123,107,140,82,83,140,8.6,231,41,155,197,1.2,75,6.9,33.2,15.6,0,2806,9.0,28,13,2,9.8,8,F,no,activo
PAC012092,42,53.7,157,21.8,92,105,142,77,46,82,4.6,149,84,107,81,0.96,106,0.7,32.3,14.7,7,12938,9.1,1,4,8,9.1,2,F,no,sedentario
PAC012093,20,82.2,162,31.3,87,87,113,84,74,111,6.2,198,46,145,41,1.06,104,1.4,22.7,12.3,4,8419,7.9,24,17,2,6.0,8,M,no,sedentario
PAC012094,18,81.8,159,32.4,62,85,142,72,58,109,4.8,249,59,120,103,1.11,87,1.1,18.2,15.9,6,12874,8.4,1,7,6,5.5,3,M,no,ligero
PAC012095,35,78.3,153,33.4,60,93,124,80,73,73,4.3,204,52,143,122,1.4,114,0.2,37.5,13.0,9,10764,7.3,4,11,7,6.5,0,F,no,activo
PAC012096,85,94.0,149,42.3,91,109,165,81,80,87,5.0,203,58,171,146,0.4,85,5.3,32.6,15.6,2,1946,6.3,7,0,1,16.1,9,M,no,ligero
PAC012097,45,49.8,169,17.4,85,81,112,73,45,68,4.0,145,51,86,91,1.14,97,1.1,38.4,13.8,9,9107,8.3,1,0,3,6.5,1,F,no,sedentario
PAC012098,18,43.9,159,17.4,63,88,114,72,59,94,4.1,216,74,138,40,0.97,109,0.3,33.8,13.8,8,13440,7.6,0,0,8,2.0,2,M,no,ligero
PAC012099,49,59.4,177,19.0,83,92,115,85,56,97,5.5,179,67,107,109,1.36,102,1.9,39.7,14.8,7,8113,7.7,0,0,6,6.3,2,M,no,ligero
PAC012100,71,79.2,143,38.7,102,104,152,97,87,109,5.8,276,51,107,194,0.7,111,2.1,34.5,16.9,0,10225,6.8,17,5,0,9.7,5,F,no,sedentario
PAC012101,71,110.5,196,28.8,127,97,136,87,90,141,7.0,209,39,144,206,1.47,52,7.7,36.0,14.9,0,1475,8.4,18,13,0,8.5,7,M,si,sedentario
PAC012102,25,57.4,168,20.3,97,104,99,69,82,95,4.9,199,66,100,84,0.94,103,0.1,34.2,14.9,10,11846,9.9,0,9,7,7.8,1,F,no,sedentario
PAC012103,73,71.1,153,30.4,103,83,162,107,88,88,7.1,239,55,143,130,0.68,76,5.4,42.0,16.3,0,3514,6.4,14,7,2,12.8,7,M,no,sedentario
PAC012104,22,57.4,171,19.6,78,110,124,64,54,82,5.2,160,64,143,40,0.89,89,0.1,35.8,16.9,9,12867,7.3,0,0,7,5.5,5,M,no,activo
PAC012105,22,67.9,152,29.4,77,79,133,84,76,88,4.5,216,55,123,54,0.87,72,2.0,23.0,13.3,5,8569,7.2,26,14,1,10.0,5,M,si,sedentario
PAC012106,18,70.6,155,29.4,75,84,100,79,82,99,5.0,174,60,92,203,0.99,93,1.0,32.1,12.4,1,4861,7.2,23,18,0,15.0,9,M,no,sedentario
PAC012107,36,73.9,163,27.8,84,107,102,76,67,60,5.3,162,76,97,150,0.98,83,1.3,35.9,14.9,6,14613,9.9,2,0,5,6.1,4,F,si,ligero
PAC012108,52,58.3,149,26.3,78,100,137,77,86,97,4.5,158,60,107,40,0.84,76,7.2,12.8,11.9,2,8570,9.7,11,25,2,6.3,6,M,no,activo
PAC012109,90,88.7,147,41.0,99,92,142,99,67,89,5.6,186,52,161,173,0.4,60,3.2,38.5,17.0,5,3919,7.3,7,0,1,11.1,8,M,si,ligero
PAC012110,33,77.5,172,26.2,72,99,141,79,88,117,6.2,199,54,134,167,0.83,95,5.2,22.2,13.8,3,11891,6.8,16,19,1,15.5,4,M,no,ligero
PAC012111,77,98.5,140,50.3,117,99,155,100,77,116,6.2,201,54,122,187,0.41,83,7.4,34.6,17.1,0,6665,5.3,9,12,3,13.0,7,M,si,sedentario
PAC012112,64,64.4,181,19.7,91,107,123,72,74,77,4.5,207,78,89,167,1.26,106,2.8,41.9,12.8,11,11653,8.5,7,15,6,10.9,3,M,si,sedentario
PAC012113,26,83.2,154,35.1,67,83,101,84,86,90,4.8,167,74,163,53,0.83,86,6.0,21.7,11.0,4,10154,10.2,11,26,3,7.3,9,F,no,activo
PAC012114,37,96.9,158,38.8,83,75,125,68,75,70,6.2,171,89,134,276,0.74,102,3.3,28.1,11.1,8,11400,7.3,17,21,4,4.3,6,F,no,activo
PAC012115,18,66.6,147,30.8,88,98,121,63,80,97,6.2,203,55,138,224,0.98,91,3.0,16.9,10.2,7,7495,8.9,18,17,0,14.3,8,M,no,sedentario
PAC012116,18,69.9,175,22.8,68,100,110,60,70,82,4.0,157,70,130,78,1.3,99,0.1,24.8,13.0,13,12484,9.2,9,0,6,5.2,0,F,no,ligero
PAC012117,18,90.5,168,32.1,84,91,129,62,88,126,6.0,192,46,116,119,0.79,102,2.6,28.1,11.0,6,5190,8.0,9,24,5,11.9,9,F,no,ligero
PAC012118,18,77.9,157,31.6,93,86,123,90,62,76,5.8,224,60,111,45,1.13,119,0.1,36.1,12.4,10,12619,8.4,0,0,6,4.0,0,M,si,ligero
PAC012119,30,65.0,161,25.1,106,78,134,80,87,88,5.1,194,55,98,129,0.93,84,6.7,25.1,11.4,0,10181,9.6,15,23,2,12.0,5,M,no,ligero
PAC012120,72,102.9,205,24.5,105,109,149,94,67,127,6.9,227,25,98,226,1.42,97,8.7,41.7,14.4,0,3926,7.7,7,4,0,15.5,5,F,si,ligero
PAC012121,63,95.5,154,40.3,96,88,154,94,91,85,6.7,288,70,136,167,0.85,89,7.0,30.7,15.7,0,10341,6.0,10,1,2,12.4,5,F,si,sedentario
PAC012122,19,89.0,174,29.4,83,102,128,62,69,109,4.0,170,61,51,86,0.87,120,0.1,44.4,14.9,6,5521,10.9,0,1,4,4.3,4,M,no,ligero
PAC012123,37,53.6,140,27.3,73,98,110,79,79,85,4.7,230,58,129,60,0.85,120,1.4,5.0,13.7,5,7583,5.1,26,29,0,8.1,10,M,no,ligero
PAC012124,26,66.2,174,21.9,83,92,130,77,63,101,4.9,196,81,134,193,1.26,111,0.8,36.0,15.7,9,14379,8.9,0,0,4,2.8,1,M,no,sedentario
PAC012125,90,84.1,143,41.1,97,108,141,111,80,119,5.1,165,54,96,176,0.4,71,3.8,22.6,16.3,2,5118,6.3,13,7,1,10.3,8,F,si,sedentario
PAC012126,24,64.2,151,28.2,90,101,109,75,84,103,4.1,195,67,192,74,0.93,121,1.2,27.8,13.1,3,6633,8.1,28,26,3,5.7,9,F,si,ligero
PAC012127,67,76.4,149,34.4,90,93,147,112,68,103,6.3,216,48,108,133,0.43,87,7.6,43.8,15.7,1,5676,6.2,19,8,2,13.9,9,M,si,sedentario
PAC012128,53,75.5,160,29.5,104,98,174,105,81,109,5.5,196,63,173,49,0.55,54,6.3,41.8,15.2,1,4205,7.3,3,8,1,13.3,2,M,no,sedentario
PAC012129,72,107.6,190,29.8,125,119,133,93,74,96,6.4,276,44,167,299,1.08,78,6.4,30.3,14.6,0,3422,7.9,16,4,2,11.7,9,F,no,ligero
PAC012130,68,102.7,140,52.4,97,94,147,92,91,92,6.1,215,25,151,152,0.59,83,4.2,29.3,18.8,3,1461,6.3,5,9,3,10.0,3,F,si,ligero
PAC012131,42,62.7,158,25.1,80,106,106,70,56,73,4.9,182,71,78,116,1.02,88,0.8,29.0,15.8,8,16717,8.8,0,0,4,4.6,0,M,si,ligero
PAC012132,18,86.7,167,31.1,74,118,92,66,69,79,5.3,164,50,66,41,1.36,106,0.2,47.8,14.5,8,15007,7.6,3,0,5,12.5,4,M,si,sedentario
PAC012133,54,100.2,199,25.3,115,98,142,88,77,117,6.2,207,46,151,282,1.13,56,6.5,24.6,14.5,0,707,7.6,32,6,2,9.1,10,F,si,sedentario
PAC012134,64,87.0,148,39.7,133,82,154,105,68,82,6.1,228,34,186,257,0.85,79,5.2,32.8,15.0,0,4722,5.1,6,3,2,12.1,8,F,si,sedentario
PAC012135,68,92.5,140,47.2,93,93,147,104,66,88,5.0,200,46,160,187,0.4,72,4.5,15.7,14.6,0,1598,5.6,6,10,4,14.9,2,M,no,ligero
PAC012136,67,74.2,145,35.3,121,94,144,102,66,126,4.2,269,64,107,208,0.4,55,6.2,21.3,16.5,6,6452,4.8,14,0,1,9.5,5,F,no,sedentario
PAC012137,28,73.5,174,24.3,66,98,101,54,59,103,5.3,218,66,123,104,0.75,118,0.2,46.6,15.5,5,15406,7.5,21,0,7,5.2,0,F,no,sedentario
PAC012138,88,106.2,140,54.2,98,109,156,97,60,98,6.3,197,25,76,260,0.59,85,3.8,16.4,17.2,3,5098,4.0,18,10,4,15.4,4,F,no,ligero
PAC012139,87,83.1,140,42.4,119,85,158,93,74,119,7.5,216,43,153,240,0.58,104,5.0,48.4,18.4,3,5324,4.8,9,0,1,15.6,7,M,si,ligero
PAC012140,50,68.5,155,28.5,73,101,112,92,63,84,4.5,220,79,69,40,0.98,85,3.3,23.1,15.3,11,14283,8.7,4,0,4,2.0,4,F,no,ligero
PAC012141,49,84.9,140,43.3,98,118,178,92,94,114,4.9,208,41,155,245,0.51,75,5.1,29.6,14.1,0,3827,6.0,10,2,3,16.1,2,F,si,sedentario
PAC012142,65,94.8,194,25.2,112,104,145,81,56,98,7.2,231,35,132,264,1.22,45,5.1,36.2,13.8,0,851,9.2,13,0,1,13.1,3,M,si,sedentario
PAC012143,74,89.6,205,21.3,117,117,135,78,77,146,6.4,262,38,169,299,1.12,78,9.7,40.3,16.2,0,500,10.7,20,10,3,9.9,6,F,no,sedentario
PAC012144,58,97.4,150,43.3,104,119,157,95,75,110,6.1,221,36,148,214,0.53,39,1.9,40.6,17.6,6,5971,7.4,11,8,3,9.6,5,M,si,ligero
PAC012145,63,68.2,152,29.5,94,103,176,88,64,93,5.7,188,77,125,313,0.4,82,4.7,29.6,17.4,4,5366,5.5,1,13,4,12.4,10,F,no,sedentario
PAC012146,79,77.4,140,39.5,111,88,161,92,88,103,5.2,225,59,102,215,0.69,63,4.1,41.1,18.4,0,5548,4.8,6,13,2,11.0,5,M,si,sedentario
PAC012147,58,106.5,192,28.9,113,110,139,96,86,130,8.4,230,44,94,228,1.35,72,5.3,33.2,15.4,0,936,9.0,4,16,2,7.5,7,M,si,activo
PAC012148,62,106.6,188,30.2,122,101,110,87,75,113,7.4,227,25,117,242,1.11,80,4.2,31.7,13.7,0,4873,9.5,14,0,4,12.7,6,F,si,sedentario
PAC012149,20,60.2,143,29.4,91,81,123,86,77,102,4.0,206,84,123,184,0.86,87,3.2,23.9,12.8,5,8956,8.8,14,37,0,10.9,6,F,no,ligero
PAC012150,79,131.9,146,61.9,84,91,144,102,80,116,5.6,219,43,158,254,0.4,65,7.5,30.4,13.9,4,3766,7.7,11,14,3,18.8,9,F,no,sedentario
PAC012151,18,72.5,155,30.2,75,96,94,82,45,76,5.4,158,47,80,42,0.94,126,1.0,38.1,13.7,12,10383,7.9,1,1,4,5.9,2,M,no,ligero
PAC012152,71,84.8,205,20.2,140,106,114,81,96,136,6.6,237,25,144,161,1.13,83,4.0,31.4,14.8,0,500,7.7,7,19,2,12.0,7,M,si,sedentario
PAC012153,18,62.8,159,24.8,79,89,102,71,96,80,4.5,117,52,104,56,1.1,105,3.1,19.5,10.9,5,7360,11.0,14,18,1,10.1,10,M,no,ligero
PAC012154,85,80.8,173,27.0,116,98,143,89,95,147,6.7,231,25,143,276,1.12,75,3.9,49.4,15.0,5,4844,8.0,23,7,1,10.4,9,M,no,sedentario
PAC012155,24,77.4,170,26.8,102,87,104,75,90,92,5.4,199,45,115,261,1.17,69,0.5,22.6,11.7,4,11129,8.6,19,15,1,6.8,10,M,si,ligero
PAC012156,79,92.9,203,22.5,122,103,131,87,91,130,6.4,184,42,99,147,0.99,73,6.6,16.8,14.7,1,500,9.9,10,9,2,10.9,9,M,si,ligero
PAC012157,84,74.5,140,38.0,94,84,181,95,72,137,5.8,193,68,158,40,0.51,94,4.2,42.6,15.3,1,4546,7.0,11,0,1,11.1,7,M,no,sedentario
PAC012158,18,60.1,157,24.4,78,98,124,85,95,86,4.5,152,67,92,210,0.97,97,0.1,23.5,10.6,0,6072,7.1,21,14,2,10.2,6,M,si,ligero
PAC012159,82,81.9,152,35.4,128,86,154,102,73,115,4.6,246,47,148,141,0.4,63,1.2,36.2,13.8,0,5625,6.5,0,10,2,16.1,2,M,si,sedentario
PAC012160,18,52.0,154,21.9,80,94,114,71,84,92,5.3,210,47,128,92,0.87,96,4.8,19.2,11.0,7,9063,7.7,21,34,3,12.2,9,F,no,ligero
PAC012161,18,47.2,154,19.9,115,92,130,76,81,106,6.0,210,52,92,61,0.86,129,0.1,8.6,9.9,3,10918,10.5,12,21,0,8.3,5,F,si,sedentario
PAC012162,50,105.8,198,27.0,110,98,142,83,76,149,8.4,249,37,149,237,1.19,60,5.6,42.8,14.7,2,500,8.0,7,0,1,11.2,10,F,si,sedentario
PAC012163,62,100.8,140,51.4,108,112,157,97,77,112,5.3,215,53,147,254,0.4,86,5.0,25.8,17.7,4,2755,5.8,10,0,1,13.9,6,F,si,sedentario
PAC012164,86,89.1,140,45.5,111,101,158,84,81,128,4.4,236,45,170,180,0.6,54,6.7,22.7,13.0,0,4787,6.2,3,6,1,8.2,7,M,no,ligero
PAC012165,60,112.0,200,28.0,89,99,145,81,73,149,5.9,218,48,153,334,1.46,82,7.2,29.9,12.8,2,2756,9.3,0,0,1,12.9,4,F,si,ligero
PAC012166,90,84.0,201,20.8,124,105,144,103,67,123,7.8,207,33,189,256,1.33,80,6.6,51.4,14.8,0,3090,11.0,9,7,1,11.4,2,F,si,sedentario
PAC012167,90,101.5,195,26.7,105,105,160,101,84,132,6.7,230,46,144,197,0.99,65,3.5,35.6,15.8,0,3916,9.1,5,8,3,9.8,8,F,si,sedentario
PAC012168,18,64.5,151,28.3,80,76,114,80,83,88,5.8,158,69,130,157,1.03,102,2.1,16.4,13.6,0,8153,6.8,8,20,1,10.2,9,M,no,ligero
PAC012169,25,64.5,155,26.8,101,96,104,56,78,99,6.1,175,65,125,159,0.91,109,4.6,20.7,14.9,9,10424,8.2,12,26,2,6.6,7,M,no,sedentario
PAC012170,20,71.9,159,28.4,76,100,134,70,65,98,4.7,201,88,136,101,0.91,115,0.1,26.3,14.1,13,8990,9.2,0,11,7,10.7,0,M,no,activo
PAC012171,68,79.6,185,23.3,103,83,121,84,82,124,7.8,202,39,157,234,1.2,88,6.6,45.7,15.6,1,6287,7.6,6,5,3,10.8,6,M,no,activo
PAC012172,21,74.0,161,28.5,71,104,141,67,72,75,5.0,171,57,150,107,1.34,115,1.7,36.2,15.0,9,12292,8.5,2,12,6,8.3,8,M,si,sedentario
PAC012173,18,89.8,149,40.4,87,93,119,83,80,85,5.0,225,43,108,74,0.69,71,5.5,21.7,13.1,4,6351,6.8,26,18,0,9.0,5,F,si,sedentario
PAC012174,83,84.7,140,43.2,90,101,166,90,72,120,5.9,237,52,149,189,0.4,70,5.2,40.3,17.0,0,1387,5.5,12,2,3,12.6,5,F,si,activo
PAC012175,27,61.7,140,31.5,102,102,127,75,83,84,5.8,171,64,117,119,0.88,111,2.9,5.0,13.4,8,4009,7.9,17,18,2,3.6,5,M,no,sedentario
PAC012176,45,47.4,172,16.0,101,107,106,61,72,104,4.3,203,64,110,40,0.97,93,0.1,38.2,16.1,5,13293,6.3,7,8,4,4.6,0,F,no,activo
PAC012177,66,97.6,152,42.2,107,95,145,113,63,79,5.6,173,51,171,188,0.58,60,7.1,29.3,13.4,1,3583,7.6,19,3,0,15.3,6,F,no,sedentario
PAC012178,30,78.1,153,33.4,85,92,118,73,81,108,4.7,189,70,137,40,1.11,87,1.5,12.4,10.4,4,7094,8.2,29,32,1,11.9,7,M,no,ligero
PAC012179,31,56.3,175,18.4,79,103,126,81,57,77,4.8,130,88,156,128,0.96,130,3.0,41.0,15.0,11,12400,7.9,9,4,6,6.2,3,M,si,activo
PAC012180,86,109.4,182,33.0,133,126,138,76,79,114,7.8,277,25,143,259,1.26,60,7.5,18.9,13.7,0,2372,9.9,20,7,2,10.0,3,M,no,sedentario
PAC012181,39,75.0,158,30.0,73,97,142,62,71,62,5.4,186,68,119,76,1.0,70,1.6,41.8,16.0,7,16125,9.4,11,4,7,5.9,3,M,si,ligero
PAC012182,20,73.1,166,26.5,63,101,98,88,64,81,5.9,194,57,102,40,1.13,97,1.4,28.9,14.6,10,19042,7.8,9,0,4,2.3,2,F,no,activo
PAC012183,22,82.9,164,30.8,75,119,102,66,54,83,4.2,198,75,90,62,1.28,117,0.1,36.3,16.3,6,13338,6.3,2,0,5,11.5,2,F,no,ligero
PAC012184,85,112.6,190,31.2,96,109,168,88,58,117,7.9,184,32,102,299,1.02,77,10.2,30.2,13.9,0,500,10.3,23,0,0,4.7,6,M,si,ligero
PAC012185,18,48.9,155,20.4,80,93,154,82,50,84,4.8,189,74,83,74,1.42,96,1.3,44.7,15.0,11,9116,9.4,0,1,5,8.8,3,F,no,sedentario
PAC012186,84,79.0,199,19.9,123,83,131,92,80,150,7.4,267,25,149,243,1.11,63,5.1,37.3,15.6,0,7906,9.0,4,4,0,10.9,3,F,si,sedentario
PAC012187,67,74.2,155,30.9,103,79,142,87,55,98,4.3,233,53,137,150,0.68,66,3.4,28.1,16.9,1,3465,4.9,0,16,4,14.0,6,M,si,sedentario
PAC012188,73,87.8,153,37.5,115,100,149,101,74,73,6.1,241,58,194,137,0.84,53,4.8,38.9,14.0,3,3146,6.0,11,16,2,8.9,8,M,no,sedentario
PAC012189,68,97.1,178,30.6,94,99,139,100,89,154,5.6,226,27,170,267,1.21,71,11.1,29.1,13.7,0,5647,5.9,12,14,0,14.2,5,F,si,ligero
PAC012190,18,60.7,158,24.3,90,85,121,77,95,81,4.2,188,45,105,122,1.03,103,2.0,35.5,11.9,7,10285,8.6,34,25,0,7.3,9,F,si,ligero
PAC012191,18,63.5,173,21.2,74,104,97,70,57,99,4.2,116,59,101,125,0.87,90,0.1,19.8,13.6,9,13121,11.0,0,0,4,9.2,3,M,no,ligero
PAC012192,77,115.2,182,34.8,134,96,152,85,86,153,8.0,235,25,183,377,1.16,83,1.7,29.7,13.0,0,644,10.5,13,8,1,11.6,9,M,si,sedentario
PAC012193,78,85.8,171,29.3,103,93,154,97,89,100,6.4,266,65,122,98,0.58,88,5.2,45.4,13.8,1,4755,6.4,11,7,2,12.8,9,M,no,sedentario
PAC012194,66,84.6,175,27.6,70,97,106,71,54,84,5.3,191,81,101,73,1.24,112,2.3,31.1,13.0,4,12729,8.0,0,6,5,2.1,3,F,si,activo
PAC012195,57,84.0,140,42.9,127,83,159,98,79,118,5.8,243,37,148,136,0.68,82,3.8,28.0,14.1,1,2237,6.5,17,3,2,11.6,6,M,no,sedentario
PAC012196,55,105.5,205,25.1,127,118,135,85,98,108,6.5,224,25,164,275,0.96,67,7.3,18.9,16.6,0,500,9.3,5,3,3,9.1,6,F,no,sedentario
PAC012197,22,90.7,162,34.6,98,91,124,71,71,85,4.8,139,39,104,165,0.83,86,1.3,25.8,13.2,3,7317,8.5,17,27,1,8.9,8,F,no,sedentario
PAC012198,75,104.3,174,34.4,150,108,152,84,83,158,7.0,259,40,161,261,1.16,73,7.9,36.3,13.5,0,747,8.4,19,4,0,7.6,4,M,si,ligero
PAC012199,18,69.4,163,26.1,84,110,101,70,59,76,6.0,204,71,101,40,1.31,118,4.4,30.3,12.6,3,9713,8.3,0,4,4,4.7,3,F,no,ligero
PAC012200,60,98.6,196,25.7,117,105,155,89,87,118,7.8,263,25,129,236,1.22,107,6.3,33.8,16.9,4,1831,8.3,3,5,1,10.2,8,M,si,ligero
PAC012201,50,59.6,178,18.8,91,106,126,61,71,60,4.0,232,59,67,112,1.3,101,1.5,46.3,12.7,7,14032,8.8,3,0,5,5.3,4,F,si,ligero
PAC012202,24,53.6,160,20.9,81,103,127,64,47,101,4.3,178,46,107,48,1.08,97,1.7,45.1,16.7,11,11153,10.0,0,0,5,2.0,2,F,no,ligero
PAC012203,20,57.2,143,28.0,61,94,109,78,60,75,5.7,110,69,128,111,0.98,97,0.1,37.8,15.2,12,13844,7.9,5,0,7,7.0,4,F,si,sedentario
PAC012204,64,56.6,152,24.5,90,100,103,85,62,106,4.1,129,46,110,129,0.95,114,1.4,5.0,11.1,1,8797,8.2,26,29,2,9.3,3,M,no,activo
PAC012205,73,82.2,147,38.0,90,86,161,82,75,92,4.0,184,53,170,131,0.4,68,6.1,39.5,16.5,0,5096,4.6,6,4,2,7.8,7,M,si,sedentario
PAC012206,18,79.4,154,33.5,76,106,120,69,77,67,5.3,181,57,60,118,0.72,119,3.7,36.0,13.1,5,9348,8.5,16,31,1,12.8,10,F,no,ligero
PAC012207,43,74.1,145,35.2,83,103,104,78,60,93,4.3,127,59,73,80,1.1,115,6.0,47.8,16.4,7,9338,7.2,1,3,5,7.0,2,M,no,activo
PAC012208,31,64.7,169,22.7,89,87,125,86,70,98,5.1,171,77,141,121,0.88,74,0.1,32.7,13.5,14,18346,8.8,4,0,7,6.5,7,F,si,ligero
PAC012209,46,40.0,154,16.9,87,100,102,69,53,87,6.0,203,82,90,96,0.88,128,1.8,30.6,14.8,9,13331,8.3,15,0,4,5.3,3,F,no,sedentario
PAC012210,24,59.7,154,25.2,99,81,127,81,94,79,5.4,147,68,118,157,0.87,104,4.2,37.8,8.7,9,14237,8.2,19,23,0,8.9,8,M,si,ligero
PAC012211,38,57.2,140,29.2,97,89,115,77,87,80,5.1,181,63,92,122,1.27,89,2.2,5.0,12.4,10,4371,8.7,22,23,3,9.3,7,M,si,sedentario
PAC012212,65,72.4,141,36.4,94,95,163,91,75,88,6.0,196,39,146,104,0.4,79,3.7,37.4,17.1,0,6233,6.2,17,11,3,9.4,8,M,no,activo
PAC012213,44,70.7,162,26.9,67,98,95,89,59,92,4.4,134,71,40,50,1.15,113,3.4,28.4,14.7,6,10869,7.3,0,1,6,3.6,0,F,no,activo
PAC012214,29,73.7,173,24.6,61,101,115,64,59,88,5.2,175,79,72,55,1.31,97,0.1,34.9,14.5,14,7193,8.4,3,0,6,3.8,6,F,no,sedentario
PAC012215,56,99.6,189,27.9,125,103,118,80,68,136,8.3,247,25,207,194,1.03,77,7.0,34.3,13.5,2,6110,9.2,19,19,3,13.2,6,M,no,activo
PAC012216,86,68.6,156,28.2,97,92,132,99,96,104,6.0,221,38,151,193,0.6,88,1.6,44.8,14.9,6,5057,6.3,1,15,4,12.7,8,F,si,ligero
PAC012217,60,100.3,155,41.7,108,99,150,78,73,111,5.1,241,31,122,161,0.4,65,6.9,41.7,14.2,0,770,5.5,5,0,2,11.3,9,F,si,sedentario
PAC012218,27,63.4,156,26.1,84,100,107,67,48,83,4.5,144,73,131,80,1.11,130,2.8,25.8,12.8,5,16263,7.8,5,8,6,2.9,0,M,no,activo
PAC012219,31,66.9,144,32.3,87,93,90,76,88,100,4.6,221,45,93,90,1.12,110,5.7,19.7,9.1,2,11871,8.2,28,16,1,11.5,4,M,no,activo
PAC012220,41,51.2,176,16.5,76,112,124,66,59,104,4.2,202,64,132,96,1.03,120,1.1,33.5,16.3,10,10388,7.7,8,0,5,10.4,4,M,no,ligero
PAC012221,54,106.9,195,28.1,132,114,133,88,74,117,7.3,245,38,123,177,1.04,109,6.0,51.0,14.0,0,4648,8.0,19,0,1,10.7,10,M,no,ligero
PAC012222,18,79.8,170,27.6,91,111,105,63,67,77,4.9,180,64,66,40,1.14,99,4.7,25.5,12.8,11,13279,8.9,9,2,5,2.0,1,F,no,activo
PAC012223,31,83.3,153,35.6,72,101,136,81,45,86,6.1,156,55,96,124,1.33,130,0.1,48.2,14.7,9,15088,8.1,8,11,7,9.8,3,M,si,ligero
PAC012224,72,104.2,187,29.8,122,109,146,88,80,128,6.2,229,30,149,303,0.95,72,6.1,21.9,13.3,1,3401,10.9,11,3,5,12.6,5,M,no,sedentario
PAC012225,88,80.0,205,19.0,104,107,156,76,82,165,7.3,265,36,146,261,1.53,103,2.9,41.8,15.4,0,3590,9.3,14,11,0,7.8,1,M,no,ligero
PAC012226,71,74.4,141,37.4,108,86,131,114,63,98,4.8,197,58,186,81,0.68,82,6.5,27.7,14.6,0,2307,7.2,9,9,1,13.7,8,F,no,sedentario
PAC012227,60,65.3,160,25.5,74,93,140,97,84,99,6.0,221,38,110,136,0.6,69,7.5,28.3,15.9,1,6780,7.2,6,5,3,8.2,6,M,si,ligero
PAC012228,87,72.3,194,19.2,104,103,151,86,90,125,8.3,247,25,136,241,1.25,78,3.9,46.5,14.6,0,1406,9.4,11,2,3,11.3,7,M,no,ligero
PAC012229,18,70.2,155,29.2,95,94,107,79,74,107,5.6,199,28,119,169,1.06,121,3.9,13.3,13.9,8,9178,8.9,18,25,2,8.3,5,F,no,sedentario
PAC012230,57,54.4,179,17.0,66,109,100,71,79,72,4.9,169,68,66,135,1.12,78,0.9,40.0,15.7,9,12299,6.9,0,2,8,6.9,4,F,no,ligero
PAC012231,33,91.5,159,36.2,79,85,130,82,71,82,5.2,225,58,124,226,1.17,85,0.1,30.5,17.4,10,11343,7.7,0,0,5,7.5,1,M,no,sedentario
PAC012232,45,58.5,142,29.0,105,84,173,86,81,117,7.6,237,46,152,245,0.86,80,3.2,28.5,14.1,3,8822,5.2,9,13,4,18.2,7,F,no,sedentario
PAC012233,57,74.6,140,38.1,106,91,176,106,71,118,5.1,197,42,145,191,0.47,66,8.6,39.3,15.6,5,2678,3.7,6,7,2,10.7,5,F,si,sedentario
PAC012234,18,54.4,160,21.2,96,79,121,70,94,94,5.9,176,73,129,194,0.84,130,2.9,26.2,10.7,3,9808,7.3,26,24,0,8.9,8,M,no,sedentario
PAC012235,18,60.1,150,26.7,85,99,129,65,57,70,5.9,130,79,72,58,1.13,101,3.0,27.6,14.7,14,13661,8.8,0,12,6,4.9,2,F,no,ligero
PAC012236,51,111.6,156,45.9,123,100,148,108,72,115,5.1,236,27,98,170,0.5,82,7.9,18.3,16.7,0,4649,5.0,19,0,0,9.7,8,F,si,ligero
PAC012237,71,94.8,196,24.7,101,106,147,97,94,122,6.9,159,44,161,272,1.08,82,5.2,53.0,15.4,0,3095,9.8,27,8,2,6.7,10,F,no,ligero
PAC012238,90,94.7,158,37.9,106,104,157,88,73,126,6.8,245,52,95,258,0.43,75,5.6,29.4,15.6,0,4375,9.4,22,0,4,12.5,7,F,no,sedentario
PAC012239,25,79.8,155,33.2,85,75,129,77,68,93,5.7,221,52,123,145,0.68,104,9.0,10.8,11.2,3,7034,7.9,13,20,1,5.2,9,F,si,ligero
PAC012240,64,78.2,145,37.2,101,99,155,110,79,135,6.4,170,49,152,227,0.7,70,3.1,21.2,15.1,0,500,7.3,13,0,3,13.4,7,M,no,sedentario
PAC012241,18,52.5,166,19.1,108,81,131,70,81,124,6.9,193,63,139,98,0.95,94,4.9,24.2,10.5,5,8237,6.9,26,34,3,10.5,6,F,no,sedentario
PAC012242,70,90.0,140,45.9,119,87,140,96,59,127,6.5,205,37,94,248,0.4,19,8.2,30.2,15.0,4,3947,6.3,11,1,2,11.9,7,M,no,sedentario
PAC012243,63,68.7,148,31.4,114,90,152,93,71,73,6.8,216,57,184,187,0.61,73,4.3,26.2,15.9,2,1926,7.5,0,11,3,15.2,5,M,no,activo
PAC012244,57,40.0,168,14.2,95,93,112,77,79,75,5.7,227,72,98,73,0.92,111,2.1,5.0,11.1,6,11595,9.5,18,23,1,8.0,8,M,no,ligero
PAC012245,21,84.5,163,31.8,70,106,113,75,71,60,5.6,155,85,161,98,1.12,102,3.1,49.7,16.1,5,12705,8.7,10,1,4,8.9,0,M,no,activo
PAC012246,68,77.5,192,21.0,92,80,159,90,52,153,7.5,247,25,145,169,1.19,79,9.4,24.6,16.1,0,1303,9.4,9,0,2,9.9,8,M,si,ligero
PAC012247,63,96.3,159,38.1,102,109,160,99,77,107,5.4,248,44,129,195,0.4,70,3.3,29.4,15.3,4,6554,7.1,8,0,1,10.8,6,F,no,ligero
PAC012248,34,89.1,162,34.0,80,115,105,77,75,90,4.5,173,62,116,161,0.59,78,0.1,45.8,15.5,6,15763,8.0,0,0,5,4.0,0,F,si,sedentario
PAC012249,75,109.7,205,26.1,122,93,147,107,62,97,7.4,308,50,175,196,0.97,81,7.0,21.1,15.3,0,4562,9.7,13,5,1,9.5,4,M,no,sedentario
PAC012250,39,75.6,184,22.3,101,116,129,78,70,71,4.2,157,69,137,40,0.72,93,1.7,31.7,13.3,9,13905,8.9,12,0,6,7.6,0,M,no,ligero
PAC012251,90,86.5,185,25.3,114,103,119,83,66,111,7.3,218,42,136,206,0.74,84,3.0,41.1,13.9,0,500,9.1,0,2,1,10.8,6,F,no,sedentario
PAC012252,49,74.0,155,30.8,112,101,151,87,92,126,5.5,198,62,173,199,0.41,84,6.0,36.1,14.8,0,5527,4.4,7,0,2,14.5,9,F,no,ligero
PAC012253,66,84.7,150,37.6,113,96,175,106,72,87,5.2,226,68,156,125,0.58,110,4.8,16.0,15.9,4,8144,4.3,7,0,2,10.5,5,F,no,sedentario
PAC012254,36,85.3,188,24.1,72,86,118,70,60,75,4.1,215,48,76,133,1.07,81,0.5,29.4,13.5,11,11757,8.7,3,10,6,8.4,6,M,no,activo
PAC012255,86,85.6,205,20.4,122,101,142,87,73,142,8.0,207,36,171,286,1.41,102,3.4,31.0,14.8,4,3117,8.9,2,0,2,12.7,7,F,no,sedentario
PAC012256,18,46.0,163,17.3,60,107,109,60,73,104,5.2,164,68,122,92,0.97,124,0.7,46.8,14.6,7,14367,9.4,0,6,5,7.9,0,F,si,ligero
PAC012257,32,79.1,140,40.4,81,89,111,59,66,80,4.7,168,85,86,134,1.14,99,2.7,33.8,12.7,9,15034,9.6,6,5,4,7.1,2,F,si,activo
PAC012258,70,85.4,150,38.0,82,99,152,99,74,114,6.7,188,27,146,81,0.47,81,6.5,26.7,16.7,7,3665,5.7,9,14,2,10.6,9,M,si,sedentario
PAC012259,44,81.5,151,35.7,79,98,130,76,67,95,4.2,159,74,98,47,1.47,130,0.1,25.9,14.3,10,12494,6.0,0,6,6,7.1,6,M,no,activo
PAC012260,55,66.5,168,23.6,78,109,109,72,77,102,4.4,239,63,156,40,1.09,75,1.4,48.0,16.4,10,12518,8.6,15,0,6,6.3,3,M,si,sedentario
PAC012261,34,67.5,164,25.1,93,104,102,72,95,86,5.0,216,66,72,51,1.03,87,1.4,26.8,12.4,2,12009,8.7,17,26,3,14.2,10,F,no,ligero
PAC012262,76,72.6,165,26.7,106,105,174,90,95,114,5.8,240,59,160,246,0.54,86,2.9,19.6,14.7,3,5007,6.0,12,1,3,16.3,7,F,no,sedentario
PAC012263,65,90.2,183,26.9,104,101,130,73,83,145,7.1,248,47,143,231,1.57,86,6.0,58.5,14.8,2,1070,7.9,13,4,3,11.1,10,F,si,sedentario
PAC012264,71,103.6,195,27.2,136,92,112,99,84,124,6.5,231,35,214,253,1.25,84,5.5,38.1,15.3,3,4327,7.8,16,11,1,12.3,7,M,si,ligero
PAC012265,74,77.3,150,34.4,100,94,137,93,88,86,6.5,176,32,181,112,0.76,72,3.6,27.6,16.7,2,5121,5.8,2,0,2,14.4,3,M,no,ligero
PAC012266,30,43.1,173,14.4,73,98,125,97,71,75,4.0,152,64,110,72,0.95,113,0.1,33.2,14.3,12,15604,8.1,13,4,5,5.9,4,M,si,ligero
PAC012267,76,63.1,194,16.8,136,110,129,91,77,155,6.6,203,30,227,324,0.9,73,6.6,32.7,16.6,0,6205,8.7,21,12,3,14.0,5,M,si,sedentario
PAC012268,33,62.4,181,19.0,78,101,91,70,65,92,5.3,203,62,94,87,0.91,104,0.5,37.6,16.2,11,14408,8.0,12,2,6,7.3,5,M,no,sedentario
PAC012269,39,52.5,179,16.4,67,107,116,67,74,102,4.4,193,80,101,79,1.15,84,5.1,41.9,12.5,10,8656,7.5,12,19,4,8.3,1,F,si,sedentario
PAC012270,45,60.4,166,21.9,68,109,119,84,62,90,4.8,193,40,101,158,1.08,93,1.8,49.3,17.2,7,11277,8.8,0,0,4,12.3,3,F,si,ligero
PAC012271,37,69.4,172,23.5,89,104,154,72,96,86,4.0,155,63,123,100,1.06,103,5.2,18.9,11.4,3,7143,8.9,25,16,0,10.3,9,F,no,sedentario
PAC012272,66,89.3,150,39.7,103,108,146,87,69,139,5.0,240,59,162,86,0.43,82,5.4,32.3,12.7,0,2697,8.0,4,7,1,12.0,10,F,no,ligero
PAC012273,43,67.5,180,20.8,108,93,129,69,71,90,4.6,235,52,142,40,0.92,97,4.6,19.0,8.4,4,10373,9.0,17,32,0,11.9,10,M,si,sedentario
PAC012274,59,118.1,180,36.5,112,92,159,80,81,144,6.7,198,37,115,332,1.01,79,5.9,33.0,11.3,3,500,9.3,10,3,0,10.3,9,F,si,ligero
PAC012275,28,53.6,158,21.5,87,82,121,81,67,68,5.5,168,61,177,40,0.61,107,8.7,24.8,10.1,5,14580,7.4,13,20,3,8.8,9,M,no,activo
PAC012276,18,62.6,165,23.0,88,97,130,74,83,64,5.8,165,53,133,84,0.71,93,0.7,22.1,13.8,10,7198,6.5,20,28,2,7.6,9,M,si,sedentario
PAC012277,28,75.6,146,35.5,108,95,156,112,59,118,7.0,246,62,148,178,0.78,74,4.6,34.9,17.3,4,500,7.3,9,5,2,12.3,9,F,si,activo
PAC012278,87,63.3,140,32.3,101,82,143,94,62,122,5.4,231,47,147,190,0.45,89,8.7,31.7,16.2,2,4943,5.8,0,0,4,9.2,7,M,no,sedentario
PAC012279,62,104.6,191,28.7,99,95,137,83,70,113,6.8,251,55,232,203,1.22,89,7.3,39.0,13.9,0,500,8.1,13,3,1,13.9,3,F,si,activo
PAC012280,63,72.4,179,22.6,120,100,144,72,80,116,6.8,294,34,158,200,0.92,71,10.1,32.0,13.6,0,3885,8.0,24,7,3,10.5,7,F,si,sedentario
PAC012281,48,64.4,140,32.9,85,96,143,92,69,90,5.6,238,34,151,235,0.4,70,6.6,28.8,14.6,4,5036,5.7,12,0,3,15.9,6,M,no,sedentario
PAC012282,46,89.0,188,25.2,66,104,123,59,72,112,6.1,171,88,82,40,1.55,105,1.2,26.0,14.8,7,13733,8.4,4,2,5,4.9,1,F,no,ligero
PAC012283,54,95.9,145,45.6,105,82,181,105,67,139,6.6,199,49,120,164,0.49,52,3.6,33.4,14.5,0,2443,6.6,8,3,1,13.8,6,M,no,sedentario
PAC012284,63,75.5,147,34.9,87,96,165,107,87,91,5.4,250,54,180,214,0.54,79,4.9,41.2,17.7,0,6752,7.8,19,0,4,8.4,5,M,si,ligero
PAC012285,72,92.5,196,24.1,127,100,135,85,78,166,8.2,252,42,167,286,0.95,80,7.8,23.0,16.7,0,6437,7.2,0,19,1,13.1,9,F,si,sedentario
PAC012286,87,67.8,150,30.1,85,82,143,98,74,94,5.2,247,65,103,182,0.4,84,3.9,41.8,14.5,0,1988,5.2,1,0,1,12.7,3,M,no,sedentario
PAC012287,35,40.0,162,15.2,83,96,122,75,69,98,4.0,171,63,119,169,0.81,70,5.5,29.0,12.1,8,9622,8.4,13,17,0,8.9,10,F,no,ligero
PAC012288,82,82.7,155,34.4,92,95,161,98,71,97,5.2,235,35,135,189,0.4,66,6.7,39.2,15.3,0,2473,3.9,11,0,7,9.2,7,M,no,ligero
PAC012289,81,98.1,152,42.5,124,108,151,106,56,113,5.6,228,44,121,259,0.6,109,3.3,36.6,15.5,2,582,4.5,12,7,2,14.1,10,M,no,sedentario
PAC012290,24,65.6,171,22.4,83,92,114,79,59,60,5.1,116,68,100,40,0.68,108,5.1,36.9,15.4,11,12849,8.8,6,0,3,5.3,7,F,no,ligero
PAC012291,57,75.4,194,20.0,109,112,143,84,88,126,8.2,259,46,198,265,0.95,78,6.4,37.5,15.4,0,566,8.3,10,9,0,8.3,9,M,si,ligero
PAC012292,31,84.0,169,29.4,105,101,121,65,73,94,5.1,159,58,118,91,0.98,109,5.1,26.3,12.4,5,5303,6.5,21,13,1,11.0,9,M,no,sedentario
PAC012293,73,78.6,141,39.5,98,95,167,90,89,95,5.5,159,45,121,195,0.64,95,1.2,27.9,15.0,1,2093,5.3,18,10,3,13.5,5,F,si,sedentario
PAC012294,49,70.8,150,31.5,74,101,102,89,56,70,5.6,186,71,78,42,1.31,98,2.0,31.5,15.1,9,4256,8.9,1,14,4,6.6,0,M,si,activo
PAC012295,90,102.9,140,52.5,119,110,170,106,81,97,5.3,265,50,108,109,0.4,77,2.8,34.6,15.6,3,6359,6.2,4,5,0,14.6,2,M,si,activo
PAC012296,65,112.6,202,27.6,141,92,139,89,75,142,6.6,227,57,144,183,1.22,101,2.0,41.6,15.1,0,5693,9.0,6,7,1,10.1,8,M,si,sedentario
PAC012297,73,76.0,195,20.0,117,111,139,91,62,128,7.7,247,46,132,212,1.46,91,6.9,21.1,16.3,0,500,7.1,12,11,3,12.4,8,M,no,activo
PAC012298,61,85.5,144,41.2,88,88,178,104,69,106,6.2,222,66,130,96,0.7,71,5.2,27.9,15.9,0,5610,3.8,2,0,1,9.0,5,F,si,sedentario
PAC012299,64,40.0,166,14.5,81,87,125,66,88,108,5.3,249,66,120,112,0.9,130,3.0,20.0,11.8,7,6762,9.0,19,22,1,13.9,10,F,no,ligero
PAC012300,86,89.9,191,24.6,125,88,115,86,78,135,7.0,231,27,199,275,1.18,65,6.2,23.2,15.3,2,3845,9.0,5,0,0,11.5,8,F,si,sedentario
PAC012301,66,94.9,146,44.5,118,83,168,112,66,76,5.7,262,33,108,147,0.41,95,5.3,31.4,15.9,3,2707,5.4,14,3,2,12.4,5,M,si,ligero
PAC012302,18,56.0,162,21.3,98,91,121,67,79,67,6.7,176,65,98,109,0.86,97,5.8,15.8,14.6,7,12727,8.0,12,24,2,5.5,7,F,no,ligero
PAC012303,29,62.9,164,23.4,100,110,123,76,45,104,4.2,235,74,65,60,1.13,94,0.1,39.5,14.0,12,11233,10.5,4,5,6,6.4,0,M,no,activo
PAC012304,24,66.2,161,25.5,71,107,112,69,54,82,4.5,146,58,95,131,0.85,120,4.3,38.1,16.2,8,13283,9.8,9,0,9,6.4,3,F,no,sedentario
PAC012305,32,55.3,174,18.3,72,91,114,69,81,64,4.7,170,61,102,40,1.2,109,0.5,43.7,13.8,10,14230,9.4,17,11,7,7.4,1,M,no,activo
PAC012306,73,83.0,140,42.3,115,79,176,97,89,143,4.9,141,57,103,228,0.91,84,5.9,17.0,17.0,0,2206,4.4,1,14,5,14.8,5,M,si,sedentario
PAC012307,28,67.9,164,25.2,76,102,99,74,68,60,5.0,193,49,90,40,1.05,85,3.2,39.4,14.1,10,18979,9.6,9,0,6,3.9,0,F,si,ligero
PAC012308,35,48.1,163,18.1,106,93,102,93,68,60,5.9,182,65,129,119,0.89,76,0.1,28.5,13.0,13,12552,8.3,8,0,6,3.6,7,F,si,activo
PAC012309,32,57.4,174,19.0,75,96,120,85,46,67,4.5,214,74,83,118,1.08,96,3.7,50.1,13.3,11,16944,8.9,2,8,7,2.0,3,M,no,sedentario
PAC012310,40,63.3,140,32.3,77,91,114,65,102,76,5.8,170,56,151,147,0.75,79,2.7,14.7,10.6,4,7175,7.5,17,29,2,13.1,9,F,no,ligero
PAC012311,62,104.5,205,24.9,123,104,113,72,93,139,6.8,273,44,148,388,1.19,101,11.6,45.9,14.9,0,500,9.2,23,12,3,6.2,5,M,no,sedentario
PAC012312,25,67.5,160,26.4,89,109,124,75,78,99,5.7,166,60,107,92,0.93,88,4.8,31.2,10.5,8,10955,9.9,20,26,3,6.8,8,F,no,ligero
PAC012313,18,64.6,145,30.7,85,94,100,65,78,83,4.2,226,43,101,154,1.1,86,2.7,20.2,10.6,5,7659,5.9,25,23,3,6.4,5,F,no,ligero
PAC012314,69,76.6,150,34.0,110,105,133,94,85,128,5.3,256,54,142,195,0.4,82,2.5,28.6,12.4,7,1979,6.6,11,0,4,14.7,4,F,si,ligero
PAC012315,59,65.2,164,24.2,95,92,120,68,90,70,5.4,163,62,69,59,0.97,112,3.7,29.6,11.5,11,7055,8.7,18,8,2,6.2,9,F,no,ligero
PAC012316,30,76.6,168,27.1,60,94,130,82,66,78,5.0,232,77,79,40,0.87,99,0.8,29.0,13.0,9,9783,8.1,8,3,7,4.7,4,M,no,sedentario
PAC012317,41,77.1,159,30.5,66,88,126,61,72,118,4.3,166,68,118,52,0.81,72,0.1,29.2,10.2,3,2050,10.8,11,17,0,8.0,10,F,si,activo
PAC012318,52,76.7,192,20.8,103,99,118,78,84,132,7.5,214,38,157,217,1.11,104,7.5,42.8,15.2,0,3574,10.6,11,10,5,12.8,6,F,no,sedentario
PAC012319,80,75.8,156,31.1,115,107,165,91,86,107,7.0,220,54,159,187,0.58,47,6.7,43.6,18.2,0,5576,5.5,8,0,2,18.2,9,F,si,sedentario
PAC012320,90,59.8,145,28.4,112,84,146,88,78,114,4.7,214,31,130,198,0.63,62,2.4,34.4,16.3,3,2988,4.4,3,3,2,16.5,7,M,no,sedentario
PAC012321,29,66.7,149,30.0,66,103,125,88,93,88,5.6,171,54,121,57,1.16,105,2.3,18.7,11.3,12,7499,7.1,32,19,0,9.5,10,F,no,activo
PAC012322,26,45.9,174,15.2,70,97,94,65,50,60,5.2,160,77,52,91,0.94,121,0.1,37.3,13.7,9,16348,7.1,6,0,7,7.7,0,F,no,activo
PAC012323,75,81.1,158,32.5,96,97,140,120,82,100,5.7,313,35,127,223,0.77,74,1.9,27.4,17.1,0,4208,6.4,2,7,2,14.5,7,M,si,ligero
PAC012324,66,56.6,151,24.8,105,106,144,102,65,98,7.0,276,46,153,103,0.5,57,5.6,29.2,14.8,0,2579,7.7,1,0,0,10.0,8,F,no,sedentario
PAC012325,18,69.5,175,22.7,75,111,100,70,60,107,4.6,149,77,77,92,1.12,104,0.1,27.8,11.9,9,12591,10.3,6,9,7,5.6,2,M,no,activo
PAC012326,84,102.6,202,25.1,80,108,140,85,86,120,7.1,247,27,161,219,1.25,86,5.8,42.0,15.3,0,4702,10.2,21,13,0,14.9,6,F,no,sedentario
PAC012327,20,73.9,169,25.9,86,116,99,71,64,80,4.9,155,70,128,40,1.37,96,0.2,36.3,15.5,9,11792,6.9,14,0,5,2.0,3,M,no,activo
PAC012328,37,47.1,163,17.7,71,108,92,89,59,83,5.0,175,46,79,92,1.04,93,0.1,40.9,12.5,9,17016,8.3,2,0,7,3.8,1,M,no,ligero
PAC012329,26,87.2,160,34.1,75,97,139,89,73,108,4.4,243,78,109,186,0.94,130,2.3,26.6,12.2,6,9869,7.6,24,23,2,3.5,10,M,si,ligero
PAC012330,44,78.9,152,34.1,104,96,162,101,70,82,6.0,267,63,163,205,0.4,53,7.6,27.2,16.3,3,8938,7.2,4,2,0,16.3,6,F,si,activo
PAC012331,78,91.8,190,25.4,116,95,120,81,87,95,6.7,288,25,81,274,1.44,61,1.8,44.1,10.6,1,1528,9.5,22,17,1,9.2,10,F,si,ligero
PAC012332,18,59.1,174,19.5,83,111,110,62,55,87,4.6,181,72,112,79,0.87,99,0.1,30.7,16.3,11,13118,7.0,0,0,4,5.9,1,M,no,ligero
PAC012333,18,67.6,176,21.8,84,104,146,75,53,60,4.1,171,59,81,40,1.03,98,2.9,45.2,13.3,10,11876,7.9,14,0,6,9.0,4,F,si,sedentario
PAC012334,61,89.8,195,23.6,114,99,140,91,79,127,6.6,239,43,167,288,1.12,97,8.0,31.7,16.4,1,7041,8.4,5,13,2,11.5,5,M,no,sedentario
PAC012335,80,99.7,164,37.1,109,92,163,97,82,110,6.6,208,37,152,228,0.4,70,3.1,37.7,16.4,0,5414,6.3,3,5,4,14.1,7,M,no,ligero
PAC012336,58,103.8,186,30.0,122,101,135,82,68,131,7.9,225,25,141,319,1.18,77,6.7,19.8,15.7,0,7159,8.4,22,19,0,9.4,10,F,no,sedentario
PAC012337,56,89.2,187,25.5,123,99,126,86,91,160,7.4,258,44,170,390,0.93,50,6.2,41.8,14.9,0,4314,10.0,20,15,1,15.3,8,M,si,sedentario
PAC012338,19,45.4,165,16.7,62,110,121,75,55,73,4.8,185,75,95,79,1.07,127,7.9,43.8,16.7,11,14755,9.0,4,0,5,5.9,2,M,no,sedentario
PAC012339,78,112.1,146,52.6,90,113,160,96,86,76,5.4,242,64,132,202,0.73,61,6.5,13.5,15.1,3,4970,5.4,13,0,1,16.4,8,F,no,sedentario
PAC012340,44,69.6,140,35.5,74,94,100,74,95,97,4.7,135,57,134,97,1.45,114,2.2,22.9,13.7,5,12915,6.8,16,38,4,8.0,7,F,si,sedentario
PAC012341,18,59.8,163,22.5,76,94,131,81,60,60,5.3,141,55,114,75,1.24,49,3.1,34.3,13.4,12,12707,8.9,0,7,6,4.6,3,M,no,activo
PAC012342,18,40.0,166,14.5,70,126,121,75,73,60,6.0,173,73,129,40,1.05,70,0.1,35.3,15.6,7,15984,8.2,11,11,4,5.2,3,F,no,ligero
PAC012343,19,40.0,173,13.4,64,116,126,67,64,72,5.6,201,75,136,140,0.8,101,1.4,45.8,16.3,11,12768,9.2,7,7,6,3.9,4,M,no,ligero
PAC012344,76,62.7,153,26.8,93,89,168,95,72,98,5.9,240,56,171,230,0.71,99,1.4,37.7,14.7,0,500,7.1,10,7,2,14.4,6,M,si,sedentario
PAC012345,18,52.9,162,20.2,81,93,108,80,78,76,6.1,174,70,61,74,1.13,81,3.8,27.4,12.0,10,5143,8.0,28,17,3,9.9,7,F,no,ligero
PAC012346,57,51.7,165,19.0,62,113,114,75,67,105,5.8,228,54,147,115,0.73,110,2.1,33.9,15.9,8,12656,8.3,12,0,4,7.8,3,F,si,ligero
PAC012347,55,100.3,140,51.2,108,95,160,115,75,103,5.8,220,34,133,155,0.7,83,1.2,37.9,16.6,0,1842,4.9,4,0,1,14.6,9,M,no,sedentario
PAC012348,63,92.4,193,24.8,138,106,173,82,76,154,6.5,257,25,167,142,0.8,56,3.1,41.4,17.0,2,2532,9.4,0,1,3,15.2,8,M,no,sedentario
PAC012349,87,78.7,155,32.8,119,87,140,92,68,122,6.6,251,43,208,122,0.55,91,5.0,27.0,15.5,2,500,5.6,15,10,2,12.8,8,M,si,sedentario
PAC012350,72,91.3,187,26.1,116,97,137,85,64,140,6.0,242,68,152,260,1.29,67,9.1,32.1,15.2,0,500,8.1,17,0,3,11.1,6,F,si,activo
PAC012351,72,74.8,140,38.2,118,92,174,93,62,124,5.6,233,39,128,78,0.5,77,0.3,34.9,15.5,0,6121,4.8,5,10,0,8.9,2,F,no,sedentario
PAC012352,37,55.3,163,20.8,90,105,106,71,62,66,6.4,176,79,102,49,1.38,115,3.2,38.3,14.2,8,11381,8.1,12,0,10,5.1,3,M,no,activo
PAC012353,70,82.6,202,20.2,122,96,126,98,75,111,7.6,250,49,176,253,1.29,89,6.7,47.4,13.5,0,500,9.3,7,2,2,8.5,7,M,si,ligero
PAC012354,57,101.1,204,24.3,116,92,104,68,73,121,8.3,249,61,140,312,1.27,73,5.2,11.8,15.9,0,1556,9.9,8,6,3,14.4,8,F,si,ligero
PAC012355,61,71.6,192,19.4,115,95,114,83,76,123,6.7,292,38,170,235,0.96,51,2.5,49.6,13.9,0,500,9.5,15,15,1,9.8,6,F,no,ligero
PAC012356,74,100.1,201,24.8,107,103,151,74,75,116,7.5,310,40,125,281,0.89,68,5.2,20.7,15.5,0,511,10.6,3,6,0,9.2,8,F,si,sedentario
PAC012357,35,59.5,155,24.8,71,100,140,76,45,77,4.8,150,73,86,200,1.19,115,0.1,18.1,15.3,7,14868,9.9,6,5,6,3.5,6,M,no,sedentario
PAC012358,19,71.5,174,23.6,112,86,124,72,56,115,4.2,142,87,145,44,0.84,124,0.5,35.3,15.8,10,11620,7.1,6,3,3,5.8,4,M,no,activo
PAC012359,18,81.9,151,35.9,94,84,96,71,85,99,5.1,178,44,82,182,0.99,120,3.6,33.2,11.3,6,7379,9.6,11,9,3,7.7,6,M,no,ligero
PAC012360,87,104.4,151,45.8,124,91,139,93,83,82,5.1,239,54,111,253,0.64,65,1.3,50.1,15.9,0,2066,5.4,0,2,2,13.8,5,F,si,ligero
PAC012361,74,86.6,188,24.5,105,120,129,98,97,136,7.7,191,46,152,205,0.92,90,6.5,29.8,14.2,0,2370,8.0,10,6,1,11.6,4,M,no,sedentario
PAC012362,70,98.5,144,47.5,98,100,162,102,68,104,4.0,229,38,158,101,0.55,77,6.7,27.5,16.4,1,3371,5.5,8,6,0,12.1,8,F,no,sedentario
PAC012363,69,91.7,166,33.3,86,103,154,86,77,147,6.7,215,50,110,173,0.42,78,5.9,26.9,17.1,3,4038,6.7,23,2,1,15.3,5,M,si,ligero
PAC012364,18,85.3,155,35.5,96,106,127,72,57,76,4.7,163,71,98,80,1.07,98,0.1,40.7,15.0,10,14118,9.5,9,2,7,9.0,6,F,no,sedentario
PAC012365,74,104.5,201,25.9,108,99,139,95,80,108,6.1,248,51,136,353,1.24,77,6.6,47.2,15.7,0,2488,11.0,10,0,0,9.3,9,M,si,sedentario
PAC012366,43,73.2,149,33.0,72,95,125,60,84,125,4.0,179,91,105,86,0.69,93,4.8,9.6,12.2,9,10510,8.1,22,33,1,7.6,7,F,no,sedentario
PAC012367,18,55.5,163,20.9,80,93,138,80,51,97,5.4,193,47,85,169,0.76,99,0.4,35.4,15.1,11,11828,7.6,20,8,8,11.4,4,F,no,ligero
PAC012368,18,68.1,159,26.9,71,111,132,68,60,79,4.0,190,68,96,40,1.23,98,0.1,49.0,11.3,7,12794,7.4,0,11,4,7.4,1,F,no,ligero
PAC012369,29,70.6,170,24.4,90,112,90,72,72,112,5.0,172,57,128,68,0.95,104,0.1,28.2,13.1,5,15087,6.5,5,0,8,2.0,1,M,no,ligero
PAC012370,62,81.7,153,34.9,113,92,145,96,74,106,6.5,255,36,124,185,0.54,37,4.1,23.5,15.7,0,3536,5.6,2,0,1,15.4,7,F,no,sedentario
PAC012371,26,71.9,158,28.8,60,98,119,64,58,80,4.9,174,74,96,51,1.15,130,2.3,33.4,16.0,9,15259,8.4,3,0,5,7.4,2,M,si,ligero
PAC012372,80,64.8,156,26.6,102,88,176,94,79,121,4.7,278,73,110,150,0.6,86,2.9,30.7,15.2,0,5533,6.4,13,0,1,15.6,7,M,si,ligero
PAC012373,73,93.3,183,27.9,112,108,135,85,83,116,7.9,258,31,160,341,1.28,72,8.2,37.7,15.8,0,500,10.2,9,3,0,13.7,9,F,no,sedentario
PAC012374,18,46.3,173,15.5,109,75,112,92,84,80,6.5,188,60,118,40,0.79,121,0.1,35.3,11.8,3,11037,7.1,19,26,1,6.7,8,M,si,sedentario
PAC012375,20,62.2,157,25.2,85,97,149,73,89,82,5.1,160,51,97,69,1.0,114,0.1,13.1,11.0,10,8584,7.4,31,24,2,4.7,9,F,si,ligero
PAC012376,58,73.1,190,20.2,116,90,149,107,73,110,8.5,239,55,188,323,1.06,48,3.9,40.0,14.8,0,610,6.4,4,8,2,10.6,6,F,no,sedentario
PAC012377,69,89.6,205,21.3,123,104,155,82,87,103,8.0,248,64,144,229,1.21,88,6.1,42.5,12.9,0,500,8.3,0,3,3,12.7,7,F,no,sedentario
PAC012378,57,47.9,169,16.8,93,97,130,75,57,71,4.3,184,86,92,40,1.02,122,0.6,12.8,15.5,8,12259,10.3,1,12,7,2.8,1,M,no,sedentario
PAC012379,87,94.3,193,25.3,120,98,150,102,71,124,5.1,255,25,160,336,1.33,51,11.4,22.9,14.8,2,5465,7.5,0,0,2,7.6,9,M,no,sedentario
PAC012380,47,88.0,198,22.4,107,109,139,82,82,120,7.5,217,39,153,285,1.17,81,7.2,29.6,12.7,2,1152,8.0,0,0,1,13.8,4,M,no,sedentario
PAC012381,35,65.0,148,29.7,79,92,124,73,75,102,5.5,166,59,130,55,0.73,114,2.1,24.8,10.5,7,10037,6.9,10,20,4,7.3,6,M,no,ligero
PAC012382,44,71.4,168,25.3,80,75,111,59,89,97,6.0,199,49,90,146,1.0,110,3.3,26.4,11.8,9,6322,7.8,24,31,1,5.0,7,F,si,activo
PAC012383,86,76.8,140,39.2,99,91,131,97,66,130,6.3,261,60,139,127,0.49,69,3.8,42.5,19.0,5,500,6.1,0,0,2,14.9,5,F,si,sedentario
PAC012384,43,91.1,159,36.0,86,96,117,69,81,87,5.7,179,64,137,138,1.08,111,3.5,6.2,9.7,2,8293,9.1,12,34,1,9.8,9,M,si,sedentario
PAC012385,28,46.9,166,17.0,92,114,126,64,55,78,5.0,138,67,149,40,1.41,91,4.6,28.2,12.1,8,14396,8.3,0,0,7,8.8,1,M,no,sedentario
PAC012386,18,91.4,172,30.9,84,94,130,56,80,81,6.4,235,50,178,172,0.65,98,2.3,39.0,12.0,0,4962,6.2,28,17,3,13.1,8,M,no,ligero
PAC012387,83,79.0,148,36.1,103,101,140,107,73,86,5.9,218,41,174,164,0.42,53,4.1,38.7,15.5,3,7434,6.1,14,0,2,15.0,8,M,si,sedentario
PAC012388,75,118.8,140,60.6,91,104,157,110,62,69,6.6,315,45,143,120,0.7,74,4.8,28.0,15.3,0,3842,6.6,25,2,1,12.4,7,M,si,activo
PAC012389,27,72.6,156,29.8,85,92,100,66,69,67,6.4,187,53,55,44,0.97,113,0.1,39.9,16.9,11,17566,8.3,0,0,8,2.0,3,M,no,activo
PAC012390,24,64.4,159,25.5,88,101,105,82,87,97,5.1,200,69,124,119,1.04,93,3.3,5.7,10.9,5,3452,9.4,26,4,1,3.3,10,M,si,ligero
PAC012391,37,60.4,161,23.3,95,106,129,68,50,91,5.0,182,94,98,58,0.99,91,0.1,25.8,13.2,3,12900,5.9,1,4,2,3.2,5,F,no,ligero
PAC012392,63,89.8,141,45.2,112,94,175,102,87,88,4.6,222,39,166,166,0.87,87,1.0,26.3,15.8,4,1415,6.0,5,0,1,10.0,6,F,no,activo
PAC012393,81,67.8,140,34.6,146,111,162,112,76,138,5.7,194,52,129,89,0.61,52,1.2,10.9,15.1,0,3592,5.4,0,0,3,13.2,7,M,no,activo
PAC012394,61,81.9,140,41.8,110,90,142,89,77,75,7.7,205,40,153,171,0.64,42,7.1,35.9,16.5,0,4007,6.7,13,2,3,14.0,6,M,no,ligero
PAC012395,73,86.1,205,20.5,104,104,116,89,82,141,7.2,285,48,79,256,1.11,89,7.4,32.8,14.9,1,2787,9.7,10,0,0,12.6,10,M,no,sedentario
PAC012396,36,114.9,155,47.8,88,96,179,99,80,60,4.9,277,47,101,203,0.4,80,1.9,23.0,16.7,0,1709,6.2,8,4,4,14.3,3,M,no,sedentario
PAC012397,26,72.5,155,30.2,84,95,110,86,94,105,4.0,187,63,40,113,0.81,112,3.3,22.1,10.0,5,8954,6.7,24,28,1,12.9,6,F,no,sedentario
PAC012398,84,99.5,205,23.7,116,111,150,75,74,127,6.5,309,40,172,237,1.39,81,7.1,42.0,14.4,0,6045,7.3,11,6,3,14.9,7,F,si,ligero
PAC012399,60,101.2,205,24.1,115,111,152,88,74,128,6.8,219,55,163,154,1.37,81,6.0,39.0,14.1,5,500,7.6,12,12,3,10.8,7,F,no,sedentario
PAC012400,37,80.0,159,31.6,93,96,118,73,83,95,5.4,198,77,126,86,0.89,109,3.8,31.6,10.9,3,9326,10.6,25,25,4,11.7,6,M,no,ligero
PAC012401,54,107.8,189,30.2,117,112,161,94,68,148,6.2,249,31,194,285,1.11,54,8.1,32.7,13.7,0,5326,9.6,17,0,2,15.9,4,M,si,ligero
PAC012402,18,65.9,152,28.5,89,98,120,83,82,115,5.5,204,56,130,90,1.01,101,4.4,5.0,9.5,9,12668,5.6,21,34,0,9.9,5,M,no,ligero
PAC012403,22,64.6,172,21.8,67,93,95,65,64,94,4.7,182,62,144,117,0.99,89,2.0,36.0,11.6,9,17569,9.3,0,0,8,4.2,3,M,no,ligero
PAC012404,79,90.1,157,36.6,108,103,180,79,86,93,5.9,177,38,154,98,0.54,68,7.5,31.8,13.9,0,2192,6.6,0,6,0,15.5,6,F,si,sedentario
PAC012405,41,65.6,146,30.8,83,100,114,79,78,60,5.2,154,66,101,85,0.82,99,6.9,35.6,10.3,1,6322,8.8,36,25,0,11.6,5,M,si,ligero
PAC012406,62,93.0,150,41.3,121,86,149,93,83,81,6.4,209,47,145,268,0.4,74,3.1,19.4,15.3,1,3440,3.6,15,6,5,17.3,6,M,no,sedentario
PAC012407,80,97.3,143,47.6,96,107,151,105,75,91,5.8,238,51,121,113,0.46,94,6.3,22.5,16.2,3,3237,8.7,19,9,1,15.2,7,M,si,sedentario
PAC012408,71,88.9,201,22.0,117,103,153,113,84,159,7.7,283,46,147,299,1.09,91,3.0,53.9,15.1,2,5026,8.8,13,16,1,9.2,9,M,no,ligero
PAC012409,72,88.4,149,39.8,93,110,169,91,84,95,5.4,172,29,113,245,0.86,83,3.5,33.2,16.4,0,7161,5.6,3,5,2,11.2,3,M,no,sedentario
PAC012410,73,94.9,205,22.6,97,109,139,85,76,136,8.2,237,38,179,399,1.55,54,5.1,37.9,17.9,0,8180,8.7,8,2,0,7.6,8,M,si,sedentario
PAC012411,64,108.0,205,25.7,107,92,127,83,76,158,8.2,221,42,174,338,0.9,86,8.2,33.3,13.6,0,7086,8.3,6,0,0,12.3,6,F,si,ligero
PAC012412,65,88.5,187,25.3,92,100,138,74,91,151,7.0,231,36,124,259,1.12,76,4.6,40.4,12.7,0,500,8.2,17,12,1,10.6,7,M,si,ligero
PAC012413,32,64.5,159,25.5,60,84,114,84,62,107,7.3,185,66,100,144,0.8,95,1.4,52.2,14.6,7,8833,7.9,0,0,5,8.1,1,F,no,activo
PAC012414,40,63.7,158,25.5,60,110,111,87,75,87,4.7,156,71,111,82,0.96,108,2.1,30.2,14.7,10,6470,9.3,6,2,7,8.9,6,F,no,ligero
PAC012415,70,111.0,182,33.5,117,95,144,73,75,144,7.4,277,48,182,257,1.19,51,4.6,49.3,15.6,0,1470,8.1,6,8,1,8.0,10,M,no,ligero
PAC012416,18,73.2,169,25.6,70,90,141,64,48,100,4.3,163,87,141,40,0.99,79,0.1,24.0,14.2,4,8862,8.1,6,0,2,5.5,3,F,no,activo
PAC012417,81,95.6,157,38.8,92,91,142,84,73,94,6.5,233,39,130,191,0.4,48,6.2,26.2,16.6,5,9135,6.6,14,17,3,8.0,6,M,si,sedentario
PAC012418,37,55.8,163,21.0,96,99,101,70,55,97,4.6,163,69,76,40,0.95,87,1.1,40.4,16.0,7,13764,10.0,0,0,7,2.9,1,F,no,ligero
PAC012419,90,83.2,140,42.4,105,82,172,100,83,104,4.3,287,57,169,266,0.62,68,2.5,24.7,15.7,2,3148,5.2,15,5,0,12.8,6,F,si,ligero
PAC012420,28,76.8,202,18.8,137,98,149,90,81,138,7.6,218,64,212,264,0.99,66,4.7,37.8,15.8,0,1557,8.8,9,9,0,10.7,9,F,no,sedentario
PAC012421,29,77.5,163,29.2,100,99,110,73,70,73,5.5,175,70,149,54,1.14,130,1.5,49.1,15.4,9,15245,8.5,2,1,6,5.3,1,M,no,sedentario
PAC012422,18,46.9,188,13.3,76,86,105,70,60,84,5.2,210,80,112,84,1.15,106,2.6,26.1,15.4,4,12135,6.5,0,0,5,8.7,2,M,si,ligero
PAC012423,55,68.0,144,32.8,98,93,157,100,64,88,6.8,223,56,124,114,0.4,78,5.1,22.4,15.7,0,3431,5.9,12,0,0,11.1,7,F,no,sedentario
PAC012424,90,97.0,140,49.5,116,94,175,97,55,104,6.3,261,55,162,220,0.4,73,7.2,46.6,16.9,0,4855,6.4,15,5,3,12.6,10,F,si,sedentario
PAC012425,18,65.3,158,26.2,80,115,113,75,84,94,4.2,180,74,100,97,1.24,100,0.1,42.4,15.6,6,11864,8.4,0,0,5,6.4,1,F,si,ligero
PAC012426,23,67.3,157,27.3,75,93,136,70,101,82,5.5,231,73,119,82,0.73,90,7.0,28.9,13.5,6,6794,7.9,31,33,2,13.4,10,F,no,ligero
PAC012427,65,79.7,197,20.5,125,89,129,79,70,113,7.5,230,28,157,243,1.01,88,6.6,33.0,14.0,2,5546,10.1,0,9,4,10.9,8,F,si,sedentario
PAC012428,18,64.8,178,20.5,78,105,90,62,67,62,6.2,149,68,97,98,0.81,85,5.8,34.6,15.4,7,11757,9.4,7,4,6,3.9,2,F,si,ligero
PAC012429,68,114.2,187,32.7,129,103,129,87,68,132,7.3,229,33,123,241,0.97,42,8.0,42.9,15.1,0,500,8.7,19,12,2,8.1,9,M,si,ligero
PAC012430,44,83.3,157,33.8,78,83,99,78,64,67,5.7,195,61,63,88,1.12,118,2.0,41.3,12.6,7,11734,7.2,12,13,9,3.1,3,M,no,sedentario
PAC012431,65,97.9,199,24.7,101,104,148,73,91,141,6.4,193,28,184,389,1.13,39,7.7,47.2,15.4,1,4063,6.6,20,6,0,11.4,7,F,no,ligero
PAC012432,23,72.3,181,22.1,81,108,110,70,71,84,4.8,161,74,81,149,1.04,120,5.7,34.6,13.7,12,13936,10.0,1,5,8,4.3,2,M,no,sedentario
PAC012433,63,94.1,196,24.5,150,118,127,77,81,131,7.8,283,45,171,318,1.15,94,2.7,41.4,12.4,2,1753,9.6,7,11,0,12.6,3,F,si,sedentario
PAC012434,31,53.5,165,19.7,63,93,105,76,65,79,5.2,161,79,116,132,1.13,89,1.5,44.8,15.3,13,13390,8.7,13,0,7,7.1,6,F,si,ligero
PAC012435,55,73.1,140,37.3,91,108,157,104,80,94,6.0,280,38,181,111,0.4,79,0.1,29.4,17.9,0,1543,7.4,8,5,2,14.7,10,F,no,ligero
PAC012436,61,91.3,180,28.2,126,101,132,87,95,141,6.5,217,25,139,240,1.1,116,8.2,34.9,15.6,0,3157,8.8,14,6,1,12.5,5,M,si,sedentario
PAC012437,18,53.1,170,18.4,82,102,129,66,87,77,6.0,222,44,108,40,1.29,108,2.4,44.4,13.4,8,12230,8.2,9,0,6,7.3,6,M,no,activo
PAC012438,57,110.4,144,53.2,100,114,157,81,84,117,6.0,241,28,145,114,0.61,76,1.2,35.6,15.0,0,4348,6.1,6,0,1,12.8,4,M,si,sedentario
PAC012439,71,60.7,169,21.3,72,92,148,84,78,91,4.0,139,64,94,100,0.98,113,4.1,19.4,14.8,6,8360,9.3,13,23,3,10.9,6,M,no,ligero
PAC012440,65,96.1,205,22.9,127,103,99,96,71,130,7.4,256,25,128,238,0.99,93,5.5,46.7,17.2,0,4202,8.5,13,5,1,5.1,8,F,si,sedentario
PAC012441,18,86.4,183,25.8,77,102,101,65,51,60,4.3,170,83,158,184,0.92,91,0.1,18.6,14.6,9,18303,7.5,11,0,7,11.5,2,F,no,sedentario
PAC012442,66,86.6,193,23.2,105,117,147,96,76,125,7.1,214,45,171,281,1.36,77,6.8,52.4,13.7,0,2524,8.5,20,0,2,6.2,9,F,no,sedentario
PAC012443,29,63.7,167,22.8,69,95,114,80,62,91,4.7,217,84,85,91,1.03,105,0.1,34.8,13.2,8,12270,5.6,10,6,5,7.9,4,F,no,sedentario
PAC012444,39,55.8,158,22.4,68,98,147,64,63,75,4.9,191,70,112,98,1.08,109,1.1,17.4,15.8,10,12060,8.9,0,0,7,2.3,4,M,si,ligero
PAC012445,18,47.8,163,18.0,84,92,107,77,83,73,4.4,233,51,111,160,0.96,92,2.6,13.9,8.9,8,5061,7.9,23,27,0,9.9,10,M,si,sedentario
PAC012446,60,99.2,177,31.7,110,79,133,81,74,126,7.3,193,25,189,220,1.36,94,4.1,49.4,14.9,0,1272,9.1,10,4,1,10.4,8,M,si,ligero
PAC012447,27,50.6,160,19.8,74,81,93,101,65,94,5.0,142,46,56,117,1.06,100,3.7,39.5,14.2,11,14733,9.3,1,0,6,3.0,4,F,no,sedentario
PAC012448,62,105.8,193,28.4,128,104,153,86,72,125,7.3,244,43,184,181,1.23,78,4.1,38.3,14.3,0,2790,8.4,14,0,3,11.1,9,F,si,ligero
PAC012449,37,57.0,174,18.8,76,107,125,85,57,101,4.9,148,60,109,197,1.09,102,1.8,41.9,13.1,10,10455,7.9,3,4,7,5.2,2,F,no,ligero
PAC012450,51,85.6,142,42.5,112,96,155,104,88,89,5.0,240,32,175,181,0.52,66,3.6,42.5,16.4,0,2057,4.9,17,5,2,8.1,8,F,si,activo
PAC012451,20,75.7,163,28.5,97,77,115,67,73,89,5.5,186,65,119,155,0.88,95,2.9,21.7,12.2,4,7458,7.4,17,17,0,9.2,6,M,si,sedentario
PAC012452,47,109.0,198,27.8,107,99,152,90,83,115,7.6,287,35,203,279,1.23,71,7.9,40.1,15.2,0,2258,10.5,6,14,1,11.4,4,M,si,sedentario
PAC012453,18,53.2,161,20.5,83,95,122,78,59,62,4.9,152,43,63,186,0.84,106,1.9,30.5,13.7,12,14171,7.5,2,9,7,7.2,2,M,no,sedentario
PAC012454,38,101.1,176,32.6,136,100,137,74,86,116,8.4,231,43,183,245,1.16,57,5.3,54.2,16.7,0,500,8.1,16,4,1,13.2,7,M,si,activo
PAC012455,28,69.9,151,30.7,77,82,127,75,78,79,5.3,196,63,135,66,0.89,84,0.1,24.6,14.4,6,9252,6.5,27,40,1,8.2,7,F,no,ligero
PAC012456,89,101.0,193,27.1,136,103,149,92,65,123,7.1,228,55,191,270,1.0,76,7.1,41.7,13.4,0,500,8.6,5,3,1,15.1,10,F,no,sedentario
PAC012457,40,84.9,196,22.1,126,115,145,85,68,137,6.7,308,48,196,353,1.13,65,8.9,41.1,13.6,0,2398,8.5,7,7,4,11.0,7,F,si,sedentario
PAC012458,26,62.0,140,31.6,73,112,120,75,81,68,4.5,175,84,69,40,1.17,88,0.9,30.3,14.9,6,15426,6.0,7,0,6,3.6,0,M,no,activo
PAC012459,19,82.6,153,35.3,97,93,125,73,77,101,4.0,196,66,61,56,0.79,81,2.6,21.8,12.6,7,5190,9.4,24,16,0,11.6,6,F,si,activo
PAC012460,75,96.6,160,37.7,117,85,131,102,80,99,6.3,192,60,156,152,0.51,89,2.7,42.7,16.4,2,8653,7.7,0,0,1,9.9,3,F,si,ligero
PAC012461,18,57.8,156,23.8,64,88,116,88,67,87,4.9,207,67,85,80,0.74,111,0.1,37.4,14.5,6,16390,9.7,7,2,6,7.9,4,M,si,activo
PAC012462,61,87.7,205,20.9,107,90,154,85,89,132,6.4,237,48,179,307,1.13,89,7.6,25.0,14.8,0,500,7.4,6,1,3,10.6,9,M,no,ligero
PAC012463,70,92.7,151,40.7,103,94,154,93,75,98,5.4,193,66,174,135,0.4,66,7.4,16.8,15.1,1,3087,3.6,9,15,4,14.1,10,F,si,sedentario
PAC012464,83,65.9,160,25.7,110,110,165,94,86,89,5.7,207,36,142,215,0.6,85,7.3,27.8,15.1,3,6747,6.7,9,1,0,12.3,6,M,no,sedentario
PAC012465,79,66.3,145,31.5,101,97,166,104,76,65,5.5,243,25,141,262,0.47,89,7.2,37.3,15.0,1,3960,5.6,22,0,4,12.8,6,F,no,sedentario
PAC012466,18,57.4,145,27.3,82,86,121,65,72,104,4.7,121,46,144,115,0.87,113,0.1,18.3,11.4,6,6015,7.6,17,25,4,10.9,9,F,si,sedentario
PAC012467,76,76.8,188,21.7,135,95,131,101,71,120,6.5,236,29,186,339,1.37,93,4.7,47.3,15.1,4,2123,8.5,8,0,0,9.7,7,F,si,ligero
PAC012468,68,85.8,140,43.8,104,88,153,91,67,129,5.6,168,58,138,158,0.51,56,1.2,20.5,15.6,4,6707,5.1,10,10,1,13.8,7,M,si,sedentario
PAC012469,24,51.0,140,26.0,98,110,122,73,75,81,6.2,205,37,164,89,0.83,111,0.1,27.2,10.9,0,5583,9.1,21,25,3,13.3,10,M,no,activo
PAC012470,59,79.2,150,35.2,103,93,139,97,76,99,7.1,223,42,130,203,0.54,76,1.6,22.7,15.0,3,500,6.4,5,4,2,8.8,5,F,si,sedentario
PAC012471,88,106.8,205,25.4,127,110,118,87,67,133,9.5,175,31,160,285,0.99,75,3.9,55.3,15.2,0,500,10.1,14,3,0,6.1,7,F,no,sedentario
PAC012472,18,63.5,140,32.4,105,85,117,93,90,109,4.1,213,59,104,122,0.89,116,2.4,43.8,10.1,6,9284,7.6,24,11,2,8.7,7,M,no,sedentario
PAC012473,18,66.7,168,23.6,79,88,118,65,61,66,5.1,206,66,77,62,1.23,90,0.9,25.6,13.8,5,13487,8.7,4,6,6,7.2,0,M,si,sedentario
PAC012474,72,73.6,204,17.7,113,98,161,84,94,144,5.7,245,44,130,248,1.25,67,7.1,47.4,13.9,0,5552,10.4,13,2,0,9.7,7,F,si,ligero
PAC012475,30,75.6,172,25.6,86,75,125,74,84,69,4.7,110,54,125,114,1.02,99,5.2,21.5,10.5,4,11640,9.0,26,13,3,4.1,3,M,no,ligero
PAC012476,35,69.8,174,23.1,80,94,137,73,86,78,4.2,191,50,102,148,0.97,77,3.6,6.7,10.8,0,4249,7.2,27,30,1,6.5,7,F,no,ligero
PAC012477,27,75.9,151,33.3,96,108,110,74,92,92,4.6,162,61,118,40,1.02,89,4.0,23.7,10.2,6,11119,8.7,24,23,1,9.6,8,F,no,ligero
PAC012478,37,81.4,172,27.5,75,114,165,72,54,78,4.0,157,65,117,79,1.12,101,0.1,32.9,17.8,10,13372,7.7,15,0,5,8.5,0,F,no,ligero
PAC012479,74,56.5,145,26.9,110,93,156,95,80,105,6.3,237,59,119,119,0.46,52,5.6,5.0,16.4,2,7507,5.7,7,0,2,17.3,7,M,no,sedentario
PAC012480,29,66.6,154,28.1,82,101,126,72,94,118,4.0,179,56,45,142,0.59,79,4.1,20.0,13.7,9,3706,9.7,7,24,2,11.9,6,M,no,ligero
PAC012481,61,85.6,192,23.2,93,89,140,68,76,119,7.9,246,25,148,282,1.36,51,6.1,47.4,12.8,0,1183,9.2,13,8,1,9.7,5,M,si,sedentario
PAC012482,18,40.8,162,15.5,80,89,108,80,64,63,4.1,196,59,87,45,1.08,130,3.2,30.7,12.9,6,10821,9.1,0,0,8,9.4,1,M,si,ligero
PAC012483,18,65.2,174,21.5,81,113,127,75,65,86,5.8,233,55,141,40,0.74,107,0.1,15.2,14.5,8,11708,7.6,5,0,3,8.7,3,M,no,ligero
PAC012484,90,64.7,144,31.2,108,114,146,87,64,123,5.6,267,76,109,106,0.4,53,5.1,42.0,17.0,4,2228,5.4,15,20,4,15.0,5,F,si,sedentario
PAC012485,18,56.6,173,18.9,89,93,133,84,66,66,4.4,209,79,138,184,1.37,100,0.9,39.3,15.0,12,14559,9.9,6,0,7,2.0,3,M,no,activo
PAC012486,33,66.3,185,19.4,138,105,136,80,78,128,6.5,261,25,170,232,1.08,70,5.9,42.4,12.3,2,500,9.7,17,1,3,9.0,7,M,si,sedentario
PAC012487,78,79.0,145,37.6,115,104,158,103,95,68,5.8,184,41,159,234,0.53,88,2.6,33.9,16.5,0,5360,4.6,4,1,1,9.6,5,F,si,activo
PAC012488,27,53.2,170,18.4,84,114,104,74,47,81,6.3,113,65,82,48,1.02,107,2.7,29.4,12.2,10,15008,6.4,0,0,5,6.6,1,M,no,ligero
PAC012489,31,54.5,171,18.6,89,93,132,70,93,90,4.6,178,70,182,105,1.03,105,6.1,25.3,14.0,6,4625,7.9,27,4,3,9.9,10,F,si,sedentario
PAC012490,27,57.1,175,18.6,69,120,125,88,79,100,5.2,131,60,150,54,1.32,81,4.5,29.9,15.8,9,10169,7.5,11,0,5,8.8,5,F,si,sedentario
PAC012491,49,102.5,159,40.5,78,109,119,74,75,84,4.6,227,68,185,59,1.09,103,4.5,12.8,11.6,9,10002,8.0,15,8,1,11.5,6,M,si,ligero
PAC012492,26,70.8,158,28.4,94,93,106,70,61,92,5.7,148,64,103,44,0.97,108,2.8,23.0,14.6,5,14183,9.7,0,7,8,4.1,3,M,no,activo
PAC012493,71,83.7,158,33.5,125,88,159,110,89,105,6.2,147,44,183,217,0.69,69,0.1,44.0,17.4,0,3421,7.1,8,5,2,13.9,10,F,si,sedentario
PAC012494,53,71.5,168,25.3,104,108,119,72,73,120,5.1,225,59,40,128,1.17,122,2.2,6.9,12.0,1,4400,8.8,12,20,0,8.5,7,M,no,sedentario
PAC012495,27,81.3,157,33.0,79,101,99,78,83,88,5.3,153,60,91,130,0.67,118,5.9,21.3,12.7,14,10281,9.1,24,30,5,11.1,8,F,si,ligero
PAC012496,27,40.4,163,15.2,69,92,108,78,67,85,5.6,171,66,71,40,1.19,114,0.1,36.9,17.9,8,8793,7.7,0,0,5,6.4,4,M,no,sedentario
PAC012497,19,54.1,163,20.4,80,95,90,62,68,89,4.6,188,62,118,99,1.02,105,6.3,40.7,13.3,7,11507,8.2,0,8,6,7.2,4,M,no,activo
PAC012498,31,62.0,173,20.7,70,98,123,73,50,84,4.4,200,70,59,72,1.08,86,4.6,43.8,14.4,7,9905,8.4,0,6,6,3.2,2,M,no,sedentario
PAC012499,28,54.9,168,19.5,88,103,110,74,47,91,5.3,184,65,114,43,0.84,88,1.2,30.3,15.2,8,9559,7.9,1,0,7,8.9,1,F,si,ligero
PAC012500,67,110.6,151,48.5,108,105,169,120,48,127,5.8,278,36,131,194,0.63,49,3.2,47.7,15.6,3,744,4.1,23,4,0,13.2,5,M,si,sedentario
PAC012501,34,69.8,165,25.6,81,113,112,87,74,84,5.7,176,60,67,71,1.11,112,1.4,17.5,15.0,5,9245,8.2,0,14,6,5.2,6,M,no,ligero
PAC012502,66,86.4,140,44.1,102,83,157,91,72,98,4.4,222,48,106,178,0.4,83,4.0,33.2,14.7,3,6322,6.2,0,4,2,12.2,9,M,si,ligero
PAC012503,27,68.0,165,25.0,81,86,120,72,67,101,4.6,235,77,105,110,0.93,102,0.1,34.7,16.0,10,11619,7.6,4,7,6,2.0,7,M,no,sedentario
PAC012504,22,63.1,165,23.2,91,106,133,74,78,98,4.0,173,45,75,55,1.18,105,6.8,15.2,11.7,7,4403,9.9,30,27,2,10.2,6,F,no,ligero
PAC012505,29,58.3,164,21.7,82,92,133,68,79,89,4.0,183,60,116,230,1.04,99,3.4,29.4,10.0,6,12043,8.7,18,25,2,12.3,8,M,no,sedentario
PAC012506,18,87.8,163,33.0,64,85,105,66,57,93,5.2,132,83,137,40,1.06,121,0.1,40.5,12.8,4,15553,8.3,11,3,6,9.7,2,F,no,sedentario
PAC012507,50,56.5,156,23.2,72,99,132,88,52,106,4.7,145,73,136,84,0.57,105,1.4,42.5,16.5,6,12639,9.3,0,0,6,7.6,4,M,si,sedentario
PAC012508,65,82.2,140,41.9,111,80,171,107,83,98,6.7,248,47,169,181,0.59,88,7.3,46.9,16.2,0,3972,7.2,4,7,3,17.0,10,F,si,sedentario
PAC012509,90,86.9,160,33.9,78,95,156,107,72,119,6.1,270,25,140,161,0.68,99,5.1,38.1,17.2,0,4796,6.9,24,11,3,13.0,6,M,no,activo
PAC012510,44,89.1,157,36.1,75,94,136,70,66,60,5.0,159,59,127,62,1.33,93,0.6,17.8,15.6,10,7821,7.5,0,9,3,10.8,1,M,si,ligero
PAC012511,31,44.6,166,16.2,84,85,90,80,72,76,5.1,171,82,116,128,0.41,84,0.6,20.1,10.6,5,9426,7.7,14,25,5,12.3,3,M,si,ligero
PAC012512,73,111.3,146,52.2,86,110,137,101,77,122,5.7,218,41,119,145,0.52,44,1.3,48.2,14.9,0,2405,4.3,15,8,0,15.5,10,F,si,ligero
PAC012513,51,77.0,160,30.1,102,84,183,107,96,90,6.3,178,37,113,40,0.65,76,0.3,31.8,11.5,0,3443,6.0,10,3,4,6.2,10,M,no,sedentario
PAC012514,53,86.0,165,31.6,90,105,174,108,84,102,5.5,243,59,135,214,0.59,94,2.7,50.1,15.5,2,10663,5.1,0,0,1,11.1,7,F,no,sedentario
PAC012515,72,77.7,198,19.8,108,107,131,95,65,141,7.0,225,33,100,257,1.25,61,4.7,31.3,13.9,0,4497,8.6,7,6,1,14.2,4,F,no,ligero
PAC012516,35,76.1,140,38.8,109,91,152,93,96,89,5.4,278,47,135,265,0.4,88,6.3,23.7,16.8,0,3008,6.4,15,2,5,9.2,2,M,si,sedentario
PAC012517,39,73.6,171,25.2,93,95,109,87,74,82,6.4,219,75,135,107,0.95,95,0.1,33.5,12.8,8,12609,7.6,0,16,5,4.2,3,F,si,ligero
PAC012518,18,58.7,156,24.1,87,95,119,70,98,65,4.2,207,57,90,137,0.9,63,1.8,8.8,12.6,5,7669,9.8,25,18,1,12.9,7,M,no,sedentario
PAC012519,77,86.7,147,40.1,103,88,161,104,88,128,5.3,202,53,156,165,0.53,88,3.7,29.0,16.0,4,4557,5.9,21,0,4,12.3,9,F,si,sedentario
PAC012520,61,88.9,148,40.6,107,86,131,103,95,123,6.3,197,32,130,118,0.45,66,5.3,23.0,14.8,2,4713,5.9,0,0,3,11.4,7,F,si,ligero
PAC012521,18,46.4,160,18.1,94,115,102,78,66,76,5.3,242,59,92,40,1.1,114,4.8,45.5,15.7,13,17430,9.0,4,3,6,4.6,3,F,no,sedentario
PAC012522,50,68.2,202,16.7,117,104,136,84,82,115,6.5,226,31,136,249,1.32,78,4.9,53.2,14.7,2,500,9.7,0,14,5,11.2,10,M,si,sedentario
PAC012523,83,65.3,205,15.5,103,103,160,75,69,141,6.0,227,38,155,88,1.33,87,4.5,39.4,14.0,0,3469,7.9,19,5,2,13.3,8,M,no,sedentario
PAC012524,26,62.1,151,27.2,82,89,131,68,73,98,5.7,139,64,112,161,0.79,65,0.1,15.0,11.7,4,8133,7.3,33,27,2,6.7,2,F,no,ligero
PAC012525,34,91.5,151,40.1,70,96,132,70,80,73,5.6,137,49,64,137,0.78,88,2.6,23.0,8.7,6,10117,8.3,19,17,2,9.8,3,M,no,ligero
PAC012526,75,66.2,176,21.4,106,99,157,96,83,141,5.3,214,27,182,307,1.2,82,6.2,23.8,16.5,1,5426,8.0,22,4,1,7.1,8,M,no,ligero
PAC012527,44,60.9,166,22.1,88,101,124,82,77,77,6.0,138,78,111,64,1.1,87,2.3,33.6,9.8,5,5547,8.0,20,37,2,5.0,6,F,si,ligero
PAC012528,68,94.7,204,22.8,104,86,115,90,64,142,6.8,214,25,174,316,1.22,93,6.5,29.3,14.8,0,2673,10.1,19,6,2,11.0,10,M,no,sedentario
PAC012529,25,57.6,174,19.0,91,98,114,69,56,103,4.4,157,57,160,158,1.03,103,0.2,30.8,17.4,5,13291,8.0,11,0,4,5.1,3,M,no,activo
PAC012530,44,85.7,182,25.9,120,114,143,84,87,102,6.9,258,25,208,318,0.68,50,5.3,58.3,14.5,4,2049,10.7,10,15,0,11.1,10,F,no,sedentario
PAC012531,72,100.2,198,25.6,111,89,147,84,80,116,7.2,226,25,181,261,1.51,74,6.7,43.2,15.1,4,3887,8.4,16,0,1,5.8,8,M,si,ligero
PAC012532,46,80.0,162,30.5,79,98,125,62,74,95,4.2,147,63,70,43,0.6,91,5.0,27.9,10.8,2,9325,9.2,15,17,1,8.9,8,M,si,activo
PAC012533,54,87.7,145,41.7,114,89,149,105,79,88,5.5,215,49,149,236,0.69,63,5.7,23.2,13.9,0,5092,5.2,0,5,2,9.4,6,M,si,ligero
PAC012534,59,80.3,145,38.2,122,98,166,97,88,106,5.2,193,60,116,167,0.4,69,2.3,21.3,14.4,1,1350,6.1,16,2,3,13.2,8,F,si,sedentario
PAC012535,18,72.6,152,31.4,92,103,141,64,76,99,6.1,213,54,113,85,0.69,88,3.0,25.5,11.6,3,5032,7.4,21,26,2,11.1,7,M,si,ligero
PAC012536,25,69.6,157,28.2,87,87,93,78,85,60,5.0,192,56,151,136,0.97,82,5.4,11.8,12.2,4,9106,7.0,29,40,3,9.6,10,F,no,sedentario
PAC012537,50,110.6,186,32.0,126,96,148,60,88,137,8.1,215,25,108,219,1.37,74,13.6,25.6,15.9,2,3734,9.4,14,8,2,12.7,10,F,no,sedentario
PAC012538,90,91.2,182,27.5,120,89,119,107,75,153,5.9,247,46,187,216,1.46,82,6.1,27.6,16.7,0,5387,10.1,17,14,0,12.2,10,M,si,sedentario
PAC012539,67,115.9,197,29.9,114,99,142,106,79,139,7.0,256,28,133,273,0.99,85,3.7,24.4,17.6,0,2815,9.4,1,1,1,7.8,10,F,si,ligero
PAC012540,18,78.2,153,33.4,95,98,131,77,88,76,4.8,177,56,119,119,0.75,75,3.8,35.5,11.7,0,12224,8.3,25,21,1,8.0,8,M,no,sedentario
PAC012541,18,77.5,165,28.5,112,78,95,78,88,87,6.2,203,52,148,78,1.03,96,0.1,15.3,13.0,9,10194,7.2,20,23,1,9.1,8,M,no,ligero
PAC012542,63,94.3,146,44.2,104,91,179,101,83,83,6.2,272,45,179,188,0.4,79,4.6,32.4,14.7,3,7927,5.9,17,5,4,14.5,9,F,si,sedentario
PAC012543,43,44.3,169,15.5,92,91,90,77,81,69,4.9,201,78,99,203,0.84,114,1.4,21.0,16.0,3,7640,7.5,28,16,4,6.6,3,F,no,sedentario
PAC012544,37,62.1,140,31.7,84,83,103,79,79,91,5.3,179,34,119,40,0.8,124,3.8,27.2,13.3,4,14381,7.6,24,19,4,7.9,6,F,no,activo
PAC012545,82,103.6,196,27.0,110,105,146,77,74,127,6.9,222,30,160,314,0.99,72,8.2,47.2,16.1,0,1618,9.3,4,0,0,9.0,6,M,si,ligero
PAC012546,36,91.7,197,23.6,104,107,124,101,77,119,6.9,206,25,152,244,1.0,95,4.9,39.6,14.8,2,4006,6.2,6,11,1,7.8,10,F,no,activo
PAC012547,87,71.4,150,31.7,109,111,163,96,81,90,5.5,210,68,141,146,0.8,59,4.1,42.4,16.8,0,3766,8.2,10,1,0,9.8,9,M,si,ligero
PAC012548,70,81.2,188,23.0,101,90,128,84,65,110,7.2,280,39,163,105,0.66,96,8.4,35.9,10.9,0,500,8.4,3,1,3,11.1,10,F,si,sedentario
PAC012549,46,70.2,169,24.6,64,79,131,63,82,106,5.0,232,53,70,40,0.95,101,2.0,14.2,11.4,8,13000,7.9,12,19,0,12.4,10,M,si,ligero
PAC012550,88,108.3,151,47.5,113,96,172,112,77,118,5.6,225,55,143,95,0.8,63,3.4,27.3,13.4,1,1721,5.1,4,6,4,10.6,6,F,si,sedentario
PAC012551,56,57.1,150,25.4,125,95,149,85,65,107,5.8,181,59,191,256,0.68,66,7.7,31.2,17.5,3,5546,6.1,20,9,2,7.2,2,M,no,sedentario
PAC012552,33,71.6,164,26.6,79,116,107,70,68,78,4.7,162,51,76,94,1.36,97,1.8,24.7,16.4,10,10935,7.4,7,0,7,7.5,3,F,no,activo
PAC012553,61,99.2,146,46.5,86,107,153,98,61,78,5.7,225,46,136,191,0.59,82,3.4,44.5,14.9,3,2731,5.5,9,2,2,12.3,7,F,si,sedentario
PAC012554,18,58.5,165,21.5,79,96,140,72,64,96,4.5,155,71,104,133,0.83,93,0.3,38.1,15.6,16,10946,8.7,0,0,8,11.8,0,F,no,activo
PAC012555,47,72.7,161,28.0,78,95,95,69,55,104,5.3,148,63,74,117,1.01,106,0.9,27.7,17.8,5,13191,6.3,0,0,1,3.3,0,M,no,ligero
PAC012556,33,53.4,169,18.7,91,105,92,80,60,95,4.2,217,44,108,158,1.18,88,0.9,39.1,12.8,11,13242,7.5,0,0,8,7.7,1,M,si,sedentario
PAC012557,18,76.8,171,26.3,90,79,116,81,81,72,4.7,138,65,150,97,1.28,108,1.5,40.0,16.2,12,13755,7.3,11,10,5,3.7,1,F,no,sedentario
PAC012558,24,88.7,152,38.4,98,78,104,84,83,99,5.6,170,38,116,215,0.69,98,1.1,26.2,13.6,9,10786,5.9,29,19,2,5.5,5,M,si,sedentario
PAC012559,18,44.9,146,21.1,94,75,117,53,79,81,5.9,166,77,91,79,0.9,75,1.6,10.0,13.4,10,9077,9.3,25,17,1,2.0,5,F,no,ligero
PAC012560,18,40.0,155,16.6,104,84,116,57,74,121,5.1,182,60,159,190,0.83,112,4.5,21.6,12.6,6,6347,8.9,13,31,3,11.2,0,F,no,activo
PAC012561,63,88.6,163,33.3,75,101,173,102,67,113,5.3,190,59,113,154,0.42,55,6.2,27.9,14.2,0,2940,7.0,0,9,4,11.7,6,F,si,sedentario
PAC012562,39,46.6,156,19.1,71,100,111,75,72,70,5.0,191,57,110,102,1.0,108,0.2,40.2,15.6,6,12239,7.8,0,1,7,5.6,4,F,no,ligero
PAC012563,48,59.4,156,24.4,90,82,155,102,70,78,6.6,210,40,139,220,0.73,60,7.1,45.4,14.3,4,8264,4.2,4,9,0,17.4,5,M,no,sedentario
PAC012564,38,65.1,162,24.8,108,103,142,86,70,137,4.4,219,54,113,142,0.84,107,3.2,24.8,11.9,8,7891,6.8,18,25,0,5.5,10,M,no,activo
PAC012565,18,72.3,173,24.2,70,89,132,74,67,70,4.9,220,68,128,55,0.88,128,4.6,30.0,15.8,7,17203,7.7,11,12,7,9.6,1,F,si,ligero
PAC012566,50,75.4,164,28.0,75,94,113,77,78,88,4.6,138,57,127,235,0.9,110,5.0,21.3,12.3,5,6728,9.8,19,29,1,5.9,8,M,no,activo
PAC012567,57,89.7,188,25.4,128,93,160,92,94,153,7.0,220,34,136,299,1.17,68,8.0,32.8,15.9,4,1123,9.4,9,5,0,16.3,7,F,si,sedentario
PAC012568,59,91.1,201,22.5,124,106,128,90,87,157,7.2,240,28,168,290,0.87,49,6.8,31.8,16.8,0,1129,11.0,12,0,0,9.0,10,F,si,sedentario
PAC012569,69,92.2,151,40.4,115,103,143,101,77,117,6.5,244,46,145,243,0.64,46,5.0,24.3,14.7,0,4433,3.1,2,2,3,13.8,8,M,no,sedentario
PAC012570,53,53.7,168,19.0,78,109,113,80,62,93,4.6,171,83,107,95,1.21,103,1.1,30.4,14.8,8,16892,6.5,0,5,6,5.0,0,F,si,activo
PAC012571,39,63.0,164,23.4,84,104,124,72,53,93,4.7,163,86,116,134,1.17,67,2.4,38.0,16.7,6,12182,9.5,6,2,7,7.7,0,F,si,activo
PAC012572,25,57.8,159,22.9,72,108,141,59,75,85,4.0,175,54,172,132,1.09,117,5.5,37.3,13.2,12,16252,8.9,0,0,5,6.6,4,F,si,activo
PAC012573,25,63.0,157,25.6,92,97,120,58,57,89,4.7,156,61,118,88,1.05,111,0.1,42.7,15.5,9,16084,9.9,7,0,5,7.4,2,F,no,activo
PAC012574,52,99.5,193,26.7,118,114,163,79,85,117,6.8,266,48,109,231,0.89,97,5.9,51.2,14.6,0,7159,9.1,9,3,3,10.7,7,F,si,activo
PAC012575,88,72.7,146,34.1,101,99,170,105,100,119,5.9,289,47,153,216,0.4,59,5.0,52.2,19.0,2,2877,6.1,10,5,0,14.4,5,M,si,sedentario
PAC012576,18,46.0,157,18.7,79,89,118,67,65,99,4.0,130,71,114,94,0.98,87,0.1,40.5,18.3,10,9826,8.2,2,0,6,6.3,5,F,si,activo
PAC012577,46,66.0,156,27.1,71,109,95,72,55,75,5.3,184,89,111,136,1.15,109,1.2,42.8,15.7,8,15003,10.9,0,2,6,7.2,2,M,no,ligero
PAC012578,60,50.9,168,18.0,93,100,122,52,80,66,4.3,159,72,123,127,0.99,108,0.1,36.4,15.4,5,13423,7.5,5,9,6,3.4,3,F,no,ligero
PAC012579,43,58.1,174,19.2,97,99,121,64,66,68,4.1,152,66,97,162,1.02,75,0.9,33.0,14.9,13,10232,8.6,15,10,5,12.2,1,F,no,activo
PAC012580,78,105.4,205,25.1,137,84,140,82,90,132,7.3,245,25,173,365,0.96,81,3.1,37.1,15.0,3,1328,7.4,7,3,3,9.9,8,F,no,ligero
PAC012581,82,98.0,192,26.6,130,110,159,83,85,133,7.0,239,43,144,279,1.08,56,4.3,43.2,13.8,1,2794,8.4,17,4,0,10.0,7,F,no,activo
PAC012582,63,93.9,140,47.9,107,100,153,101,87,89,5.2,164,38,130,290,0.42,68,3.4,46.6,14.5,0,6240,6.6,25,4,5,16.8,5,M,no,sedentario
PAC012583,78,116.6,197,30.0,100,109,129,86,73,109,7.0,264,49,139,165,1.03,65,5.8,55.7,15.9,0,2771,8.8,7,6,2,9.5,6,M,si,sedentario
PAC012584,18,81.1,181,24.8,97,99,119,75,47,100,4.3,174,58,127,153,0.76,102,0.1,37.3,14.0,15,16880,10.5,2,2,7,3.4,3,F,no,sedentario
PAC012585,19,55.4,148,25.3,95,88,114,69,81,75,5.4,199,58,107,141,0.61,92,2.7,29.7,13.8,1,6534,7.0,20,38,3,10.7,3,F,no,sedentario
PAC012586,32,45.3,167,16.2,70,78,117,84,81,116,4.1,171,80,133,77,0.92,103,2.9,39.4,17.2,7,12805,8.8,5,11,7,7.3,4,M,no,ligero
PAC012587,70,80.1,142,39.7,84,106,164,104,68,87,4.9,275,55,117,196,0.51,67,3.4,31.3,13.6,0,6538,4.3,0,7,1,13.0,6,F,si,ligero
PAC012588,90,100.0,145,47.6,112,90,148,85,78,90,6.0,242,41,128,113,0.46,60,6.3,32.7,14.5,0,8589,5.9,23,0,2,16.0,5,M,si,ligero
PAC012589,50,87.1,195,22.9,118,108,132,84,79,141,7.9,288,54,159,339,1.28,94,6.6,33.9,14.8,0,5177,10.1,9,0,1,10.0,8,F,no,ligero
PAC012590,18,81.4,160,31.8,73,101,117,78,69,78,4.2,142,66,83,114,0.94,90,0.8,33.1,12.7,8,8854,7.6,9,0,3,7.9,3,M,no,activo
PAC012591,74,75.0,147,34.7,104,84,140,103,72,102,6.5,173,48,153,163,0.5,94,9.0,16.3,14.9,0,6742,4.8,9,5,2,12.3,5,M,si,sedentario
PAC012592,18,80.9,164,30.1,93,102,121,88,79,85,4.5,137,49,110,82,0.73,94,4.3,11.5,11.3,6,10471,9.9,27,18,3,7.3,10,F,no,activo
PAC012593,20,76.1,152,32.9,76,103,132,68,76,128,6.0,189,52,108,131,0.73,95,1.0,23.3,11.9,4,6968,8.4,18,28,0,12.9,10,F,si,sedentario
PAC012594,65,94.4,199,23.8,106,118,133,73,96,145,8.1,235,31,118,372,1.41,50,7.6,49.0,18.5,0,5712,8.3,2,21,2,10.1,5,F,si,sedentario
PAC012595,29,69.4,173,23.2,74,101,107,78,65,91,5.4,143,56,93,40,1.14,83,4.7,17.2,14.6,9,10764,7.8,0,0,6,4.5,4,M,no,activo
PAC012596,80,83.0,164,30.9,109,111,139,96,88,109,5.9,237,56,132,147,0.4,63,6.2,27.3,16.5,1,1935,4.5,18,7,2,11.8,5,F,si,sedentario
PAC012597,72,57.2,140,29.2,106,111,148,97,80,90,5.6,184,58,116,78,0.4,91,8.3,32.0,14.0,0,3169,6.7,0,0,2,9.6,7,M,no,ligero
PAC012598,67,108.8,205,25.9,113,100,167,86,81,141,7.2,233,42,215,270,1.0,101,4.3,26.8,15.7,0,2739,9.0,10,8,2,10.9,9,M,si,sedentario
PAC012599,52,105.9,196,27.6,128,100,151,105,65,123,7.1,234,25,125,241,1.01,84,10.6,46.1,16.6,1,500,6.9,16,17,1,11.8,5,F,no,ligero
PAC012600,75,80.9,157,32.8,83,93,172,100,77,98,5.7,223,43,113,164,0.88,46,4.6,39.3,15.3,2,10574,4.5,0,6,0,16.7,9,F,no,ligero
PAC012601,39,58.3,157,23.7,102,97,112,69,61,122,4.2,177,67,65,113,0.74,105,1.0,41.6,16.1,11,8859,9.3,2,4,4,8.7,2,F,no,activo
PAC012602,19,59.9,168,21.2,82,90,111,71,45,100,5.1,218,76,117,45,1.29,104,4.1,36.7,13.6,10,13169,8.7,7,0,10,4.5,2,M,no,ligero
PAC012603,79,71.0,140,36.2,114,110,136,96,77,75,6.0,233,36,145,214,0.72,86,7.4,41.8,16.3,3,4170,6.5,5,8,5,10.3,5,F,si,sedentario
PAC012604,90,89.3,152,38.7,97,87,120,112,86,102,5.4,226,39,139,194,0.53,85,1.5,31.6,15.6,3,1609,6.8,19,4,4,6.8,8,F,no,sedentario
PAC012605,72,124.7,189,34.9,122,96,127,83,82,142,6.9,218,33,168,307,1.0,60,7.2,44.0,14.7,0,2094,9.3,12,0,0,6.7,3,F,no,ligero
PAC012606,23,79.1,173,26.4,77,105,138,81,80,107,5.3,201,56,151,120,0.83,107,4.5,15.3,12.0,7,9727,8.5,8,25,3,11.4,10,F,si,sedentario
PAC012607,63,106.8,140,54.5,105,90,147,91,58,103,5.0,210,49,128,225,0.67,40,8.6,34.4,14.8,0,500,6.0,8,3,0,10.4,6,F,si,sedentario
PAC012608,64,103.2,195,27.1,123,103,143,86,63,125,6.8,211,39,74,219,1.07,87,7.2,22.2,14.9,0,7978,8.0,12,0,2,9.6,5,M,no,sedentario
PAC012609,57,93.4,140,47.7,103,101,145,105,76,106,5.9,205,77,157,196,0.56,66,1.7,17.8,15.9,2,3020,5.3,0,2,2,13.0,5,M,no,ligero
PAC012610,70,90.2,189,25.3,118,87,122,111,70,94,5.7,240,42,145,236,0.99,62,10.6,36.3,16.2,0,3615,10.4,7,0,0,9.4,7,F,no,ligero
PAC012611,23,84.2,175,27.5,100,78,121,68,91,90,5.6,147,66,85,165,0.68,118,4.0,12.4,11.9,9,8434,8.1,19,27,0,12.5,8,F,no,ligero
PAC012612,18,85.4,156,35.1,89,92,130,71,75,61,5.6,158,67,134,151,0.84,94,1.7,22.1,12.2,6,9119,7.9,14,17,2,7.2,7,M,no,sedentario
PAC012613,56,76.6,176,24.7,68,117,115,78,63,60,6.0,134,77,121,54,1.1,104,1.4,29.8,15.8,11,10692,8.4,3,0,8,5.6,2,F,si,sedentario
PAC012614,90,83.1,140,42.4,90,95,164,92,72,105,6.7,190,43,126,181,0.77,75,4.9,29.9,18.1,0,2051,6.3,3,9,0,14.7,7,M,no,sedentario
PAC012615,64,105.7,195,27.8,125,84,116,79,66,98,7.9,230,25,107,220,1.02,84,7.6,35.0,16.2,0,6121,9.8,10,0,1,7.0,6,M,si,sedentario
PAC012616,19,79.4,173,26.5,83,107,94,79,49,83,5.3,197,50,124,40,1.15,87,1.6,37.1,14.6,7,17389,8.2,5,0,5,5.4,7,M,si,sedentario
PAC012617,50,81.2,140,41.4,92,80,157,88,78,114,6.0,255,36,159,200,0.52,43,5.8,43.8,16.9,3,500,5.7,15,3,2,12.0,5,F,si,sedentario
PAC012618,51,40.0,151,17.5,74,94,120,89,61,98,4.7,150,52,87,208,1.04,73,2.0,38.0,12.5,10,13711,9.3,6,3,6,2.6,6,F,no,ligero
PAC012619,63,107.4,193,28.8,106,104,159,79,89,138,7.2,262,34,174,294,1.21,102,3.6,29.1,15.7,1,1332,10.6,14,0,1,12.4,7,M,no,sedentario
PAC012620,58,83.2,140,42.4,89,100,174,83,84,106,5.4,227,53,120,163,0.58,84,7.6,36.7,15.3,0,1509,6.5,13,4,2,17.5,9,F,si,ligero
PAC012621,18,77.0,171,26.3,62,111,122,70,49,106,5.3,181,71,115,89,0.77,122,0.1,29.2,15.0,8,10599,8.2,7,3,5,4.7,0,F,no,sedentario
PAC012622,78,98.4,205,23.4,98,89,126,91,76,131,7.9,255,39,159,241,1.42,76,4.6,39.5,15.3,3,4043,9.4,0,25,1,10.3,7,M,no,sedentario
PAC012623,64,89.0,194,23.6,106,92,148,79,84,130,8.1,276,25,172,273,1.29,97,8.2,36.3,15.5,0,6460,9.8,13,1,2,11.4,10,M,si,sedentario
PAC012624,18,53.8,170,18.6,75,96,142,71,61,89,4.0,206,68,103,81,1.12,111,3.4,29.5,13.0,8,9783,7.5,11,5,5,7.6,2,F,no,ligero
PAC012625,24,60.2,159,23.8,89,94,129,71,70,81,4.0,195,63,118,135,0.99,110,0.1,33.7,15.8,7,14112,7.7,2,0,3,6.3,4,M,si,ligero
PAC012626,18,41.7,170,14.4,81,80,119,58,62,60,4.9,153,51,64,40,0.99,122,2.2,34.4,14.6,5,8539,10.1,0,1,4,3.4,4,F,no,activo
PAC012627,52,85.3,195,22.4,108,116,106,88,83,135,7.1,301,30,178,172,1.4,82,7.3,38.7,14.0,0,2222,6.8,4,14,2,14.0,2,M,si,sedentario
PAC012628,31,82.9,170,28.7,82,96,147,66,56,78,5.3,154,69,122,40,0.75,122,0.1,35.7,15.0,8,12944,8.0,0,0,8,5.1,3,F,no,ligero
PAC012629,90,85.5,148,39.0,111,92,164,103,79,91,6.2,218,61,115,189,0.48,66,6.5,34.6,16.1,0,5632,5.2,11,12,2,13.7,7,M,no,sedentario
PAC012630,62,94.4,205,22.5,100,99,159,88,66,158,6.6,234,25,197,299,0.93,82,5.6,37.2,15.4,1,3708,7.5,22,0,1,12.7,6,F,si,ligero
PAC012631,52,92.0,197,23.7,122,109,153,87,98,129,7.1,234,30,192,377,1.41,85,9.0,45.6,16.6,2,5319,8.5,8,0,0,10.1,8,M,si,ligero
PAC012632,64,98.8,205,23.5,111,101,130,86,87,115,7.3,225,43,168,193,1.13,71,3.7,27.4,14.7,3,1922,9.4,3,5,0,10.1,5,F,si,sedentario
PAC012633,18,91.7,155,38.2,82,125,123,72,92,122,6.1,163,66,119,240,0.84,105,2.4,26.2,11.2,6,6080,7.8,11,5,1,11.1,9,F,no,sedentario
PAC012634,72,90.7,205,21.6,122,93,119,108,88,148,7.4,213,25,105,128,0.88,84,9.8,59.2,14.5,0,10296,10.3,7,4,1,14.4,10,F,si,ligero
PAC012635,45,96.6,153,41.3,67,94,112,79,74,79,5.8,212,62,103,170,1.18,77,5.2,13.9,12.0,2,8267,8.7,23,17,3,15.4,5,F,no,ligero
PAC012636,18,63.3,156,26.0,86,93,93,73,72,79,4.5,110,54,121,40,0.93,100,3.2,34.2,15.1,6,14839,5.6,0,8,7,3.9,4,M,no,ligero
PAC012637,54,85.8,184,25.3,116,96,135,74,65,118,6.0,201,37,103,212,1.43,100,6.8,40.6,15.8,2,2436,8.7,1,8,1,14.5,5,M,no,sedentario
PAC012638,18,46.2,171,15.8,71,88,119,71,80,88,4.7,207,47,82,219,0.98,127,2.3,28.8,12.6,9,7651,6.9,18,17,4,7.0,7,F,si,activo
PAC012639,27,60.1,170,20.8,74,102,106,68,62,102,5.4,196,66,90,105,1.25,105,0.1,48.7,14.1,5,15253,7.2,1,0,3,6.6,4,M,no,ligero
PAC012640,33,82.4,140,42.0,91,105,126,64,87,97,5.3,249,64,91,181,0.75,108,2.9,24.7,10.9,2,9169,7.5,8,20,1,16.9,10,F,si,sedentario
PAC012641,64,93.5,154,39.4,106,80,136,107,86,80,6.2,197,65,145,138,0.56,74,5.9,42.2,15.4,2,1175,6.0,0,13,2,14.6,6,F,no,sedentario
PAC012642,28,43.8,142,21.7,85,103,124,64,74,105,5.8,169,75,97,137,0.71,101,7.0,28.9,11.1,6,6562,7.5,31,34,3,11.2,8,M,no,ligero
PAC012643,90,79.6,150,35.4,132,92,156,108,78,85,5.6,239,46,181,225,0.63,56,6.1,19.5,16.7,1,9938,6.3,13,0,2,11.7,7,M,no,sedentario
PAC012644,62,96.6,140,49.3,127,93,160,95,60,109,5.3,209,34,111,99,0.59,59,5.2,28.2,17.9,0,1906,6.8,5,2,0,11.8,6,M,si,sedentario
PAC012645,43,87.2,165,32.0,78,105,130,75,87,108,5.6,169,72,122,88,0.96,114,2.7,15.9,10.9,7,10065,8.4,8,24,3,4.8,9,F,si,ligero
PAC012646,29,92.4,154,39.0,81,83,122,67,80,81,5.2,110,60,102,80,0.91,97,4.3,41.4,11.6,3,8093,8.3,30,30,2,6.5,10,M,no,sedentario
PAC012647,57,51.6,172,17.4,96,88,124,84,89,69,6.0,179,34,128,60,0.88,77,2.2,28.9,10.2,3,9291,8.3,20,22,3,8.4,7,M,no,activo
PAC012648,57,95.3,140,48.6,107,95,164,104,74,111,6.5,207,41,93,114,0.45,98,6.7,25.3,16.9,1,3353,7.5,1,0,0,13.5,8,F,no,ligero
PAC012649,70,115.8,156,47.6,92,104,164,88,70,90,6.7,205,67,113,236,0.4,58,6.0,30.1,15.4,4,3237,6.7,0,3,2,14.2,4,M,no,sedentario
PAC012650,83,89.6,152,38.8,102,99,152,87,76,83,5.0,256,59,153,194,0.4,60,6.0,28.7,13.9,4,774,5.6,15,4,3,12.3,10,M,no,ligero
PAC012651,41,74.2,141,37.3,105,90,140,102,62,131,5.2,241,36,143,124,0.4,71,4.5,38.9,16.0,3,4236,3.7,8,18,1,13.0,4,M,no,sedentario
PAC012652,50,84.3,195,22.2,110,100,125,84,82,149,6.1,238,25,115,271,1.26,95,5.3,37.5,13.4,4,2776,7.1,17,0,0,11.4,10,F,no,ligero
PAC012653,37,64.5,156,26.5,67,105,129,62,66,110,4.6,159,70,44,157,1.17,83,0.1,48.8,16.3,2,8462,8.8,1,5,5,3.4,5,F,no,activo
PAC012654,25,55.4,158,22.2,75,120,108,76,58,82,5.0,154,59,150,133,1.13,111,0.8,30.6,15.4,9,10246,9.0,15,0,4,9.0,6,F,no,ligero
PAC012655,74,84.1,192,22.8,106,101,132,110,91,129,6.3,264,30,211,234,1.32,47,5.6,70.0,14.6,1,2487,8.5,22,7,2,14.6,10,M,si,ligero
PAC012656,29,69.5,183,20.8,87,93,126,65,56,85,4.4,168,68,110,147,1.4,107,0.1,44.9,14.4,8,15549,8.1,0,0,7,2.3,3,F,no,sedentario
PAC012657,24,54.9,168,19.5,103,110,116,57,64,96,4.5,184,66,104,111,1.15,60,4.9,19.4,15.6,8,10610,7.8,0,0,3,4.2,6,F,no,ligero
PAC012658,83,71.7,147,33.2,116,87,160,99,74,118,6.6,183,69,129,195,0.4,53,3.6,13.7,15.5,3,1865,5.6,5,0,5,17.2,5,M,no,activo
PAC012659,67,97.0,203,23.5,114,99,156,97,93,143,6.9,272,45,161,193,1.38,80,5.7,28.9,16.6,0,500,10.7,2,0,2,9.9,5,M,no,ligero
PAC012660,48,70.6,190,19.6,126,80,147,86,87,137,7.3,233,35,146,364,1.39,91,5.9,37.1,12.6,0,4600,9.4,11,3,1,10.9,7,M,no,sedentario
PAC012661,66,74.6,140,38.1,127,94,185,100,69,113,4.0,253,44,143,228,0.4,92,6.8,31.8,16.1,0,2932,6.3,5,0,2,13.4,6,M,si,ligero
PAC012662,18,70.2,166,25.5,68,122,125,66,71,98,4.6,165,72,101,40,0.85,108,0.1,30.7,13.0,7,9577,7.5,8,4,3,6.3,3,F,no,ligero
PAC012663,45,80.5,140,41.1,123,92,181,120,67,79,5.2,253,58,115,220,0.52,89,6.4,37.4,16.6,0,500,5.2,2,0,2,13.1,8,F,no,ligero
PAC012664,18,48.4,165,17.8,75,102,133,61,57,100,4.3,205,70,129,123,1.21,95,0.1,36.8,14.7,9,10944,10.4,0,9,3,8.5,3,F,no,ligero
PAC012665,19,61.5,171,21.0,78,101,127,76,50,93,5.4,145,70,111,40,0.75,120,0.8,45.9,11.6,12,12470,9.2,6,4,7,2.1,4,M,no,sedentario
PAC012666,18,73.7,149,33.2,103,98,116,73,86,90,4.0,155,66,103,87,1.07,94,4.7,26.7,12.9,2,12188,7.3,15,27,1,13.0,8,M,no,sedentario
PAC012667,40,50.7,159,20.1,123,97,129,90,93,92,5.5,167,57,72,48,0.84,100,2.2,27.8,11.8,5,8150,7.8,23,30,2,8.6,2,F,no,ligero
PAC012668,81,99.9,149,45.0,109,87,171,100,87,88,6.0,202,49,146,179,0.71,60,3.8,31.8,15.1,0,6467,5.6,14,4,2,10.2,8,M,no,sedentario
PAC012669,25,80.2,150,35.6,103,102,90,72,93,88,7.3,237,72,123,149,0.74,126,0.1,17.4,10.0,3,10115,8.1,16,5,0,9.2,8,F,no,activo
PAC012670,47,78.0,159,30.9,113,98,141,87,79,82,6.4,178,43,117,210,0.52,62,6.9,35.6,14.9,4,2412,6.0,12,4,3,16.4,8,M,no,ligero
PAC012671,32,69.8,159,27.6,79,110,145,72,68,95,5.1,159,30,101,40,1.32,80,2.7,31.9,12.0,11,9769,7.7,7,0,6,4.6,0,F,no,ligero
PAC012672,62,103.4,204,24.8,101,91,153,77,81,141,7.4,266,36,232,422,1.23,102,7.2,26.4,15.8,1,4400,10.5,5,3,3,11.7,6,M,no,sedentario
PAC012673,57,95.8,205,22.8,87,104,150,92,92,153,7.8,267,41,178,281,0.97,89,8.4,31.9,14.9,0,1874,8.5,23,1,1,11.3,10,F,no,sedentario
PAC012674,18,72.6,154,30.6,70,92,90,77,80,77,5.7,172,48,138,146,1.2,95,1.6,35.2,10.6,5,11490,8.5,18,9,0,10.2,10,M,no,sedentario
PAC012675,66,83.1,205,19.8,106,98,147,99,71,119,6.9,236,38,151,201,1.08,73,6.9,49.1,17.1,0,4272,8.6,11,10,4,10.8,10,F,si,sedentario
PAC012676,87,86.0,142,42.7,109,100,176,88,78,119,5.9,201,67,146,232,0.64,31,6.4,30.9,17.0,2,3391,4.9,5,0,3,9.4,7,M,si,ligero
PAC012677,26,64.5,165,23.7,104,97,124,81,93,108,5.1,145,43,56,49,1.35,95,1.4,18.5,11.4,7,7653,4.9,27,14,0,8.2,6,M,no,activo
PAC012678,50,99.0,174,32.7,125,96,131,100,95,137,8.0,239,25,193,278,1.02,97,5.3,40.0,14.4,0,1362,9.3,12,4,0,10.7,4,F,no,ligero
PAC012679,76,69.2,140,35.3,105,98,146,89,72,107,5.4,232,43,190,173,0.4,70,1.2,52.6,15.8,1,7051,3.8,12,1,1,12.1,3,M,no,sedentario
PAC012680,68,74.9,158,30.0,116,93,172,101,86,88,6.0,291,39,161,239,0.4,75,2.0,28.2,16.4,0,500,6.8,0,9,3,14.1,7,F,si,ligero
PAC012681,48,57.7,140,29.4,104,91,198,94,72,107,6.2,249,35,142,214,0.4,81,3.7,36.8,14.6,4,4273,6.0,21,8,3,9.3,10,M,si,ligero
PAC012682,66,76.5,188,21.6,98,109,146,84,67,135,7.3,281,40,186,231,1.21,73,7.0,36.7,16.6,0,1911,8.4,17,0,3,9.1,9,M,si,sedentario
PAC012683,40,57.7,164,21.5,72,109,112,65,63,111,4.9,110,70,121,40,1.22,103,2.8,33.2,13.6,5,14630,8.6,9,3,4,5.8,4,F,no,ligero
PAC012684,22,79.4,166,28.8,61,84,112,63,96,102,4.7,178,52,61,61,0.62,102,6.0,35.5,8.7,4,6791,7.9,15,24,2,19.0,8,F,no,sedentario
PAC012685,18,61.6,164,22.9,82,115,121,54,81,85,5.1,203,63,88,106,1.09,106,2.9,31.4,12.1,0,5822,7.8,27,28,1,4.0,9,M,no,ligero
PAC012686,39,86.8,140,44.3,108,98,147,89,65,95,6.0,242,51,177,69,0.72,75,2.5,29.4,17.2,0,4816,5.1,11,5,1,11.0,8,M,no,activo
PAC012687,28,64.9,171,22.2,83,102,104,80,72,83,6.1,159,77,100,89,0.79,81,0.1,50.1,16.7,7,8844,11.0,12,0,7,4.8,4,M,si,ligero
PAC012688,26,58.7,169,20.6,94,90,122,62,75,73,4.3,152,75,108,114,0.8,101,1.6,29.1,17.0,6,15876,9.5,11,0,6,3.3,2,F,no,ligero
PAC012689,54,81.2,182,24.5,131,111,130,77,77,122,6.8,187,41,143,310,1.46,46,5.8,36.1,16.2,1,5111,7.2,18,10,1,11.8,8,F,no,sedentario
PAC012690,77,89.8,140,45.8,87,101,138,95,81,129,5.6,153,25,169,160,0.55,81,5.2,35.3,16.8,0,3147,7.9,9,0,2,13.5,9,F,no,sedentario
PAC012691,88,78.5,147,36.3,113,104,165,100,58,96,5.5,166,42,126,229,0.4,90,2.4,25.1,16.0,1,1137,6.7,7,9,0,12.0,9,M,si,activo
PAC012692,26,71.6,158,28.7,68,80,110,74,59,70,4.4,181,60,126,131,1.04,125,0.1,26.9,15.6,4,13095,9.3,0,0,7,7.2,0,F,si,sedentario
PAC012693,60,83.1,140,42.4,114,90,137,115,82,109,6.0,278,54,103,186,0.56,39,4.2,37.3,16.3,2,3623,7.0,11,0,4,12.2,6,M,no,ligero
PAC012694,32,74.0,140,37.8,66,87,124,78,64,99,5.8,193,62,103,174,1.22,86,4.4,29.9,9.0,7,9303,8.0,12,28,1,12.6,4,M,no,activo
PAC012695,79,104.6,183,31.2,93,92,143,86,71,129,7.2,233,31,173,268,1.36,65,6.6,27.9,16.7,0,500,9.7,13,19,4,14.0,7,M,no,sedentario
PAC012696,25,67.4,179,21.0,91,112,111,63,77,60,4.5,210,51,106,45,0.9,114,2.9,41.1,14.4,9,18099,7.3,0,0,1,4.5,3,M,no,ligero
PAC012697,20,80.7,170,27.9,71,92,106,81,60,66,4.2,110,77,42,125,1.19,92,0.1,32.5,14.1,8,8017,7.3,4,3,8,7.7,3,F,si,activo
PAC012698,18,58.3,171,19.9,96,110,116,72,53,69,4.5,164,91,122,74,1.04,91,2.0,32.7,15.6,9,10037,7.5,7,2,4,4.8,6,F,no,activo
PAC012699,36,62.1,161,24.0,106,97,118,59,82,79,4.5,161,81,127,120,0.89,128,0.1,40.1,12.9,6,7875,8.5,21,17,4,11.4,7,M,no,sedentario
PAC012700,19,59.9,158,24.0,60,89,128,68,87,117,5.2,207,75,60,96,0.76,97,5.5,28.9,8.0,5,8109,8.6,21,30,1,10.7,7,M,no,sedentario
PAC012701,18,58.8,166,21.3,83,99,106,74,63,85,6.4,244,80,105,44,0.88,117,5.9,14.1,10.1,6,8671,8.0,12,20,2,7.6,8,M,no,ligero
PAC012702,90,77.1,152,33.4,128,114,180,96,72,88,6.4,244,46,159,40,0.4,48,0.1,23.6,16.6,2,2672,7.2,0,3,2,9.5,5,F,no,activo
PAC012703,30,62.4,163,23.5,94,95,117,76,78,89,4.9,178,91,53,142,1.39,91,0.7,29.5,15.8,6,13191,7.7,0,0,7,8.9,3,F,no,ligero
PAC012704,46,48.5,167,17.4,75,87,130,81,66,69,5.7,166,71,114,89,1.4,119,0.1,38.1,13.2,12,12047,8.2,0,4,6,7.1,4,M,no,ligero
PAC012705,18,60.2,175,19.7,91,97,96,62,72,87,5.6,192,59,155,40,1.01,86,1.7,7.5,10.3,7,12416,9.0,0,30,1,11.4,6,M,no,ligero
PAC012706,77,100.5,188,28.4,132,107,156,95,72,123,7.1,238,37,180,192,1.11,58,3.7,48.6,14.8,0,5999,8.6,6,6,1,10.5,6,M,no,sedentario
PAC012707,68,79.3,140,40.5,96,79,152,95,74,114,6.0,220,49,164,187,0.73,76,4.1,30.4,16.3,0,3838,6.6,8,23,2,9.6,1,M,si,sedentario
PAC012708,22,88.8,167,31.8,89,85,123,77,83,90,5.2,190,72,103,166,1.03,90,4.2,19.3,13.1,8,7739,9.4,17,14,1,6.1,8,F,no,sedentario
PAC012709,87,93.4,185,27.3,95,124,158,82,84,125,7.5,235,38,199,212,1.4,65,7.0,45.4,14.4,0,500,8.9,7,3,0,14.0,6,F,si,ligero
PAC012710,77,77.0,152,33.3,121,101,162,97,60,97,6.5,191,56,171,240,0.74,88,1.9,41.6,14.4,3,1389,6.8,10,0,1,12.7,6,M,si,sedentario
PAC012711,58,83.2,165,30.6,135,95,132,77,88,72,5.5,217,27,123,172,0.46,78,0.9,35.0,15.7,3,7722,5.8,7,1,2,13.1,6,F,no,sedentario
PAC012712,81,89.4,193,24.0,120,104,150,82,79,127,8.1,251,41,148,318,1.09,90,4.4,42.7,14.1,0,2335,9.6,9,18,1,9.9,4,F,no,ligero
PAC012713,72,87.7,145,41.7,103,86,170,110,82,86,6.5,247,56,140,181,0.5,62,6.5,26.3,17.2,3,2408,4.7,17,1,3,17.1,8,M,no,ligero
PAC012714,90,80.6,147,37.3,117,90,151,92,90,98,6.9,273,58,166,105,0.4,65,4.1,33.8,14.8,4,3381,8.4,11,0,3,10.0,8,F,si,sedentario
PAC012715,57,70.2,150,31.2,86,81,149,99,79,99,5.2,220,41,158,134,0.47,74,7.9,47.4,16.0,0,6312,5.7,9,0,1,11.5,9,F,no,sedentario
PAC012716,50,42.8,161,16.5,61,103,94,65,56,101,4.1,196,81,87,65,1.09,64,2.6,44.1,15.3,11,13026,7.1,0,0,7,13.7,0,M,no,sedentario
PAC012717,31,63.4,167,22.7,60,107,112,64,66,96,5.4,130,52,99,40,0.74,101,3.6,31.1,17.9,5,11241,11.0,5,0,4,8.5,2,F,si,ligero
PAC012718,70,86.3,191,23.7,129,106,141,96,75,140,7.4,237,35,182,115,0.89,107,9.7,39.2,16.1,0,5498,9.5,21,14,3,16.7,4,M,si,ligero
PAC012719,48,79.6,173,26.6,82,91,99,88,60,107,5.2,153,78,100,44,1.05,117,2.0,30.2,13.1,6,17697,8.9,9,9,5,9.2,2,F,no,ligero
PAC012720,43,68.2,152,29.5,97,101,122,68,85,92,5.1,193,48,112,205,0.88,84,1.7,19.4,13.3,7,14179,7.4,18,27,2,12.7,9,M,no,ligero
PAC012721,90,80.8,205,19.2,127,101,135,96,99,147,7.0,215,62,164,142,1.39,55,6.1,47.1,14.1,1,500,9.1,5,0,3,15.7,5,F,si,sedentario
PAC012722,68,82.3,153,35.2,114,97,165,83,66,87,5.2,227,45,143,94,0.52,96,2.5,15.6,16.4,3,4708,4.7,16,6,5,16.0,10,M,no,sedentario
PAC012723,41,75.1,168,26.6,72,117,116,64,59,95,4.9,188,74,72,40,1.24,103,6.1,30.2,15.3,10,18041,6.4,16,5,5,5.1,5,F,no,activo
PAC012724,89,84.3,140,43.0,111,115,199,98,71,110,5.9,216,34,101,112,0.47,80,6.3,38.8,16.8,0,5020,6.8,7,2,3,14.0,8,F,si,activo
PAC012725,31,52.8,168,18.7,90,107,121,68,55,97,4.6,145,60,67,101,1.06,103,0.1,31.4,16.4,6,11611,8.4,6,4,5,3.8,5,F,no,activo
PAC012726,80,88.4,150,39.3,115,90,159,77,83,110,5.4,184,49,123,182,0.57,71,5.8,30.4,17.2,3,7050,6.6,8,6,1,11.7,6,F,no,sedentario
PAC012727,83,79.3,155,33.0,96,88,140,83,82,79,5.1,275,64,132,156,0.54,66,2.7,42.7,13.1,3,6050,3.5,4,9,2,13.4,6,M,si,sedentario
PAC012728,36,69.2,159,27.4,76,110,131,73,58,66,4.6,236,85,102,40,1.28,94,0.1,41.8,15.7,6,13280,10.5,2,3,7,9.8,3,M,no,activo
PAC012729,24,56.0,159,22.2,82,98,115,80,73,93,5.5,212,70,82,123,1.17,104,4.3,25.0,14.1,5,12326,8.5,17,25,4,11.8,7,M,no,ligero
PAC012730,81,77.3,141,38.9,100,83,131,87,75,127,5.2,213,54,161,173,0.76,112,5.2,19.0,16.5,4,5151,7.2,13,10,2,9.9,4,F,si,sedentario
PAC012731,78,90.8,140,46.3,100,102,163,85,91,97,6.5,211,37,162,173,0.67,46,5.5,32.5,16.3,2,3567,7.7,2,12,2,13.0,6,F,si,activo
PAC012732,19,71.3,158,28.6,60,96,124,89,86,82,6.0,218,46,107,175,1.11,127,2.3,19.2,10.9,7,12342,10.1,23,22,1,9.3,3,F,si,sedentario
PAC012733,28,62.9,157,25.5,89,101,134,85,50,90,4.7,228,40,80,40,1.41,78,0.1,34.6,13.1,3,9008,8.7,3,0,7,6.6,5,F,si,sedentario
PAC012734,51,69.6,201,17.2,103,116,135,81,73,157,6.3,279,36,198,396,0.88,44,2.0,29.8,13.1,3,3919,8.5,6,0,0,14.3,7,M,si,activo
PAC012735,63,84.5,203,20.5,125,120,147,103,75,130,8.6,264,37,148,293,1.14,85,10.4,45.1,16.0,1,500,10.3,5,10,0,10.3,5,F,si,sedentario
PAC012736,57,92.1,204,22.1,103,113,145,88,83,141,6.6,261,49,164,312,1.36,56,8.3,36.0,14.3,0,1785,7.7,2,7,0,14.8,6,M,si,sedentario
PAC012737,55,86.6,200,21.6,96,98,126,96,75,113,5.9,254,35,180,266,1.4,65,8.8,39.1,13.0,0,5098,7.9,14,8,2,12.7,9,F,no,ligero
PAC012738,70,101.7,188,28.8,132,111,144,84,67,104,6.5,238,38,128,219,1.05,75,4.6,44.7,15.3,0,1793,7.9,18,3,1,13.6,6,F,no,ligero
PAC012739,65,99.0,203,24.0,112,96,157,85,85,126,6.0,219,25,187,288,1.02,80,5.7,45.5,13.5,3,500,6.9,15,0,0,14.0,8,F,si,sedentario
PAC012740,18,40.0,158,16.0,60,95,118,68,51,64,5.1,209,60,64,134,1.43,86,1.2,36.0,11.5,6,12718,8.1,0,3,5,7.0,1,M,no,ligero
PAC012741,76,93.9,205,22.3,126,99,122,82,85,170,6.4,230,48,146,287,1.24,79,9.2,46.4,14.0,0,520,7.8,8,4,4,8.9,5,F,si,sedentario
PAC012742,64,67.9,177,21.7,88,108,105,90,74,63,4.7,175,47,64,113,1.08,120,1.2,29.8,16.3,11,10181,7.5,9,2,4,9.7,1,F,no,activo
PAC012743,74,79.2,155,33.0,83,96,164,92,83,121,4.7,196,26,106,260,0.67,98,7.0,16.0,18.6,1,10051,6.2,11,3,2,11.7,10,M,no,sedentario
PAC012744,41,57.0,171,19.5,102,117,90,70,54,60,5.4,187,66,136,200,1.05,114,2.6,29.7,14.0,10,11844,8.0,0,0,7,5.1,2,F,no,sedentario
PAC012745,22,66.7,157,27.1,61,96,112,79,59,78,5.1,168,72,132,70,0.94,88,1.4,36.4,14.5,11,12291,8.5,0,0,5,4.3,2,F,no,sedentario
PAC012746,67,66.1,193,17.7,123,101,130,67,81,141,7.8,257,25,172,133,1.72,75,4.6,31.0,16.7,5,2130,6.7,8,22,3,11.8,6,F,si,ligero
PAC012747,18,79.0,155,32.9,65,101,90,60,79,105,4.1,209,54,58,114,1.02,88,0.1,38.5,15.1,8,14583,8.9,7,4,5,3.5,1,F,no,ligero
PAC012748,83,77.5,150,34.4,116,110,160,107,82,130,5.3,238,43,133,230,0.4,94,2.9,15.4,16.8,5,4893,5.3,10,14,2,11.5,8,M,no,activo
PAC012749,51,49.0,172,16.6,74,93,116,56,64,100,5.6,142,54,81,52,1.18,111,1.5,41.0,16.8,6,13945,9.7,2,5,5,6.5,4,F,no,sedentario
PAC012750,28,62.7,168,22.2,96,96,119,73,68,88,4.8,200,87,96,84,1.12,101,4.5,38.2,15.1,12,10759,7.6,0,0,8,11.8,1,M,si,activo
PAC012751,62,84.6,193,22.7,89,101,138,80,86,122,6.8,206,42,171,221,1.25,78,8.8,49.0,14.8,1,500,10.7,12,2,1,10.1,6,M,si,ligero
PAC012752,80,118.2,190,32.7,106,88,131,78,73,149,7.0,187,42,152,278,1.14,84,6.1,20.9,14.8,5,3471,9.4,14,17,3,7.6,10,M,no,sedentario
PAC012753,35,70.9,169,24.8,60,109,100,76,54,100,4.5,186,72,143,40,1.13,93,0.1,37.3,12.5,7,15117,8.2,2,0,5,3.1,1,F,si,ligero
PAC012754,75,98.2,201,24.3,139,113,137,84,81,149,6.7,267,29,169,173,1.06,91,8.8,52.0,15.3,0,1205,11.0,6,0,2,10.6,6,M,si,sedentario
PAC012755,36,77.9,173,26.0,72,90,114,76,91,80,5.0,191,69,60,40,1.02,99,4.4,5.0,12.3,5,9173,9.1,19,24,4,9.1,5,M,no,sedentario
PAC012756,58,64.6,169,22.6,84,110,118,76,80,108,5.5,168,46,147,125,1.02,99,0.1,37.3,17.8,4,13481,7.0,7,0,5,2.0,3,F,no,ligero
PAC012757,68,95.1,189,26.6,120,103,137,96,75,128,8.5,239,49,156,317,1.32,82,10.8,34.1,14.0,1,2001,7.5,4,12,1,14.4,10,F,si,ligero
PAC012758,55,87.7,182,26.5,98,113,137,86,71,134,6.6,255,43,120,207,1.32,60,4.5,38.3,13.1,0,3795,10.8,12,0,0,4.8,3,F,si,sedentario
PAC012759,35,71.4,155,29.7,85,103,129,69,64,95,5.6,167,72,96,81,1.14,80,2.2,48.0,16.4,6,10890,9.5,2,0,4,10.0,4,M,no,activo
PAC012760,73,90.3,196,23.5,95,106,146,95,57,114,8.8,258,28,178,301,0.93,71,6.5,42.4,15.7,0,5972,6.3,8,12,2,11.8,9,M,si,activo
PAC012761,56,96.1,200,24.0,108,111,133,92,79,121,8.1,212,27,119,320,1.05,91,6.4,38.5,12.6,3,3770,9.0,17,0,0,14.4,6,M,si,sedentario
PAC012762,33,47.4,160,18.5,82,104,114,74,61,74,6.0,205,59,45,97,1.07,86,3.7,35.5,15.6,4,5305,8.2,5,0,5,2.2,4,F,no,ligero
PAC012763,70,111.0,186,32.1,111,121,142,91,81,154,6.5,234,34,191,296,1.01,44,8.6,32.7,14.4,2,8869,10.9,5,5,0,15.2,7,M,no,ligero
PAC012764,44,67.0,179,20.9,83,79,149,78,60,84,6.4,183,78,115,40,1.49,84,0.1,41.8,14.3,12,15720,8.0,0,0,5,8.1,0,M,no,sedentario
PAC012765,22,73.5,173,24.6,82,101,101,83,47,85,4.0,153,80,108,64,1.11,86,0.1,40.0,12.8,6,15682,8.1,0,2,7,5.8,7,F,si,ligero
PAC012766,81,86.4,202,21.2,124,102,146,92,86,133,6.8,224,44,188,242,1.18,83,8.0,32.8,15.3,3,1907,9.1,4,0,0,12.7,8,M,no,ligero
PAC012767,52,64.1,158,25.7,68,101,110,81,72,81,4.5,203,68,155,151,1.35,100,3.9,35.7,13.9,7,13365,8.2,10,0,5,10.8,1,M,no,sedentario
PAC012768,18,60.4,151,26.5,96,92,119,75,75,69,5.1,156,50,161,133,0.94,91,5.0,27.1,10.4,4,12799,8.0,8,26,3,9.6,7,F,no,activo
PAC012769,57,94.3,140,48.1,120,81,149,104,86,82,5.3,184,49,174,295,0.59,92,4.4,25.3,17.5,2,4200,7.2,29,24,0,15.0,9,F,no,sedentario
PAC012770,22,49.2,154,20.7,86,98,127,91,65,68,5.1,147,57,82,60,1.15,84,3.5,45.3,13.7,8,15615,7.3,0,0,7,6.9,0,M,no,ligero
PAC012771,20,52.6,159,20.8,91,102,91,78,88,123,5.3,139,65,54,156,1.05,105,1.5,16.0,11.2,8,10986,6.7,22,17,2,6.2,3,M,si,activo
PAC012772,61,97.1,144,46.8,105,94,165,108,92,109,6.5,247,40,135,110,0.4,60,0.1,36.1,13.7,2,4793,3.8,0,15,2,9.0,4,F,no,sedentario
PAC012773,44,89.0,151,39.0,84,87,129,56,67,117,6.3,185,28,57,60,1.13,93,3.7,22.2,9.3,6,7888,7.5,15,25,3,9.5,8,M,no,ligero
PAC012774,18,65.5,165,24.1,93,79,104,75,78,97,5.4,177,57,137,119,0.79,122,5.7,26.0,10.6,8,6448,8.4,30,27,0,8.7,5,F,si,ligero
PAC012775,18,55.2,173,18.4,82,94,112,78,67,84,4.0,191,67,91,40,1.01,95,1.1,41.0,14.7,7,17362,8.9,0,5,6,7.8,1,M,no,sedentario
PAC012776,61,55.6,155,23.1,103,107,135,110,99,104,6.7,225,69,98,184,0.69,68,4.2,27.9,18.1,5,4293,6.7,7,6,2,9.5,10,F,si,ligero
PAC012777,78,96.1,148,43.9,106,103,188,92,78,97,6.4,188,32,130,253,0.82,93,6.6,27.4,17.4,0,5080,5.9,3,4,0,14.6,6,F,no,sedentario
PAC012778,27,56.8,168,20.1,65,101,117,62,59,71,6.0,178,47,85,141,1.21,106,0.1,41.3,11.9,7,11581,8.8,0,0,5,10.0,0,F,no,ligero
PAC012779,77,76.3,205,18.2,121,88,176,92,76,155,7.1,239,37,120,191,0.98,67,5.5,26.6,15.9,0,6855,9.0,7,1,2,10.2,4,F,si,ligero
PAC012780,40,60.9,166,22.1,107,116,108,93,64,82,4.8,150,75,65,99,1.2,101,3.3,49.4,13.1,7,18644,8.7,17,3,3,6.6,1,F,no,sedentario
PAC012781,23,85.9,176,27.7,78,105,103,60,63,65,5.6,170,79,72,40,0.93,105,0.1,50.9,15.4,8,9210,9.3,20,0,6,4.5,2,F,no,ligero
PAC012782,42,78.4,157,31.8,91,93,124,65,66,100,4.6,119,46,95,40,0.88,130,1.4,36.9,9.4,3,10849,7.7,19,27,0,9.0,7,F,no,sedentario
PAC012783,57,92.7,205,22.1,112,105,121,95,76,151,7.6,270,45,116,294,1.1,101,9.4,47.1,14.6,0,3637,10.5,19,0,0,10.2,7,F,si,ligero
PAC012784,83,112.7,148,51.5,86,119,162,98,74,109,5.6,227,47,176,166,0.54,71,2.0,34.2,17.0,0,3298,4.8,6,0,2,17.2,9,M,no,sedentario
PAC012785,61,98.1,196,25.5,90,106,144,90,64,125,6.4,282,25,204,254,1.11,92,0.1,13.6,15.7,0,4034,7.9,1,8,4,11.2,7,F,no,ligero
PAC012786,22,85.1,147,39.4,60,88,113,77,90,87,5.6,214,58,168,163,0.8,103,5.6,18.2,12.7,9,13343,7.3,17,32,1,10.3,10,M,no,ligero
PAC012787,52,110.8,192,30.1,128,85,148,76,86,114,6.5,210,42,150,284,1.22,82,4.9,47.9,14.0,1,2252,7.2,7,19,3,11.2,6,M,si,sedentario
PAC012788,28,75.0,155,31.2,76,80,138,75,89,110,5.7,213,53,111,40,0.68,122,1.2,20.7,12.0,4,6257,8.3,17,15,3,7.5,5,F,si,ligero
PAC012789,30,55.0,158,22.0,92,80,116,78,80,82,4.0,201,55,91,73,0.95,120,3.2,30.4,10.7,4,4839,6.3,17,20,0,10.7,8,F,no,ligero
PAC012790,34,68.4,159,27.1,101,92,120,76,76,109,4.7,157,53,86,170,0.74,118,5.4,30.6,13.6,0,7285,7.9,22,29,0,11.1,7,M,no,activo
PAC012791,66,96.7,198,24.7,111,109,152,100,62,160,7.5,241,37,151,300,1.03,67,8.8,41.2,15.8,0,2170,8.2,3,14,0,11.0,6,M,si,ligero
PAC012792,26,56.0,166,20.3,93,104,94,82,69,81,5.0,174,67,140,88,1.12,67,2.2,41.8,12.0,9,15967,8.4,4,9,6,4.9,1,M,no,sedentario
PAC012793,42,70.5,174,23.3,76,99,114,88,63,79,5.7,173,76,118,95,1.1,89,1.5,39.5,13.0,7,15199,9.0,1,5,6,7.8,3,M,no,ligero
PAC012794,49,102.4,140,52.2,119,88,132,97,85,66,6.0,217,56,166,248,0.49,69,4.0,26.5,16.7,1,8897,7.6,9,0,3,11.2,6,F,no,ligero
PAC012795,29,93.0,153,39.7,87,89,127,80,81,60,4.8,196,46,116,134,1.02,88,4.7,31.2,11.7,10,6282,7.8,16,21,5,8.7,7,M,no,sedentario
PAC012796,90,99.4,140,50.7,104,108,147,90,75,137,4.4,253,61,171,122,0.69,84,4.7,39.4,16.7,0,8600,4.9,19,0,3,11.5,8,F,no,activo
PAC012797,37,69.2,160,27.0,96,107,126,85,82,103,5.0,254,49,141,99,1.3,102,2.7,5.5,11.1,9,13234,6.0,11,22,0,9.3,9,F,si,ligero
PAC012798,18,69.8,154,29.4,65,93,111,79,65,76,6.3,203,64,135,128,0.84,90,5.5,17.2,12.8,5,10661,8.4,11,16,0,9.3,5,M,no,sedentario
PAC012799,52,110.5,187,31.6,136,115,135,80,64,120,8.1,228,33,195,289,1.56,90,8.0,34.4,12.8,0,938,9.9,23,21,5,12.4,9,F,no,sedentario
PAC012800,19,68.1,162,25.9,81,101,114,70,71,108,4.0,200,62,140,113,1.22,119,0.1,35.5,11.4,6,11623,8.8,17,12,3,4.0,2,M,no,ligero
PAC012801,43,71.9,155,29.9,90,92,136,74,72,87,4.3,267,70,111,141,1.25,91,2.3,30.3,14.1,8,14057,6.4,0,6,5,4.0,2,M,no,activo
PAC012802,37,91.5,165,33.6,89,91,122,71,78,89,4.6,218,57,141,95,1.29,82,0.1,35.5,11.6,4,9654,7.4,27,24,6,12.1,6,M,no,ligero
PAC012803,80,94.4,197,24.3,142,107,123,86,66,163,7.4,220,36,159,255,0.91,79,6.6,44.2,13.1,0,1595,8.3,16,14,1,7.9,6,M,si,ligero
PAC012804,52,88.1,199,22.2,115,122,151,83,70,157,6.9,180,25,159,265,1.17,64,5.8,40.3,16.3,0,7839,8.6,16,0,2,11.8,9,F,si,sedentario
PAC012805,18,64.8,173,21.7,78,96,108,77,59,89,4.4,208,31,87,40,1.04,120,1.9,19.0,13.9,9,12688,8.6,0,4,5,6.6,1,F,si,sedentario
PAC012806,53,58.2,148,26.6,97,108,137,66,89,83,4.2,187,70,146,260,1.39,89,4.0,25.4,10.6,9,7265,5.6,20,25,2,2.9,7,F,si,ligero
PAC012807,64,95.0,187,27.2,104,104,124,98,73,137,7.7,249,39,211,313,0.92,68,6.6,41.4,13.8,0,1601,9.0,10,0,1,9.3,7,F,no,ligero
PAC012808,78,86.2,156,35.4,115,92,156,96,75,98,5.2,193,56,131,151,0.59,61,4.5,55.7,14.5,0,3398,6.5,15,0,2,12.8,7,M,si,ligero
PAC012809,39,75.5,181,23.0,96,84,108,58,54,65,5.4,167,50,99,80,1.32,102,2.0,33.2,16.7,4,12528,8.2,0,0,4,10.1,1,M,si,activo
PAC012810,18,47.8,158,19.1,101,82,107,69,66,122,6.0,160,59,144,181,0.96,108,5.3,16.3,12.3,6,7152,7.7,22,17,0,10.6,8,F,si,activo
PAC012811,18,75.4,167,27.0,98,89,121,52,100,87,6.0,220,83,103,123,0.87,87,5.6,33.0,13.1,3,9892,9.9,13,35,2,9.1,6,M,no,sedentario
PAC012812,69,73.8,144,35.6,92,120,158,88,77,107,6.2,240,53,157,234,0.4,71,5.2,36.4,17.0,2,5118,7.1,14,8,3,12.5,4,M,no,sedentario
PAC012813,86,66.2,157,26.9,96,109,148,90,75,110,5.8,251,46,139,228,0.65,61,1.4,31.9,16.1,5,3341,6.8,12,0,2,18.8,4,F,no,sedentario
PAC012814,18,51.3,165,18.8,69,107,123,72,60,76,5.4,176,70,112,40,1.18,107,2.6,29.0,18.2,10,12398,9.8,0,7,5,7.6,5,M,no,sedentario
PAC012815,27,69.4,155,28.9,80,105,119,56,67,92,4.0,118,53,97,54,1.15,98,3.6,34.9,15.9,11,10955,9.9,0,8,9,3.2,3,M,no,ligero
PAC012816,39,74.4,154,31.4,94,100,121,68,84,108,5.9,236,58,129,40,0.87,124,1.5,15.9,10.6,9,5580,7.0,12,22,2,10.5,6,M,si,sedentario
PAC012817,49,96.5,187,27.6,112,110,134,91,64,126,6.7,218,32,150,247,0.86,71,6.3,19.8,13.8,4,500,7.1,1,9,0,6.1,6,M,no,sedentario
PAC012818,58,107.2,190,29.7,114,85,143,103,76,131,6.9,236,36,129,283,0.92,78,5.5,32.1,14.1,0,1493,9.9,17,6,2,13.0,9,F,si,sedentario
PAC012819,18,69.9,179,21.8,89,98,115,83,66,65,4.6,128,76,124,47,1.38,125,0.1,24.7,12.7,11,11815,8.2,0,8,5,9.7,3,F,no,sedentario
PAC012820,81,60.2,151,26.4,93,99,158,92,83,78,5.8,217,48,135,256,0.79,108,5.6,30.4,15.5,6,6424,6.5,14,1,2,6.7,7,F,si,sedentario
PAC012821,37,60.7,172,20.5,114,77,132,78,81,107,5.0,203,53,70,106,0.9,95,6.4,24.7,14.9,9,6964,5.6,14,23,4,7.3,7,M,si,sedentario
PAC012822,66,85.1,196,22.2,101,102,126,90,85,153,7.0,242,32,137,296,1.05,67,10.9,27.8,14.9,0,976,9.8,23,4,2,14.0,10,F,no,ligero
PAC012823,59,80.3,140,41.0,125,112,159,100,69,72,5.9,194,49,144,149,0.42,65,7.6,30.6,16.6,6,1041,6.5,0,1,1,11.2,8,M,si,sedentario
PAC012824,18,71.1,162,27.1,81,126,117,68,57,92,5.5,180,81,65,142,1.16,110,0.1,42.1,13.1,2,11413,8.1,5,10,3,7.4,0,M,no,ligero
PAC012825,38,70.4,146,33.0,106,92,154,88,61,111,6.4,246,44,119,282,0.4,86,0.8,19.6,17.8,4,5060,5.5,11,13,3,14.9,8,M,si,sedentario
PAC012826,78,85.8,193,23.0,133,115,160,90,72,96,6.1,269,48,154,251,1.44,69,3.2,28.8,13.0,0,5020,8.5,10,12,2,10.7,9,M,si,activo
PAC012827,90,74.0,140,37.8,100,86,168,101,71,100,4.7,286,37,137,281,0.4,79,4.2,55.5,17.4,0,1916,4.8,20,10,3,14.7,3,F,no,sedentario
PAC012828,85,89.3,141,44.9,128,94,162,100,64,107,6.7,239,50,119,86,0.66,86,2.1,26.1,17.0,0,6698,6.3,13,10,1,7.0,8,F,no,sedentario
PAC012829,52,111.4,145,53.0,95,106,154,105,69,95,5.2,251,59,98,201,0.77,80,3.5,38.0,15.1,0,5111,5.6,11,0,2,11.8,3,F,si,sedentario
PAC012830,43,63.4,151,27.8,74,99,115,83,60,85,4.7,144,49,96,40,1.04,97,2.4,27.2,12.1,6,13164,9.5,9,2,6,6.1,3,M,si,ligero
PAC012831,33,80.7,177,25.8,75,114,108,54,45,79,4.0,169,59,125,63,0.96,111,7.7,43.7,13.8,8,8749,9.3,0,9,5,10.8,3,M,no,ligero
PAC012832,60,94.0,186,27.2,108,102,127,105,80,150,7.2,275,52,135,314,1.38,98,9.8,29.7,15.8,0,500,9.2,14,6,1,11.0,6,M,si,ligero
PAC012833,38,83.5,176,27.0,70,87,142,73,57,74,4.0,192,80,106,77,1.01,107,0.1,35.1,16.0,8,10079,9.4,0,7,6,9.5,0,M,no,activo
PAC012834,90,72.8,151,31.9,114,86,145,85,76,102,5.2,221,49,181,177,0.58,93,1.7,32.8,16.7,3,3969,5.2,11,21,4,10.0,7,F,si,sedentario
PAC012835,28,57.7,163,21.7,68,87,118,83,64,79,4.4,181,67,127,161,1.07,121,2.2,34.1,13.9,10,15155,6.7,0,0,6,7.8,1,M,no,sedentario
PAC012836,58,92.2,140,47.0,112,105,151,96,73,89,6.0,216,40,110,229,0.48,86,10.0,19.5,18.6,1,9496,8.2,5,0,2,12.0,5,M,si,sedentario
PAC012837,72,96.7,147,44.7,123,106,159,90,92,110,7.5,213,55,98,99,0.57,76,4.4,44.7,17.8,0,5224,6.0,2,0,1,9.8,7,M,si,sedentario
PAC012838,23,65.0,157,26.4,94,106,104,73,87,91,4.7,212,48,134,223,0.67,102,0.1,28.1,12.5,10,12993,7.1,14,25,0,4.4,7,M,si,ligero
PAC012839,45,51.7,180,16.0,85,105,152,71,64,111,4.4,126,85,111,40,1.19,129,3.2,45.4,14.4,8,15073,8.1,2,0,4,3.0,6,M,no,sedentario
PAC012840,58,55.4,158,22.2,90,91,124,70,83,94,4.6,214,41,139,167,1.23,78,2.0,26.2,11.9,5,5846,9.7,7,39,2,6.4,8,M,si,activo
PAC012841,56,66.6,203,16.2,122,115,133,94,71,95,7.8,256,41,91,329,1.22,77,7.1,30.3,14.8,0,713,9.3,4,7,1,10.5,7,F,no,ligero
PAC012842,90,56.6,151,24.8,105,86,183,112,75,119,5.1,260,51,138,150,0.45,66,2.7,33.1,17.5,0,7356,7.4,16,8,1,9.9,8,M,si,sedentario
PAC012843,49,58.7,159,23.2,84,96,118,62,102,91,4.9,153,74,128,189,1.0,107,5.3,23.9,10.7,5,14340,7.9,26,15,5,5.8,6,M,no,ligero
PAC012844,36,51.9,176,16.8,81,108,112,77,64,86,4.4,177,68,93,139,1.06,85,3.4,47.0,15.2,8,13169,8.3,1,0,6,2.5,0,F,no,ligero
PAC012845,18,52.7,164,19.6,89,91,114,63,76,86,4.3,190,66,189,172,0.89,102,0.8,37.3,14.1,9,14911,8.3,0,3,5,4.3,4,M,si,ligero
PAC012846,26,61.0,148,27.8,79,81,132,68,55,111,4.4,169,57,96,91,1.16,94,1.2,36.9,12.6,10,12775,10.9,7,5,5,4.1,2,M,no,sedentario
PAC012847,81,75.1,140,38.3,136,83,152,110,96,88,6.5,233,53,124,139,0.64,66,6.4,28.3,15.8,1,5843,5.2,8,0,0,9.1,6,M,no,ligero
PAC012848,65,70.0,145,33.3,115,107,157,99,80,118,5.8,259,31,170,207,0.65,62,7.5,35.9,13.3,3,4311,5.4,10,7,4,13.6,9,M,si,activo
PAC012849,23,40.0,143,19.6,74,92,119,71,63,88,4.2,184,71,40,40,1.1,112,2.0,19.4,15.0,10,6463,7.4,9,0,9,2.0,2,M,si,ligero
PAC012850,46,76.8,173,25.7,84,119,106,70,68,97,4.1,151,51,146,163,0.99,90,0.1,44.2,15.7,7,13103,7.2,0,0,5,2.3,0,M,no,activo
PAC012851,18,91.5,164,34.0,71,104,124,73,62,129,5.4,183,60,148,115,0.93,79,2.1,28.2,9.9,9,7973,8.3,13,34,1,6.9,6,M,no,sedentario
PAC012852,24,71.1,147,32.9,89,87,113,68,82,99,6.7,177,58,98,142,1.34,88,4.8,35.6,12.9,1,7808,9.0,13,26,1,10.5,6,F,no,sedentario
PAC012853,64,69.2,140,35.3,108,90,180,95,74,111,5.1,200,37,107,210,0.55,85,4.7,33.7,17.1,1,4899,5.1,13,0,0,14.2,3,M,no,sedentario
PAC012854,53,88.5,158,35.5,99,84,163,91,80,111,4.4,246,40,147,102,0.67,84,9.6,22.5,15.8,1,500,6.0,8,7,2,6.1,5,M,si,sedentario
PAC012855,90,83.9,140,42.8,103,101,142,89,79,91,5.9,219,25,141,258,0.43,63,0.7,29.8,16.4,1,7706,6.1,6,9,3,13.0,8,M,si,sedentario
PAC012856,37,79.6,157,32.3,88,96,125,66,68,81,5.6,164,55,62,119,1.09,82,2.6,16.3,15.7,6,10845,8.9,9,10,4,2.2,2,M,no,ligero
PAC012857,18,98.0,155,40.8,74,89,118,67,83,76,5.1,221,66,131,188,0.63,97,5.7,23.6,10.3,4,10771,8.9,31,27,2,9.2,9,M,no,ligero
PAC012858,76,90.6,141,45.6,97,90,149,102,83,124,4.6,235,66,165,124,0.48,78,1.4,28.4,18.5,2,7584,5.4,9,6,3,14.8,8,M,no,sedentario
PAC012859,68,109.2,140,55.7,105,92,141,97,75,107,6.5,193,58,145,172,0.53,105,5.8,10.3,17.3,5,6362,5.1,11,7,3,12.9,10,F,no,sedentario
PAC012860,34,74.9,163,28.2,78,87,142,58,73,81,5.3,180,36,122,53,0.95,82,3.5,11.6,15.2,6,6726,9.3,16,22,2,11.1,9,M,si,sedentario
PAC012861,86,100.7,140,51.4,109,99,131,108,82,129,5.1,227,58,142,208,0.4,99,9.4,16.0,19.0,0,2002,5.6,5,5,0,17.6,5,F,no,activo
PAC012862,61,67.8,142,33.6,97,110,154,102,82,114,6.0,241,38,152,221,0.4,88,1.2,24.9,16.7,2,2755,6.4,3,1,1,15.8,4,M,si,ligero
PAC012863,46,71.0,154,29.9,84,99,113,67,76,112,4.8,163,93,148,201,0.78,91,5.1,12.6,12.5,0,11415,8.1,8,14,0,10.6,6,F,si,sedentario
PAC012864,81,103.4,199,26.1,120,96,152,79,80,95,6.6,273,35,125,263,1.14,58,7.0,25.7,16.9,1,3205,9.3,8,7,4,11.5,5,F,no,activo
PAC012865,65,64.8,140,33.1,93,93,165,113,74,97,6.6,267,52,170,250,0.41,70,8.5,36.7,12.3,0,6465,6.0,10,0,5,15.6,6,F,no,ligero
PAC012866,23,86.8,149,39.1,86,114,138,75,84,109,5.7,190,45,97,88,1.07,96,1.6,16.1,12.0,8,8760,9.2,17,25,4,6.5,10,M,no,ligero
PAC012867,63,82.3,197,21.2,123,116,152,82,84,109,7.6,227,28,167,256,1.36,86,4.3,35.0,15.3,0,682,9.3,10,6,1,10.9,9,M,no,ligero
PAC012868,80,109.1,201,27.0,107,103,150,91,77,115,7.4,250,47,157,164,1.19,47,2.2,49.6,15.3,0,3238,6.1,9,13,2,14.2,6,F,si,sedentario
PAC012869,54,78.6,195,20.7,123,109,129,104,81,125,5.7,241,33,143,333,1.05,67,4.8,41.1,14.9,0,4042,10.9,18,8,1,11.3,7,M,no,sedentario
PAC012870,27,64.6,156,26.5,84,77,139,67,91,110,6.5,167,50,86,125,0.59,116,0.2,25.3,11.8,6,11657,6.3,22,12,2,5.8,6,M,no,sedentario
PAC012871,50,66.8,159,26.4,87,101,115,86,89,118,4.1,192,34,89,123,0.83,110,0.1,14.5,13.0,3,9752,9.1,19,25,2,10.3,9,M,no,ligero
PAC012872,53,79.6,156,32.7,119,105,167,84,64,105,6.2,230,48,116,202,0.64,82,1.0,41.0,16.6,0,3758,6.3,12,16,1,13.5,8,F,si,activo
PAC012873,21,70.5,165,25.9,82,114,108,60,81,85,5.2,259,67,57,40,1.06,115,1.4,25.8,13.4,3,4425,7.4,22,10,3,6.2,10,M,no,activo
PAC012874,51,58.4,166,21.2,62,113,114,78,63,111,5.4,144,65,124,40,1.38,108,1.5,43.1,12.8,7,14115,9.1,9,0,3,8.7,4,F,no,ligero
PAC012875,73,72.5,205,17.3,125,79,167,78,92,120,7.7,248,25,194,179,1.42,93,6.6,37.4,17.9,3,500,8.9,5,9,0,10.9,9,F,si,sedentario
PAC012876,67,101.7,205,24.2,94,105,137,91,81,133,7.6,274,49,183,227,1.1,93,5.1,34.2,14.7,0,6436,9.5,14,0,1,12.9,3,M,si,sedentario
PAC012877,78,64.4,140,32.9,104,107,185,117,79,117,5.7,252,50,155,211,0.4,77,3.1,24.0,13.5,0,4957,5.3,7,5,3,11.7,6,F,si,ligero
PAC012878,22,47.6,155,19.8,83,116,138,79,51,124,4.4,164,86,131,48,0.79,98,1.8,24.1,14.8,10,13905,8.8,8,0,7,7.6,6,F,si,sedentario
PAC012879,34,71.4,164,26.5,89,115,105,70,68,96,5.3,190,54,101,79,1.06,99,2.0,28.5,15.6,9,9687,10.2,0,6,6,4.7,0,M,no,activo
PAC012880,47,90.0,161,34.7,77,92,125,56,71,97,4.6,181,66,100,40,1.19,71,2.2,51.4,14.4,7,14800,8.9,4,4,5,13.4,0,F,no,activo
PAC012881,65,71.7,140,36.6,116,114,163,101,82,98,6.5,204,47,95,207,0.4,95,4.3,32.3,16.3,2,4787,5.6,11,0,3,12.2,9,M,si,sedentario
PAC012882,65,94.7,192,25.7,113,102,147,97,63,135,7.5,264,52,97,291,1.24,79,7.4,29.8,16.4,0,500,9.9,4,4,2,8.9,7,M,si,activo
PAC012883,35,51.3,148,23.4,75,86,102,67,85,79,5.4,173,44,128,159,0.95,121,3.9,24.7,12.5,6,7776,7.8,27,24,2,10.9,6,F,si,ligero
PAC012884,45,50.7,167,18.2,74,95,124,71,60,98,5.9,226,85,48,186,1.26,125,1.8,30.2,13.0,8,15658,9.5,1,3,6,7.4,1,M,no,sedentario
PAC012885,29,49.7,158,19.9,91,110,124,74,74,115,5.3,165,57,64,67,0.8,125,0.5,29.0,12.3,9,10026,9.0,28,18,2,12.8,10,F,no,ligero
PAC012886,18,91.1,166,33.1,98,104,104,91,84,97,5.7,166,66,155,101,1.07,105,6.5,24.1,8.0,3,10669,8.5,30,31,3,6.0,10,F,no,ligero
PAC012887,36,68.0,165,25.0,61,93,126,63,81,105,4.2,217,75,128,74,1.16,115,0.1,41.1,14.2,6,8960,6.8,2,0,4,8.9,3,F,si,sedentario
PAC012888,23,87.5,168,31.0,69,102,119,86,73,61,4.3,201,55,91,86,1.0,74,0.9,13.2,14.8,4,7409,11.0,22,7,3,7.7,8,F,no,activo
PAC012889,51,114.2,198,29.1,128,89,137,75,76,153,7.3,239,39,170,224,0.97,108,6.9,43.4,14.4,0,3873,8.0,18,18,1,7.8,6,F,si,sedentario
PAC012890,78,95.1,200,23.8,139,102,132,94,76,124,6.6,221,25,138,386,1.06,72,3.5,32.0,14.8,0,500,9.4,12,5,0,11.4,7,M,no,ligero
PAC012891,18,64.7,176,20.9,60,85,101,67,45,106,5.1,171,74,96,40,0.81,93,3.1,40.8,16.1,8,12665,7.8,5,0,3,3.0,1,M,si,activo
PAC012892,18,50.7,155,21.1,101,92,110,62,82,90,4.4,174,52,110,91,1.06,82,4.2,17.5,11.2,3,10279,10.2,19,27,1,13.8,7,F,si,sedentario
PAC012893,61,74.9,203,18.2,115,109,149,100,79,120,6.6,280,47,193,246,1.38,72,8.0,42.6,16.7,0,6077,9.2,13,0,3,16.9,5,M,no,sedentario
PAC012894,63,86.3,142,42.8,113,88,171,110,67,118,5.8,205,46,116,149,0.51,77,3.7,23.8,18.9,2,500,6.8,11,0,2,14.3,7,M,si,activo
PAC012895,58,40.0,170,13.8,73,100,112,62,57,86,5.4,162,50,153,170,0.87,103,0.1,46.8,14.7,6,14188,8.9,1,0,7,5.7,4,F,no,sedentario
PAC012896,72,66.6,152,28.8,106,75,148,105,72,83,4.8,213,40,89,69,0.4,67,5.0,32.0,16.8,0,4259,5.8,12,0,1,12.4,6,M,no,ligero
PAC012897,90,99.2,140,50.6,105,95,172,102,72,108,5.5,242,29,137,151,0.66,70,4.3,40.5,18.6,6,3976,7.3,10,11,3,9.7,7,F,si,sedentario
PAC012898,47,85.4,151,37.5,65,110,135,76,52,60,5.0,166,64,119,42,1.13,85,0.5,38.1,15.9,13,10940,7.8,0,0,5,2.0,1,F,si,activo
PAC012899,61,74.9,148,34.2,120,117,152,84,82,128,6.9,197,38,159,243,0.49,58,2.5,34.4,15.2,0,6819,7.4,22,1,3,10.8,6,M,no,activo
PAC012900,35,70.2,159,27.8,72,102,137,57,64,114,4.0,149,90,98,80,1.23,106,1.9,50.6,17.3,7,11577,7.5,2,0,4,7.5,0,M,no,ligero
PAC012901,90,77.6,140,39.6,145,89,145,84,83,105,5.4,216,46,185,113,0.4,63,5.5,25.9,14.8,3,3872,6.5,16,2,4,11.1,4,F,no,sedentario
PAC012902,90,97.2,162,37.0,78,112,176,95,70,113,6.1,172,33,82,150,0.67,52,4.7,22.4,15.5,1,5820,5.6,2,6,3,14.6,6,M,no,sedentario
PAC012903,70,59.3,144,28.6,94,105,171,103,66,94,5.5,223,66,147,190,0.67,58,9.8,25.0,17.4,0,1876,5.1,18,12,3,11.9,8,F,no,sedentario
PAC012904,28,55.0,166,20.0,75,102,124,66,75,108,5.1,193,49,145,83,1.25,103,0.1,20.0,15.3,8,17415,10.1,6,0,8,5.6,5,M,no,sedentario
PAC012905,19,40.0,162,15.2,93,86,108,79,55,89,4.9,199,84,134,40,1.48,75,0.1,26.1,15.9,11,12167,8.3,9,0,3,2.4,0,M,no,sedentario
PAC012906,18,66.7,168,23.6,76,85,136,74,65,69,6.7,120,67,112,86,0.94,109,1.9,19.4,13.2,7,14891,9.0,3,0,6,4.7,1,F,no,ligero
PAC012907,61,50.6,146,23.7,114,75,128,107,88,78,6.2,217,25,155,200,0.45,52,7.2,28.5,16.9,0,3314,5.2,8,11,4,10.3,6,M,no,sedentario
PAC012908,77,91.2,187,26.1,126,77,120,99,90,141,5.9,301,29,143,193,1.32,94,6.5,21.5,15.7,0,5732,9.0,18,6,1,9.5,7,M,no,sedentario
PAC012909,18,83.1,171,28.4,93,94,124,73,83,89,5.4,171,75,109,150,0.81,119,2.9,14.5,12.5,9,10823,8.1,14,10,1,12.2,9,M,si,activo
PAC012910,18,88.7,167,31.8,97,114,141,81,90,69,5.2,161,43,97,98,1.1,101,1.1,22.5,11.3,9,1309,7.9,15,24,1,10.3,7,M,no,activo
PAC012911,32,50.2,162,19.1,81,103,124,57,65,71,4.7,110,61,70,58,0.99,92,0.1,27.7,13.3,11,13188,6.2,0,0,6,8.1,3,M,no,ligero
PAC012912,18,73.4,152,31.8,96,90,116,58,76,100,4.0,194,46,72,125,0.77,109,4.6,24.3,12.3,8,9094,7.8,22,13,0,10.8,8,F,no,sedentario
PAC012913,33,74.4,168,26.4,91,95,114,78,55,92,5.8,197,69,84,224,1.35,102,2.1,31.4,13.0,8,17329,8.3,10,0,7,3.7,5,F,si,ligero
PAC012914,82,101.6,185,29.7,116,76,120,81,88,149,7.0,239,34,148,275,1.46,75,9.1,33.1,13.8,4,6308,8.0,8,6,4,13.0,10,F,si,sedentario
PAC012915,18,69.8,173,23.3,88,102,127,68,89,100,4.8,196,52,167,40,0.82,123,3.5,16.1,12.5,4,12195,7.3,24,18,0,7.9,7,F,si,ligero
PAC012916,55,98.2,153,41.9,116,81,176,91,71,116,6.0,269,61,146,183,0.4,71,2.3,25.7,16.0,6,10959,6.3,5,7,3,9.8,6,M,no,ligero
PAC012917,53,90.3,186,26.1,112,101,122,69,95,152,9.0,233,27,171,249,1.22,103,5.1,31.7,13.7,0,3844,9.5,26,14,2,10.6,5,M,si,activo
PAC012918,23,60.4,171,20.7,102,88,108,72,55,90,4.9,167,57,67,102,0.98,101,0.1,36.0,14.8,10,7843,6.8,3,11,4,3.0,1,M,no,ligero
PAC012919,34,55.0,155,22.9,83,88,143,67,88,102,4.7,211,47,110,139,0.97,100,0.3,19.1,13.8,2,7217,8.2,10,22,0,13.1,8,F,si,sedentario
PAC012920,32,57.7,154,24.3,93,88,135,75,91,83,4.9,183,63,92,49,1.02,98,5.1,50.5,11.4,3,10152,8.9,9,30,5,11.4,10,F,si,activo
PAC012921,90,98.8,198,25.2,110,114,128,90,82,123,6.7,261,32,156,196,0.74,85,5.3,35.0,17.6,2,4704,8.7,11,3,1,13.0,8,M,si,sedentario
PAC012922,71,71.0,152,30.7,90,123,150,95,48,126,5.9,287,37,128,159,0.86,85,1.7,30.3,15.0,3,500,6.3,22,2,3,10.7,10,M,si,ligero
PAC012923,42,102.1,194,27.1,117,121,154,95,74,141,5.8,300,26,175,178,1.59,73,4.3,50.8,16.6,0,3093,10.5,23,9,4,10.2,8,F,si,ligero
PAC012924,58,83.7,140,42.7,107,107,140,110,82,105,7.3,254,52,147,193,0.49,100,4.3,17.6,17.2,0,3913,8.1,4,0,3,15.6,10,M,no,activo
PAC012925,31,57.7,162,22.0,101,107,119,62,66,84,5.9,155,55,73,101,1.04,98,0.8,19.1,16.2,8,9280,8.2,0,8,5,4.3,2,M,no,sedentario
PAC012926,67,101.8,205,24.2,120,106,151,77,86,127,5.6,214,25,141,220,1.14,67,8.6,46.0,13.9,1,6672,9.9,16,1,1,7.0,4,M,si,activo
PAC012927,40,72.4,165,26.6,102,98,144,110,83,88,6.2,235,52,178,64,0.46,66,5.6,34.4,15.8,0,9749,5.8,11,3,2,11.2,6,F,si,sedentario
PAC012928,65,93.1,186,26.9,104,111,125,96,71,154,7.0,229,48,89,222,1.32,56,5.1,32.2,13.4,0,7058,9.4,26,11,2,8.0,10,M,no,activo
PAC012929,31,60.6,173,20.2,73,95,122,80,57,85,4.1,153,56,106,114,1.34,110,2.9,32.6,12.7,10,10747,9.5,6,4,6,7.4,4,M,no,ligero
PAC012930,64,96.8,192,26.3,114,103,116,80,84,132,8.6,231,26,145,245,1.16,91,2.7,30.7,15.6,0,500,9.4,10,4,3,6.8,6,M,no,sedentario
PAC012931,85,104.6,204,25.1,116,105,158,90,63,113,6.9,234,25,158,238,1.08,52,9.8,32.0,17.1,1,500,10.2,6,0,0,12.7,6,F,si,sedentario
PAC012932,72,85.7,193,23.0,118,106,130,98,75,123,6.8,282,25,202,231,1.16,53,4.2,53.8,14.5,0,4609,8.4,4,0,0,10.1,6,F,si,sedentario
PAC012933,51,83.2,178,26.3,107,98,133,90,78,119,6.0,185,48,158,251,1.29,100,4.8,44.5,13.1,0,3285,9.4,12,0,2,13.7,4,M,si,ligero
PAC012934,90,92.7,140,47.3,101,87,154,93,95,102,5.9,209,43,153,221,0.5,76,3.1,41.2,15.6,2,500,5.9,9,0,3,11.9,4,M,si,sedentario
PAC012935,18,54.3,151,23.8,87,96,118,55,58,115,4.9,180,56,134,194,1.47,109,0.1,28.1,14.3,11,13765,7.4,0,0,4,8.1,4,M,no,activo
PAC012936,73,86.8,205,20.7,135,114,139,78,89,152,7.3,254,25,215,358,1.18,87,7.7,52.1,13.6,0,500,7.4,9,5,1,13.3,9,F,si,sedentario
PAC012937,63,77.6,144,37.4,107,117,163,84,78,82,6.5,225,51,118,173,0.61,86,2.7,39.0,15.4,0,4099,4.8,13,7,3,13.6,8,M,si,sedentario
PAC012938,34,40.0,160,15.6,84,96,129,61,82,112,5.0,244,70,120,130,1.29,128,1.0,29.3,14.8,9,15361,8.8,0,0,7,10.0,2,F,no,sedentario
PAC012939,84,85.9,154,36.2,113,98,177,102,66,98,5.6,190,39,162,289,0.52,68,1.6,33.8,17.3,3,5301,4.3,1,0,1,14.0,4,M,no,sedentario
PAC012940,18,54.2,156,22.3,78,75,115,62,90,85,5.2,178,54,123,69,0.86,97,0.1,24.1,13.5,8,10317,7.9,25,17,6,11.9,8,F,si,sedentario
PAC012941,28,67.5,179,21.1,82,101,120,72,78,84,7.5,166,67,131,40,1.07,88,4.5,29.4,16.7,13,13585,9.1,1,8,0,4.9,3,F,no,sedentario
PAC012942,55,75.9,158,30.4,60,98,120,79,71,84,4.0,175,69,122,40,1.39,93,2.3,23.4,15.8,3,15887,7.7,3,8,6,2.0,5,M,no,activo
PAC012943,40,71.1,163,26.8,80,101,124,71,63,71,5.9,139,58,123,111,1.26,109,0.4,34.9,15.9,10,10313,9.3,24,14,9,10.0,7,F,no,sedentario
PAC012944,38,53.3,166,19.3,83,108,130,69,56,105,6.2,141,83,100,76,0.99,102,2.5,47.9,15.5,8,14223,7.4,1,0,4,9.6,2,F,no,activo
PAC012945,24,47.9,140,24.4,87,90,110,73,83,105,5.3,111,42,85,92,0.86,89,1.1,14.9,10.0,6,14919,8.4,24,25,1,5.3,6,M,no,ligero
PAC012946,18,85.2,181,26.0,85,82,118,68,51,119,4.4,173,56,97,111,1.07,112,2.9,25.3,18.4,13,15731,8.4,0,9,8,10.1,3,M,no,activo
PAC012947,25,72.7,156,29.9,97,86,149,86,73,93,4.5,212,50,121,96,1.07,94,0.1,16.1,9.4,9,7109,7.5,13,15,3,10.7,2,M,no,sedentario
PAC012948,70,73.3,193,19.7,137,114,133,91,82,105,7.9,205,43,192,300,1.14,69,5.3,43.2,14.3,0,1010,8.0,1,3,3,7.5,10,F,si,sedentario
PAC012949,26,75.8,168,26.9,62,103,125,55,59,82,6.1,152,79,74,116,1.27,87,2.2,41.4,15.7,7,12130,8.5,0,5,7,4.9,0,F,si,ligero
PAC012950,89,100.4,201,24.9,103,97,108,92,87,140,7.5,243,31,149,277,1.4,82,5.0,35.1,14.9,0,2238,6.0,19,14,2,8.2,6,F,si,sedentario
PAC012951,18,73.8,166,26.8,102,78,97,69,78,88,4.8,156,55,147,85,0.94,75,3.4,46.1,11.9,8,4832,8.6,27,30,4,5.8,7,M,no,ligero
PAC012952,18,52.2,157,21.2,94,84,99,61,78,76,5.9,168,60,109,40,1.04,89,2.9,39.8,14.2,6,9509,6.2,0,4,3,9.0,3,M,no,ligero
PAC012953,60,83.8,145,39.9,106,82,113,93,86,127,6.2,203,43,144,212,0.51,46,6.2,36.1,16.6,0,5091,4.5,12,1,2,11.9,4,M,no,sedentario
PAC012954,66,63.1,202,15.5,112,98,151,89,94,108,7.8,257,67,173,251,1.12,68,5.6,37.1,15.6,0,1967,9.5,15,8,3,7.8,5,F,si,ligero
PAC012955,26,70.5,164,26.2,71,100,97,90,71,71,4.9,170,64,98,80,0.91,91,0.1,29.9,14.6,13,12016,7.9,4,0,7,2.0,1,M,si,activo
PAC012956,20,41.2,164,15.3,72,101,100,58,68,107,5.3,192,77,117,139,1.15,82,1.8,23.9,14.0,10,11844,8.2,0,2,5,2.8,4,F,no,activo
PAC012957,73,88.5,188,25.0,100,124,139,82,72,150,7.0,262,26,168,290,1.2,73,9.5,20.0,13.9,0,7886,6.1,0,16,2,11.0,8,M,no,sedentario
PAC012958,18,41.5,154,17.5,81,91,124,70,68,85,5.2,214,67,147,58,1.16,70,0.1,39.6,14.4,9,11669,7.2,1,5,3,5.7,1,M,no,sedentario
PAC012959,46,78.7,180,24.3,60,109,101,70,54,94,5.7,175,53,129,168,1.25,66,0.1,21.4,15.3,9,15007,8.7,4,0,4,7.9,3,M,no,activo
PAC012960,67,87.8,142,43.5,97,113,150,93,66,93,5.3,165,47,154,202,0.57,74,6.6,33.9,12.1,1,11329,5.8,2,0,5,14.7,8,F,no,sedentario
PAC012961,34,48.7,164,18.1,74,108,131,75,92,99,7.0,205,33,94,77,0.9,99,2.5,30.1,11.8,5,4569,9.7,9,39,4,12.7,6,M,si,sedentario
PAC012962,71,74.6,140,38.1,116,105,173,99,81,99,6.6,246,48,127,241,0.74,61,6.4,37.2,15.7,0,2760,5.6,7,0,0,14.6,4,M,no,sedentario
PAC012963,50,78.2,140,39.9,91,94,169,104,93,77,6.7,214,71,163,159,0.4,60,3.7,31.8,14.3,0,5233,5.3,9,9,4,13.6,6,F,si,sedentario
PAC012964,34,62.4,161,24.1,83,102,122,68,82,93,6.1,214,71,136,40,0.96,114,2.3,23.4,11.9,6,8079,7.8,14,16,2,7.8,8,M,no,activo
PAC012965,62,119.0,178,37.6,111,102,144,95,71,131,7.4,311,30,151,257,0.97,92,11.3,38.9,16.6,0,5185,9.9,0,4,2,13.3,10,F,si,activo
PAC012966,45,71.8,146,33.7,73,115,133,74,45,89,4.7,192,63,113,40,0.79,92,0.1,34.8,16.8,8,12086,9.5,0,9,8,8.6,3,F,no,sedentario
PAC012967,54,78.3,200,19.6,95,103,156,93,93,122,6.0,256,43,117,224,1.13,75,9.6,21.9,14.1,0,4463,10.8,14,4,0,10.6,5,M,si,sedentario
PAC012968,66,64.2,145,30.5,115,94,163,78,72,83,5.7,245,43,108,172,0.67,58,7.3,28.8,14.9,0,4613,7.6,0,0,1,9.9,7,F,no,sedentario
PAC012969,45,111.1,205,26.4,122,96,150,84,72,127,7.3,197,36,183,207,1.43,55,4.7,27.7,13.2,0,2472,8.7,7,2,3,9.3,5,F,si,sedentario
PAC012970,47,72.6,165,26.7,78,103,137,58,61,84,5.0,155,87,67,75,0.69,128,0.1,36.9,15.1,9,10734,7.4,0,2,5,2.0,2,M,no,activo
PAC012971,56,101.2,186,29.3,113,118,135,83,65,136,7.0,254,25,196,206,1.29,92,7.3,35.8,15.3,0,4700,9.2,20,9,2,11.7,10,F,si,activo
PAC012972,55,91.5,150,40.7,86,120,149,98,92,104,6.0,252,39,116,201,0.58,53,5.1,56.7,14.5,0,2486,5.7,14,10,5,13.9,7,M,no,sedentario
PAC012973,61,87.3,159,34.5,128,84,167,112,67,92,6.7,231,33,156,208,0.4,64,4.4,32.9,15.9,0,7230,5.1,16,0,4,10.1,8,F,si,activo
PAC012974,18,55.2,169,19.3,70,103,108,83,62,77,5.0,146,89,96,91,0.89,96,2.5,40.1,16.6,9,14164,6.7,0,0,6,10.0,10,M,no,sedentario
PAC012975,26,72.6,154,30.6,100,109,112,59,90,101,4.0,194,45,165,75,0.64,113,5.6,22.7,12.5,5,13914,7.6,32,10,1,5.1,7,M,no,activo
PAC012976,73,96.8,202,23.7,121,97,131,77,81,154,7.3,254,31,127,248,1.27,82,4.3,30.9,15.5,1,5622,10.5,12,5,0,14.6,6,F,no,ligero
PAC012977,62,92.7,140,47.3,112,81,164,100,96,98,4.0,250,33,151,196,0.4,80,3.1,35.9,15.7,0,3478,6.4,10,0,1,4.5,9,F,no,sedentario
PAC012978,21,40.0,166,14.5,74,109,104,66,70,88,4.2,185,69,58,101,1.02,62,0.1,25.9,14.6,8,11585,9.4,0,0,5,7.2,3,F,no,ligero
PAC012979,29,81.2,193,21.8,110,111,156,83,100,114,7.0,212,25,173,234,1.53,72,6.2,37.0,14.0,0,6388,8.8,10,2,3,8.6,7,M,si,sedentario
PAC012980,36,83.1,155,34.6,94,101,175,96,82,130,5.6,245,76,129,171,0.53,65,3.3,20.4,14.7,1,2813,5.4,12,0,3,10.6,8,M,no,sedentario
PAC012981,31,49.6,167,17.8,88,97,151,74,56,60,6.1,164,64,113,104,1.15,108,0.1,22.8,14.3,9,8614,8.2,7,0,5,3.9,3,M,no,sedentario
PAC012982,67,95.6,176,30.9,115,103,139,80,59,109,6.8,208,26,158,323,1.14,88,6.9,41.7,15.0,0,1838,8.0,4,11,0,7.4,9,M,si,ligero
PAC012983,54,50.6,142,25.1,117,100,147,88,74,95,5.6,273,47,78,135,0.95,92,2.7,30.3,16.9,1,8105,6.2,10,0,0,13.6,5,M,si,sedentario
PAC012984,76,82.9,184,24.5,121,96,113,82,78,116,7.2,267,31,149,362,1.03,85,6.9,59.3,17.3,0,1014,7.6,18,0,1,14.8,9,F,si,ligero
PAC012985,26,79.2,168,28.1,68,115,125,71,68,102,4.0,225,43,130,117,1.05,83,0.3,38.3,9.8,2,11865,7.8,22,14,5,7.8,8,M,no,ligero
PAC012986,80,84.6,141,42.6,113,91,148,99,79,113,6.4,287,51,104,217,0.65,96,3.8,29.2,15.2,1,4223,7.2,10,2,1,13.2,7,M,si,activo
PAC012987,59,87.7,205,20.9,121,123,137,81,78,145,7.5,238,34,175,257,1.32,65,8.6,37.7,16.3,0,10744,9.4,3,0,3,12.9,6,M,no,sedentario
PAC012988,70,88.9,194,23.6,118,125,163,93,75,116,7.2,231,35,212,277,0.86,65,4.9,10.3,14.2,0,2471,9.7,4,17,1,12.1,7,M,no,sedentario
PAC012989,29,62.1,159,24.6,82,102,136,78,66,89,4.7,174,75,115,100,1.09,109,0.1,35.4,14.2,8,19886,9.1,3,0,6,8.9,3,M,no,ligero
PAC012990,31,59.4,158,23.8,74,86,100,70,86,91,4.6,202,70,121,140,0.76,78,4.9,18.2,9.9,1,4265,9.2,25,17,1,6.4,6,F,si,sedentario
PAC012991,19,47.2,154,19.9,86,101,99,66,66,101,6.3,200,57,140,159,1.0,130,6.5,17.0,13.1,1,5791,7.0,18,35,1,11.5,10,F,si,sedentario
PAC012992,75,101.3,146,47.5,121,103,177,105,92,96,5.1,206,35,156,273,0.53,68,3.8,22.8,13.2,0,3001,4.3,5,0,5,6.0,10,M,no,sedentario
PAC012993,42,64.7,171,22.1,88,92,95,71,50,94,4.4,189,60,107,40,1.19,109,0.1,49.4,17.7,9,12943,7.9,8,0,5,8.5,1,F,no,ligero
PAC012994,86,104.6,195,27.5,139,82,141,77,80,145,7.7,211,44,140,289,1.09,106,8.3,24.7,15.6,0,500,9.4,19,0,2,18.0,7,F,no,ligero
PAC012995,47,79.0,162,30.1,92,89,119,76,57,65,4.7,198,92,97,72,1.0,106,0.4,38.2,13.2,8,15136,7.0,5,0,4,8.1,3,M,si,ligero
PAC012996,90,75.3,182,22.7,111,102,160,80,90,125,7.5,213,25,126,334,1.32,70,8.1,30.2,16.5,0,4810,8.1,31,12,3,16.7,8,M,si,sedentario
PAC012997,71,94.1,161,36.3,75,95,142,117,76,113,6.3,172,48,146,122,0.67,78,7.6,35.8,13.9,0,1602,5.9,0,10,3,9.9,3,F,si,sedentario
PAC012998,90,96.5,202,23.6,122,100,138,81,73,135,8.4,186,34,186,156,1.18,97,4.3,50.3,15.2,3,4513,6.8,7,16,0,15.1,9,F,no,ligero
PAC012999,30,42.3,159,16.7,97,111,95,74,72,66,5.2,110,50,128,69,0.98,121,0.1,29.7,12.6,7,14714,8.1,7,2,4,10.6,6,M,no,activo
